Register Value,Player Name, Salary in $ ,Season Start,Season End,Team,Full Team Name
1,A.C. Green,1750000.00,1990,1991,LAL,Los Angeles Lakers
354,A.C. Green,1750000.00,1991,1992,LAL,Los Angeles Lakers
727,A.C. Green,1750000.00,1992,1993,LAL,Los Angeles Lakers
1103,A.C. Green,1885000.00,1993,1994,PHO,Phoenix Suns
1497,A.C. Green,6472600.00,1994,1995,PHO,Phoenix Suns
1832,A.C. Green,6473000.00,1995,1996,PHO,Phoenix Suns
2207,A.C. Green,4851000.00,1996,1997,DAL,Dallas Mavericks
2977,A.C. Green,5125088.00,1998,1999,DAL,Dallas Mavericks
3350,A.C. Green,1700000.00,1999,2000,LAL,Los Angeles Lakers
3701,A.C. Green,2250000.00,2000,2001,MIA,Miami Heat
3351,A.J. Bramlett,118974.00,1999,2000,CLE,Cleveland Caveliers
2,A.J. English,275000.00,1990,1991,WAS,Washington Wizards
355,A.J. English,325000.00,1991,1992,WAS,Washington Wizards
728,A.J. English,406000.00,1992,1993,WAS,Washington Wizards
1104,A.J. English,150000.00,1993,1994,CHI,Chicago Bulls
1105,A.J. English,150000.00,1993,1994,POR,Portland Trail Blazers
3702,A.J. Guyton,316969.00,2000,2001,CHI,Chicago Bulls
4118,A.J. Guyton,465850.00,2001,2002,CHI,Chicago Bulls
4577,A.J. Guyton,18748.00,2002,2003,GSW,Golden State Warriors
10717,A.J. Hammons,650000.00,2016,2017,DAL,Dallas Mavericks
11326,A.J. Hammons,1312611.00,2017,2018,MIA,Miami Heat
7486,A.J. Price,457588.00,2009,2010,IND,Indiana Pacers
7944,A.J. Price,762195.00,2010,2011,IND,Indiana Pacers
8348,A.J. Price,854389.00,2011,2012,IND,Indiana Pacers
8801,A.J. Price,885120.00,2012,2013,WAS,Washington Wizards
9627,A.J. Price,62552.00,2014,2015,PHO,Phoenix Suns
3,A.J. Wynder,30000.00,1990,1991,BOS,Boston Celtic
356,A.J. Wynder,130000.00,1991,1992,BOS,Boston Celtic
729,A.J. Wynder,140000.00,1992,1993,BOS,Boston Celtic
7064,Aaron Brooks,1045560.00,2008,2009,HOU,Houston Rockets
7487,Aaron Brooks,1118520.00,2009,2010,HOU,Houston Rockets
8802,Aaron Brooks,3250000.00,2012,2013,SAC,Sacramento Kings
9230,Aaron Brooks,3396250.00,2013,2014,SAC,Sacramento Kings
9231,Aaron Brooks,1027424.00,2013,2014,HOU,Houston Rockets
10154,Aaron Brooks,2000000.00,2015,2016,CHI,Chicago Bulls
10718,Aaron Brooks,2700000.00,2016,2017,IND,Indiana Pacers
11327,Aaron Brooks,2116955.00,2017,2018,MIN,Minnesota Timberwolves
9628,Aaron Craft,35000.00,2014,2015,GSW,Golden State Warriors
9629,Aaron Gordon,3992040.00,2014,2015,ORL,Orlando Magic
10155,Aaron Gordon,4171680.00,2015,2016,ORL,Orlando Magic
10719,Aaron Gordon,4351320.00,2016,2017,ORL,Orlando Magic
11328,Aaron Gordon,5504420.00,2017,2018,ORL,Orlando Magic
6659,Aaron Gray,427163.00,2007,2008,CHI,Chicago Bulls
7065,Aaron Gray,711517.00,2008,2009,CHI,Chicago Bulls
7488,Aaron Gray,1000497.00,2009,2010,NOH,New Orleans Pelicans
7945,Aaron Gray,1028840.00,2010,2011,NOH,New Orleans Pelicans
8349,Aaron Gray,2500000.00,2011,2012,TOR,Toronto Raptors 
8803,Aaron Gray,2575000.00,2012,2013,TOR,Toronto Raptors 
9232,Aaron Gray,2690875.00,2013,2014,TOR,Toronto Raptors 
9630,Aaron Gray,1227985.00,2014,2015,DET,Detroit Pistons
10156,Aaron Gray,452059.00,2015,2016,DET,Detroit Pistons
10720,Aaron Gray,452059.00,2016,2017,DET,Detroit Pistons
11329,Aaron Gray,452059.00,2017,2018,DET,Detroit Pistons
10157,Aaron Harrison,525093.00,2015,2016,CHA,Charlotte Hornets
10721,Aaron Harrison,375579.00,2016,2017,CHA,Charlotte Hornets
1498,Aaron McKie,650000.00,1994,1995,POR,Portland Trail Blazers
1833,Aaron McKie,845000.00,1995,1996,POR,Portland Trail Blazers
2208,Aaron McKie,1040000.00,1996,1997,POR,Portland Trail Blazers
2593,Aaron McKie,1235000.00,1997,1998,DET,Detroit Pistons
2978,Aaron McKie,1430000.00,1998,1999,PHI,Philadelphia 76ers
3352,Aaron McKie,1624000.00,1999,2000,PHI,Philadelphia 76ers
4119,Aaron McKie,4000000.00,2001,2002,PHI,Philadelphia 76ers
5420,Aaron McKie,5500000.00,2004,2005,PHI,Philadelphia 76ers
5836,Aaron McKie,6000000.00,2005,2006,PHI,Philadelphia 76ers
5837,Aaron McKie,2500000.00,2005,2006,LAL,Los Angeles Lakers
6284,Aaron McKie,5570874.00,2006,2007,PHI,Philadelphia 76ers
6285,Aaron McKie,2500000.00,2006,2007,LAL,Los Angeles Lakers
6660,Aaron McKie,750000.00,2007,2008,MEM,Memphis Grizzlies
5838,Aaron Miles,155614.00,2005,2006,GSW,Golden State Warriors
1499,Aaron Swinson,102424.00,1994,1995,PHO,Phoenix Suns
1500,Aaron Williams,150000.00,1994,1995,MIL,Milwaukee Bucks
2209,Aaron Williams,169000.00,1996,1997,DEN,Denver Nuggets
2594,Aaron Williams,500000.00,1997,1998,OKC,Oklahoma City Thunder
2979,Aaron Williams,575000.00,1998,1999,OKC,Oklahoma City Thunder
3353,Aaron Williams,1100000.00,1999,2000,WAS,Washington Wizards
3703,Aaron Williams,2250000.00,2000,2001,NJN,Brooklyn Nets
4120,Aaron Williams,2475000.00,2001,2002,NJN,Brooklyn Nets
4578,Aaron Williams,2700000.00,2002,2003,NJN,Brooklyn Nets
5007,Aaron Williams,2925000.00,2003,2004,NJN,Brooklyn Nets
5421,Aaron Williams,3790257.00,2004,2005,TOR,Toronto Raptors 
5839,Aaron Williams,3375000.00,2005,2006,TOR,Toronto Raptors 
6286,Aaron Williams,1750000.00,2006,2007,LAC,Los Angeles Clippers
6661,Aaron Williams,1890000.00,2007,2008,LAC,Los Angeles Clippers
11330,Abdel Nader,1167333.00,2017,2018,BOS,Boston Celtic
1106,Acie Earl,650000.00,1993,1994,BOS,Boston Celtic
1501,Acie Earl,845000.00,1994,1995,BOS,Boston Celtic
1834,Acie Earl,1040000.00,1995,1996,TOR,Toronto Raptors 
2210,Acie Earl,1235000.00,1996,1997,TOR,Toronto Raptors 
2595,Acie Earl,1430000.00,1997,1998,MIL,Milwaukee Bucks
6662,Acie Law,1927080.00,2007,2008,ATL,Atlanta Hawks
7066,Acie Law,2071680.00,2008,2009,ATL,Atlanta Hawks
7489,Acie Law,2216160.00,2009,2010,CHI,Chicago Bulls
7946,Acie Law,656030.00,2010,2011,GSW,Golden State Warriors
7947,Acie Law,203057.00,2010,2011,MEM,Memphis Grizzlies
4579,Adam Harrington,140636.00,2002,2003,DAL,Dallas Mavericks
730,Adam Keefe,1000000.00,1992,1993,ATL,Atlanta Hawks
1107,Adam Keefe,1200000.00,1993,1994,ATL,Atlanta Hawks
1502,Adam Keefe,1500000.00,1994,1995,UTA,Utah Jazz
1835,Adam Keefe,1650000.00,1995,1996,UTA,Utah Jazz
2211,Adam Keefe,1950000.00,1996,1997,UTA,Utah Jazz
2596,Adam Keefe,2300000.00,1997,1998,UTA,Utah Jazz
2980,Adam Keefe,2650000.00,1998,1999,UTA,Utah Jazz
3704,Adam Keefe,3390000.00,2000,2001,GSW,Golden State Warriors
7067,Adam Morrison,4159200.00,2008,2009,LAL,Los Angeles Lakers
7490,Adam Morrison,5257229.00,2009,2010,LAL,Los Angeles Lakers
2597,Adonal Foyle,1495000.00,1997,1998,GSW,Golden State Warriors
2981,Adonal Foyle,1701000.00,1998,1999,GSW,Golden State Warriors
3354,Adonal Foyle,1922520.00,1999,2000,GSW,Golden State Warriors
3705,Adonal Foyle,3580000.00,2000,2001,GSW,Golden State Warriors
4121,Adonal Foyle,4400000.00,2001,2002,GSW,Golden State Warriors
4580,Adonal Foyle,4400000.00,2002,2003,GSW,Golden State Warriors
5008,Adonal Foyle,4400000.00,2003,2004,GSW,Golden State Warriors
5422,Adonal Foyle,6500000.00,2004,2005,GSW,Golden State Warriors
5840,Adonal Foyle,7312500.00,2005,2006,GSW,Golden State Warriors
6287,Adonal Foyle,8125000.00,2006,2007,GSW,Golden State Warriors
6663,Adonal Foyle,8937500.00,2007,2008,GSW,Golden State Warriors
6664,Adonal Foyle,1219590.00,2007,2008,ORL,Orlando Magic
7068,Adonal Foyle,1262275.00,2008,2009,MEM,Memphis Grizzlies
7491,Adonal Foyle,1306455.00,2009,2010,ORL,Orlando Magic
2982,Adonis Jordan,350000.00,1998,1999,MIL,Milwaukee Bucks
10158,Adonis Thomas,60000.00,2015,2016,DET,Detroit Pistons
9631,Adreian Payne,1855320.00,2014,2015,MIN,Minnesota Timberwolves
10159,Adreian Payne,1938840.00,2015,2016,MIN,Minnesota Timberwolves
10722,Adreian Payne,2022240.00,2016,2017,MIN,Minnesota Timberwolves
4,Adrian Caldwell,275000.00,1990,1991,HOU,Houston Rockets
1503,Adrian Caldwell,150000.00,1994,1995,HOU,Houston Rockets
1836,Adrian Caldwell,225000.00,1995,1996,IND,Indiana Pacers
2598,Adrian Caldwell,20000.00,1997,1998,CLE,Cleveland Caveliers
5,Adrian Dantley,400000.00,1990,1991,MIL,Milwaukee Bucks
3355,Adrian Griffin,385000.00,1999,2000,BOS,Boston Celtic
3706,Adrian Griffin,498500.00,2000,2001,BOS,Boston Celtic
4122,Adrian Griffin,565850.00,2001,2002,DAL,Dallas Mavericks
4581,Adrian Griffin,637435.00,2002,2003,DAL,Dallas Mavericks
5009,Adrian Griffin,751179.00,2003,2004,HOU,Houston Rockets
5841,Adrian Griffin,768718.00,2005,2006,DAL,Dallas Mavericks
6288,Adrian Griffin,1475000.00,2006,2007,CHI,Chicago Bulls
6665,Adrian Griffin,1593000.00,2007,2008,OKC,Oklahoma City Thunder
7069,Adrian Griffin,1711000.00,2008,2009,MIL,Milwaukee Bucks
9632,Akil Mitchell,150000.00,2014,2015,HOU,Houston Rockets
3707,Al Harrington,797880.00,2000,2001,IND,Indiana Pacers
4123,Al Harrington,1436982.00,2001,2002,IND,Indiana Pacers
4582,Al Harrington,5060000.00,2002,2003,IND,Indiana Pacers
5010,Al Harrington,5692500.00,2003,2004,IND,Indiana Pacers
5423,Al Harrington,6325000.00,2004,2005,ATL,Atlanta Hawks
5842,Al Harrington,6957500.00,2005,2006,ATL,Atlanta Hawks
6289,Al Harrington,7625000.00,2006,2007,GSW,Golden State Warriors
6666,Al Harrington,8425625.00,2007,2008,GSW,Golden State Warriors
7070,Al Harrington,9226250.00,2008,2009,NYK,New York Knicks
7492,Al Harrington,10026875.00,2009,2010,NYK,New York Knicks
7948,Al Harrington,5765000.00,2010,2011,DEN,Denver Nuggets
8350,Al Harrington,6226200.00,2011,2012,DEN,Denver Nuggets
8804,Al Harrington,6687400.00,2012,2013,ORL,Orlando Magic
9233,Al Harrington,3574300.00,2013,2014,ORL,Orlando Magic
9234,Al Harrington,1399507.00,2013,2014,WAS,Washington Wizards
9633,Al Harrington,3805000.00,2014,2015,ORL,Orlando Magic
6667,Al Horford,3745800.00,2007,2008,ATL,Atlanta Hawks
7071,Al Horford,4026720.00,2008,2009,ATL,Atlanta Hawks
7493,Al Horford,4307640.00,2009,2010,ATL,Atlanta Hawks
7949,Al Horford,5444857.00,2010,2011,ATL,Atlanta Hawks
8351,Al Horford,12000000.00,2011,2012,ATL,Atlanta Hawks
8805,Al Horford,12000000.00,2012,2013,ATL,Atlanta Hawks
9235,Al Horford,12000000.00,2013,2014,ATL,Atlanta Hawks
9634,Al Horford,12000000.00,2014,2015,ATL,Atlanta Hawks
10160,Al Horford,12000000.00,2015,2016,ATL,Atlanta Hawks
10723,Al Horford,26540100.00,2016,2017,BOS,Boston Celtic
11331,Al Horford,27734405.00,2017,2018,BOS,Boston Celtic
5424,Al Jefferson,1407240.00,2004,2005,BOS,Boston Celtic
5843,Al Jefferson,1512840.00,2005,2006,BOS,Boston Celtic
6668,Al Jefferson,2480885.00,2007,2008,MIN,Minnesota Timberwolves
7072,Al Jefferson,11000000.00,2008,2009,MIN,Minnesota Timberwolves
7494,Al Jefferson,12000000.00,2009,2010,MIN,Minnesota Timberwolves
7950,Al Jefferson,13000000.00,2010,2011,UTA,Utah Jazz
8352,Al Jefferson,14000000.00,2011,2012,UTA,Utah Jazz
8806,Al Jefferson,15000000.00,2012,2013,UTA,Utah Jazz
10161,Al Jefferson,13833333.00,2015,2016,CHA,Charlotte Hornets
10724,Al Jefferson,10230179.00,2016,2017,IND,Indiana Pacers
11332,Al Jefferson,9769821.00,2017,2018,IND,Indiana Pacers
6669,Al Thornton,1652280.00,2007,2008,LAC,Los Angeles Clippers
7073,Al Thornton,1776240.00,2008,2009,LAC,Los Angeles Clippers
7495,Al Thornton,1900200.00,2009,2010,WAS,Washington Wizards
7951,Al Thornton,2814196.00,2010,2011,WAS,Washington Wizards
6,Alaa Abdelnaby,395000.00,1990,1991,POR,Portland Trail Blazers
357,Alaa Abdelnaby,494000.00,1991,1992,POR,Portland Trail Blazers
731,Alaa Abdelnaby,500000.00,1992,1993,BOS,Boston Celtic
1108,Alaa Abdelnaby,805000.00,1993,1994,BOS,Boston Celtic
1504,Alaa Abdelnaby,650000.00,1994,1995,SAC,Sacramento Kings
8807,Alan Anderson,885120.00,2012,2013,TOR,Toronto Raptors 
9236,Alan Anderson,947907.00,2013,2014,NJN,Brooklyn Nets
9635,Alan Anderson,1276061.00,2014,2015,NJN,Brooklyn Nets
10162,Alan Anderson,4000000.00,2015,2016,WAS,Washington Wizards
10725,Alan Anderson,1315448.00,2016,2017,LAC,Los Angeles Clippers
1837,Alan Henderson,791000.00,1995,1996,ATL,Atlanta Hawks
2212,Alan Henderson,910000.00,1996,1997,ATL,Atlanta Hawks
2599,Alan Henderson,1028400.00,1997,1998,ATL,Atlanta Hawks
2983,Alan Henderson,4725000.00,1998,1999,ATL,Atlanta Hawks
3356,Alan Henderson,5318437.00,1999,2000,ATL,Atlanta Hawks
3708,Alan Henderson,5910000.00,2000,2001,ATL,Atlanta Hawks
4124,Alan Henderson,6500312.00,2001,2002,ATL,Atlanta Hawks
4583,Alan Henderson,7091250.00,2002,2003,ATL,Atlanta Hawks
5011,Alan Henderson,7682188.00,2003,2004,ATL,Atlanta Hawks
5425,Alan Henderson,8273125.00,2004,2005,DAL,Dallas Mavericks
5844,Alan Henderson,1138500.00,2005,2006,CLE,Cleveland Caveliers
7,Alan Ogg,130000.00,1990,1991,MIA,Miami Heat
358,Alan Ogg,202000.00,1991,1992,MIA,Miami Heat
10163,Alan Williams,114285.00,2015,2016,PHO,Phoenix Suns
10726,Alan Williams,874636.00,2016,2017,PHO,Phoenix Suns
11333,Alan Williams,6000000.00,2017,2018,PHO,Phoenix Suns
6670,Alando Tucker,931920.00,2007,2008,PHO,Phoenix Suns
7074,Alando Tucker,1001880.00,2008,2009,PHO,Phoenix Suns
7496,Alando Tucker,1071720.00,2009,2010,MIN,Minnesota Timberwolves
8353,Alec Burks,2020200.00,2011,2012,UTA,Utah Jazz
8808,Alec Burks,2171640.00,2012,2013,UTA,Utah Jazz
9237,Alec Burks,2202000.00,2013,2014,UTA,Utah Jazz
9636,Alec Burks,3034356.00,2014,2015,UTA,Utah Jazz
10164,Alec Burks,9213484.00,2015,2016,UTA,Utah Jazz
10727,Alec Burks,10154495.00,2016,2017,UTA,Utah Jazz
11334,Alec Burks,10845506.00,2017,2018,UTA,Utah Jazz
8,Alec Kessler,1600000.00,1990,1991,MIA,Miami Heat
359,Alec Kessler,1122000.00,1991,1992,MIA,Miami Heat
732,Alec Kessler,762000.00,1992,1993,MIA,Miami Heat
1109,Alec Kessler,922000.00,1993,1994,MIA,Miami Heat
1505,Alec Kessler,1402000.00,1994,1995,MIA,Miami Heat
3357,Aleksandar Radojevic,1325760.00,1999,2000,TOR,Toronto Raptors 
3709,Aleksandar Radojevic,1425120.00,2000,2001,TOR,Toronto Raptors 
4125,Aleksandar Radojevic,1524600.00,2001,2002,MIL,Milwaukee Bucks
5426,Aleksandar Radojevic,720046.00,2004,2005,UTA,Utah Jazz
10728,Alex Abrines,5994764.00,2016,2017,OKC,Oklahoma City Thunder
11335,Alex Abrines,5725000.00,2017,2018,OKC,Oklahoma City Thunder
5845,Alex Acker,398762.00,2005,2006,DET,Detroit Pistons
6290,Alex Acker,839209.00,2006,2007,DET,Detroit Pistons
7075,Alex Acker,711517.00,2008,2009,LAC,Los Angeles Clippers
733,Alex Blackwell,140000.00,1992,1993,LAL,Los Angeles Lakers
10729,Alex Caruso,50000.00,2016,2017,OKC,Oklahoma City Thunder
9,Alex English,1500000.00,1990,1991,DAL,Dallas Mavericks
360,Alex English,500000.00,1991,1992,DAL,Dallas Mavericks
5012,Alex Garcia,366931.00,2003,2004,SAS,San Antonio Spurs
5427,Alex Garcia,620046.00,2004,2005,NOH,New Orleans Pelicans
9637,Alex Kirk,65000.00,2014,2015,NYK,New York Knicks
9238,Alex Len,3492720.00,2013,2014,PHO,Phoenix Suns
9638,Alex Len,3649920.00,2014,2015,PHO,Phoenix Suns
10165,Alex Len,3807120.00,2015,2016,PHO,Phoenix Suns
10730,Alex Len,4823621.00,2016,2017,PHO,Phoenix Suns
11336,Alex Len,4187599.00,2017,2018,PHO,Phoenix Suns
10731,Alex Poythress,38903.00,2016,2017,PHI,Philadelphia 76ers
10732,Alex Poythress,35381.00,2016,2017,IND,Indiana Pacers
10166,Alex Stepheson,61776.00,2015,2016,LAC,Los Angeles Clippers
10167,Alex Stepheson,30888.00,2015,2016,MEM,Memphis Grizzlies
734,Alex Stivrins,140000.00,1992,1993,PHO,Phoenix Suns
6291,Alexander Johnson,412718.00,2006,2007,MEM,Memphis Grizzlies
6671,Alexander Johnson,687456.00,2007,2008,MIA,Miami Heat
10,Alexander Volkov,650000.00,1990,1991,ATL,Atlanta Hawks
361,Alexander Volkov,675000.00,1991,1992,ATL,Atlanta Hawks
8809,Alexey Shved,2934610.00,2012,2013,MIN,Minnesota Timberwolves
9239,Alexey Shved,3150000.00,2013,2014,MIN,Minnesota Timberwolves
9639,Alexey Shved,3282056.00,2014,2015,NYK,New York Knicks
7952,Alexis Ajinca,1467840.00,2010,2011,TOR,Toronto Raptors 
9640,Alexis Ajinca,981084.00,2014,2015,NOH,New Orleans Pelicans
10168,Alexis Ajinca,4300000.00,2015,2016,NOH,New Orleans Pelicans
10733,Alexis Ajinca,4600000.00,2016,2017,NOH,New Orleans Pelicans
11337,Alexis Ajinca,4961798.00,2017,2018,NOH,New Orleans Pelicans
7953,Al-Farouq Aminu,2563320.00,2010,2011,LAC,Los Angeles Clippers
8354,Al-Farouq Aminu,2755560.00,2011,2012,NOH,New Orleans Pelicans
8810,Al-Farouq Aminu,2947800.00,2012,2013,NOH,New Orleans Pelicans
9240,Al-Farouq Aminu,3700000.00,2013,2014,NOH,New Orleans Pelicans
9641,Al-Farouq Aminu,981084.00,2014,2015,DAL,Dallas Mavericks
10169,Al-Farouq Aminu,7500000.00,2015,2016,POR,Portland Trail Blazers
10734,Al-Farouq Aminu,7680965.00,2016,2017,POR,Portland Trail Blazers
11338,Al-Farouq Aminu,7319035.00,2017,2018,POR,Portland Trail Blazers
11339,Alfonzo McKinnie,815615.00,2017,2018,TOR,Toronto Raptors 
1110,Allan Houston,736000.00,1993,1994,DET,Detroit Pistons
1506,Allan Houston,956000.00,1994,1995,DET,Detroit Pistons
2213,Allan Houston,5000000.00,1996,1997,NYK,New York Knicks
2600,Allan Houston,6000000.00,1997,1998,NYK,New York Knicks
2984,Allan Houston,7000000.00,1998,1999,NYK,New York Knicks
4126,Allan Houston,12750000.00,2001,2002,NYK,New York Knicks
4584,Allan Houston,14343750.00,2002,2003,NYK,New York Knicks
5013,Allan Houston,15937500.00,2003,2004,NYK,New York Knicks
5428,Allan Houston,17531250.00,2004,2005,NYK,New York Knicks
5846,Allan Houston,19125000.00,2005,2006,NYK,New York Knicks
9642,Allen Crabbe,862000.00,2014,2015,POR,Portland Trail Blazers
10170,Allen Crabbe,947276.00,2015,2016,POR,Portland Trail Blazers
10735,Allen Crabbe,18500000.00,2016,2017,POR,Portland Trail Blazers
11340,Allen Crabbe,19332500.00,2017,2018,NJN,Brooklyn Nets
2214,Allen Iverson,2267000.00,1996,1997,PHI,Philadelphia 76ers
2601,Allen Iverson,3128640.00,1997,1998,PHI,Philadelphia 76ers
2985,Allen Iverson,3537000.00,1998,1999,PHI,Philadelphia 76ers
3358,Allen Iverson,9000000.00,1999,2000,PHI,Philadelphia 76ers
4127,Allen Iverson,11250000.00,2001,2002,PHI,Philadelphia 76ers
5429,Allen Iverson,14625000.00,2004,2005,PHI,Philadelphia 76ers
5847,Allen Iverson,16453125.00,2005,2006,PHI,Philadelphia 76ers
6672,Allen Iverson,19012500.00,2007,2008,DEN,Denver Nuggets
7076,Allen Iverson,20840625.00,2008,2009,DET,Detroit Pistons
7497,Allen Iverson,1029794.00,2009,2010,PHI,Philadelphia 76ers
7498,Allen Iverson,161386.00,2009,2010,MEM,Memphis Grizzlies
7954,Alonzo Gee,479735.00,2010,2011,CLE,Cleveland Caveliers
7955,Alonzo Gee,125538.00,2010,2011,WAS,Washington Wizards
7956,Alonzo Gee,76219.00,2010,2011,SAS,San Antonio Spurs
8355,Alonzo Gee,854389.00,2011,2012,CLE,Cleveland Caveliers
8811,Alonzo Gee,3500000.00,2012,2013,CLE,Cleveland Caveliers
9241,Alonzo Gee,3250000.00,2013,2014,CLE,Cleveland Caveliers
9643,Alonzo Gee,1063384.00,2014,2015,POR,Portland Trail Blazers
10171,Alonzo Gee,1375000.00,2015,2016,NOH,New Orleans Pelicans
10736,Alonzo Gee,1400000.00,2016,2017,NOH,New Orleans Pelicans
10737,Alonzo Gee,495227.00,2016,2017,DEN,Denver Nuggets
735,Alonzo Mourning,2400000.00,1992,1993,CHA,Charlotte Hornets
1111,Alonzo Mourning,3120000.00,1993,1994,CHA,Charlotte Hornets
1507,Alonzo Mourning,3840000.00,1994,1995,CHA,Charlotte Hornets
1838,Alonzo Mourning,4560000.00,1995,1996,MIA,Miami Heat
2215,Alonzo Mourning,9380000.00,1996,1997,MIA,Miami Heat
2986,Alonzo Mourning,13130000.00,1998,1999,MIA,Miami Heat
3710,Alonzo Mourning,16880000.00,2000,2001,MIA,Miami Heat
4128,Alonzo Mourning,18754800.00,2001,2002,MIA,Miami Heat
4585,Alonzo Mourning,20629800.00,2002,2003,MIA,Miami Heat
5014,Alonzo Mourning,4917000.00,2003,2004,NJN,Brooklyn Nets
5430,Alonzo Mourning,5408700.00,2004,2005,TOR,Toronto Raptors 
5848,Alonzo Mourning,4000000.00,2005,2006,TOR,Toronto Raptors 
5849,Alonzo Mourning,1138500.00,2005,2006,MIA,Miami Heat
6292,Alonzo Mourning,4225433.00,2006,2007,TOR,Toronto Raptors 
6673,Alonzo Mourning,2762500.00,2007,2008,MIA,Miami Heat
4129,Alton Ford,332817.00,2001,2002,PHO,Phoenix Suns
4586,Alton Ford,512435.00,2002,2003,PHO,Phoenix Suns
5015,Alton Ford,586082.00,2003,2004,HOU,Houston Rockets
11,Alton Lister,1700000.00,1990,1991,GSW,Golden State Warriors
362,Alton Lister,1333000.00,1991,1992,GSW,Golden State Warriors
736,Alton Lister,1283000.00,1992,1993,GSW,Golden State Warriors
1508,Alton Lister,150000.00,1994,1995,MIL,Milwaukee Bucks
1839,Alton Lister,300000.00,1995,1996,BOS,Boston Celtic
2216,Alton Lister,500000.00,1996,1997,BOS,Boston Celtic
2602,Alton Lister,272250.00,1997,1998,POR,Portland Trail Blazers
4130,Alvin Jones,332817.00,2001,2002,PHI,Philadelphia 76ers
12,Alvin Robertson,870000.00,1990,1991,MIL,Milwaukee Bucks
363,Alvin Robertson,1033000.00,1991,1992,MIL,Milwaukee Bucks
737,Alvin Robertson,1283000.00,1992,1993,MIL,Milwaukee Bucks
1112,Alvin Robertson,1408000.00,1993,1994,DEN,Denver Nuggets
1840,Alvin Robertson,225000.00,1995,1996,TOR,Toronto Raptors 
2603,Alvin Williams,242000.00,1997,1998,POR,Portland Trail Blazers
3359,Alvin Williams,1925000.00,1999,2000,TOR,Toronto Raptors 
3711,Alvin Williams,2100000.00,2000,2001,TOR,Toronto Raptors 
4131,Alvin Williams,5350000.00,2001,2002,TOR,Toronto Raptors 
4587,Alvin Williams,5350000.00,2002,2003,TOR,Toronto Raptors 
5016,Alvin Williams,5500000.00,2003,2004,TOR,Toronto Raptors 
5431,Alvin Williams,5850000.00,2004,2005,TOR,Toronto Raptors 
5850,Alvin Williams,6300000.00,2005,2006,TOR,Toronto Raptors 
6293,Alvin Williams,4483516.00,2006,2007,TOR,Toronto Raptors 
6294,Alvin Williams,103992.00,2006,2007,LAC,Los Angeles Clippers
6674,Alvin Williams,4516484.00,2007,2008,TOR,Toronto Raptors 
2217,Amal McCaskill,220000.00,1996,1997,ORL,Orlando Magic
2604,Amal McCaskill,20700.00,1997,1998,ORL,Orlando Magic
4132,Amal McCaskill,465850.00,2001,2002,SAS,San Antonio Spurs
4588,Amal McCaskill,699935.00,2002,2003,POR,Portland Trail Blazers
4589,Amal McCaskill,143277.00,2002,2003,ATL,Atlanta Hawks
5432,Amal McCaskill,932546.00,2004,2005,DET,Detroit Pistons
4590,Amar\'e Stoudemire,1767120.00,2002,2003,PHO,Phoenix Suns
5017,Amar\'e Stoudemire,1899720.00,2003,2004,PHO,Phoenix Suns
5433,Amar\'e Stoudemire,2032200.00,2004,2005,PHO,Phoenix Suns
6295,Amar\'e Stoudemire,12455000.00,2006,2007,PHO,Phoenix Suns
6675,Amar\'e Stoudemire,13762775.00,2007,2008,PHO,Phoenix Suns
7077,Amar\'e Stoudemire,15070550.00,2008,2009,PHO,Phoenix Suns
7499,Amar\'e Stoudemire,16378325.00,2009,2010,PHO,Phoenix Suns
7957,Amar\'e Stoudemire,16486611.00,2010,2011,NYK,New York Knicks
8356,Amar\'e Stoudemire,18217705.00,2011,2012,NYK,New York Knicks
8812,Amar\'e Stoudemire,19948799.00,2012,2013,NYK,New York Knicks
9242,Amar\'e Stoudemire,21679893.00,2013,2014,NYK,New York Knicks
9644,Amar\'e Stoudemire,23410988.00,2014,2015,NYK,New York Knicks
9645,Amar\'e Stoudemire,485670.00,2014,2015,DAL,Dallas Mavericks
10172,Amar\'e Stoudemire,1499187.00,2015,2016,MIA,Miami Heat
5851,Amir Johnson,398762.00,2005,2006,DET,Detroit Pistons
6296,Amir Johnson,664209.00,2006,2007,DET,Detroit Pistons
6676,Amir Johnson,3666666.00,2007,2008,DET,Detroit Pistons
7078,Amir Johnson,3666667.00,2008,2009,DET,Detroit Pistons
7500,Amir Johnson,3666666.00,2009,2010,TOR,Toronto Raptors 
7958,Amir Johnson,5000000.00,2010,2011,TOR,Toronto Raptors 
8357,Amir Johnson,5500000.00,2011,2012,TOR,Toronto Raptors 
8813,Amir Johnson,6000000.00,2012,2013,TOR,Toronto Raptors 
9243,Amir Johnson,6500000.00,2013,2014,TOR,Toronto Raptors 
9646,Amir Johnson,7000000.00,2014,2015,TOR,Toronto Raptors 
10173,Amir Johnson,12000000.00,2015,2016,BOS,Boston Celtic
10738,Amir Johnson,12000000.00,2016,2017,BOS,Boston Celtic
11341,Amir Johnson,11000000.00,2017,2018,PHI,Philadelphia 76ers
5434,Anderson Varejao,788000.00,2004,2005,CLE,Cleveland Caveliers
5852,Anderson Varejao,866800.00,2005,2006,CLE,Cleveland Caveliers
6297,Anderson Varejao,945600.00,2006,2007,CLE,Cleveland Caveliers
6677,Anderson Varejao,5356000.00,2007,2008,CLE,Cleveland Caveliers
7079,Anderson Varejao,5784480.00,2008,2009,CLE,Cleveland Caveliers
7501,Anderson Varejao,6300000.00,2009,2010,CLE,Cleveland Caveliers
7959,Anderson Varejao,7281818.00,2010,2011,CLE,Cleveland Caveliers
8358,Anderson Varejao,7700000.00,2011,2012,CLE,Cleveland Caveliers
8814,Anderson Varejao,8368182.00,2012,2013,CLE,Cleveland Caveliers
9244,Anderson Varejao,9036364.00,2013,2014,CLE,Cleveland Caveliers
9647,Anderson Varejao,9704595.00,2014,2015,CLE,Cleveland Caveliers
10174,Anderson Varejao,9638554.00,2015,2016,POR,Portland Trail Blazers
10175,Anderson Varejao,458575.00,2015,2016,GSW,Golden State Warriors
10739,Anderson Varejao,1984005.00,2016,2017,POR,Portland Trail Blazers
10740,Anderson Varejao,1551659.00,2016,2017,GSW,Golden State Warriors
11342,Anderson Varejao,1913345.00,2017,2018,POR,Portland Trail Blazers
2987,Andrae Patterson,287500.00,1998,1999,MIN,Minnesota Timberwolves
3360,Andrae Patterson,385000.00,1999,2000,MIN,Minnesota Timberwolves
3712,Andrae Patterson,498500.00,2000,2001,MIN,Minnesota Timberwolves
5853,Andray Blatche,398762.00,2005,2006,WAS,Washington Wizards
6298,Andray Blatche,664209.00,2006,2007,WAS,Washington Wizards
6678,Andray Blatche,2470000.00,2007,2008,WAS,Washington Wizards
7080,Andray Blatche,2739669.00,2008,2009,WAS,Washington Wizards
7502,Andray Blatche,3000000.00,2009,2010,WAS,Washington Wizards
7960,Andray Blatche,5900000.00,2010,2011,WAS,Washington Wizards
8359,Andray Blatche,6442083.00,2011,2012,WAS,Washington Wizards
8815,Andray Blatche,7118502.00,2012,2013,WAS,Washington Wizards
8816,Andray Blatche,1146337.00,2012,2013,NJN,Brooklyn Nets
9245,Andray Blatche,1375604.00,2013,2014,NJN,Brooklyn Nets
9648,Andray Blatche,8471339.00,2014,2015,WAS,Washington Wizards
5435,Andre Barrett,385277.00,2004,2005,HOU,Houston Rockets
6299,Andre Barrett,744551.00,2006,2007,CHI,Chicago Bulls
6300,Andre Brown,241591.00,2006,2007,OKC,Oklahoma City Thunder
6679,Andre Brown,711517.00,2007,2008,MEM,Memphis Grizzlies
9649,Andre Dawkins,59686.00,2014,2015,BOS,Boston Celtic
9246,Andre Drummond,2462400.00,2013,2014,DET,Detroit Pistons
9650,Andre Drummond,2568360.00,2014,2015,DET,Detroit Pistons
10176,Andre Drummond,3272091.00,2015,2016,DET,Detroit Pistons
10741,Andre Drummond,22116750.00,2016,2017,DET,Detroit Pistons
11343,Andre Drummond,23775506.00,2017,2018,DET,Detroit Pistons
5436,Andre Emmett,385277.00,2004,2005,MEM,Memphis Grizzlies
5854,Andre Emmett,641748.00,2005,2006,MIA,Miami Heat
8360,Andre Emmett,61433.00,2011,2012,NJN,Brooklyn Nets
5437,Andre Iguodala,1914480.00,2004,2005,PHI,Philadelphia 76ers
5855,Andre Iguodala,2058000.00,2005,2006,PHI,Philadelphia 76ers
6301,Andre Iguodala,2201640.00,2006,2007,PHI,Philadelphia 76ers
7081,Andre Iguodala,11300000.00,2008,2009,PHI,Philadelphia 76ers
7503,Andre Iguodala,12200000.00,2009,2010,PHI,Philadelphia 76ers
7961,Andre Iguodala,12345250.00,2010,2011,PHI,Philadelphia 76ers
8361,Andre Iguodala,13531750.00,2011,2012,PHI,Philadelphia 76ers
8817,Andre Iguodala,14968250.00,2012,2013,DEN,Denver Nuggets
9247,Andre Iguodala,12868632.00,2013,2014,GSW,Golden State Warriors
9651,Andre Iguodala,12289544.00,2014,2015,GSW,Golden State Warriors
10177,Andre Iguodala,11710456.00,2015,2016,GSW,Golden State Warriors
10742,Andre Iguodala,11131368.00,2016,2017,GSW,Golden State Warriors
11344,Andre Iguodala,14814815.00,2017,2018,GSW,Golden State Warriors
3361,Andre Miller,1682280.00,1999,2000,CLE,Cleveland Caveliers
3713,Andre Miller,1808400.00,2000,2001,CLE,Cleveland Caveliers
4133,Andre Miller,1934520.00,2001,2002,CLE,Cleveland Caveliers
4591,Andre Miller,2460709.00,2002,2003,LAC,Los Angeles Clippers
5018,Andre Miller,8000000.00,2003,2004,DEN,Denver Nuggets
5856,Andre Miller,8100000.00,2005,2006,DEN,Denver Nuggets
6302,Andre Miller,8733333.00,2006,2007,PHI,Philadelphia 76ers
7082,Andre Miller,10333334.00,2008,2009,PHI,Philadelphia 76ers
7504,Andre Miller,6730800.00,2009,2010,POR,Portland Trail Blazers
7962,Andre Miller,7269264.00,2010,2011,POR,Portland Trail Blazers
8362,Andre Miller,7807728.00,2011,2012,DEN,Denver Nuggets
8818,Andre Miller,5000000.00,2012,2013,DEN,Denver Nuggets
9248,Andre Miller,5000000.00,2013,2014,DEN,Denver Nuggets
9652,Andre Miller,4625000.00,2014,2015,SAC,Sacramento Kings
10178,Andre Miller,1499187.00,2015,2016,MIN,Minnesota Timberwolves
10179,Andre Miller,396844.00,2015,2016,SAS,San Antonio Spurs
5857,Andre Owens,398762.00,2005,2006,UTA,Utah Jazz
6303,Andre Owens,676800.00,2006,2007,GSW,Golden State Warriors
6680,Andre Owens,687456.00,2007,2008,IND,Indiana Pacers
9249,Andre Roberson,1110840.00,2013,2014,OKC,Oklahoma City Thunder
9653,Andre Roberson,1160880.00,2014,2015,OKC,Oklahoma City Thunder
10180,Andre Roberson,1210800.00,2015,2016,OKC,Oklahoma City Thunder
10743,Andre Roberson,2183072.00,2016,2017,OKC,Oklahoma City Thunder
11345,Andre Roberson,9259259.00,2017,2018,OKC,Oklahoma City Thunder
1113,Andre Spencer,250000.00,1993,1994,GSW,Golden State Warriors
13,Andre Turner,110000.00,1990,1991,PHI,Philadelphia 76ers
364,Andre Turner,130000.00,1991,1992,WAS,Washington Wizards
738,Andre Turner,140000.00,1992,1993,WAS,Washington Wizards
6304,Andrea Bargnani,4501200.00,2006,2007,TOR,Toronto Raptors 
6681,Andrea Bargnani,4838880.00,2007,2008,TOR,Toronto Raptors 
7083,Andrea Bargnani,5176440.00,2008,2009,TOR,Toronto Raptors 
7505,Andrea Bargnani,6527491.00,2009,2010,TOR,Toronto Raptors 
7963,Andrea Bargnani,8500000.00,2010,2011,TOR,Toronto Raptors 
8363,Andrea Bargnani,9250000.00,2011,2012,TOR,Toronto Raptors 
8819,Andrea Bargnani,10000000.00,2012,2013,TOR,Toronto Raptors 
9250,Andrea Bargnani,11862500.00,2013,2014,NYK,New York Knicks
9654,Andrea Bargnani,11500000.00,2014,2015,NYK,New York Knicks
10181,Andrea Bargnani,1039298.00,2015,2016,NJN,Brooklyn Nets
10744,Andrea Bargnani,323599.00,2016,2017,NJN,Brooklyn Nets
6305,Andreas Glyniadakis,161061.00,2006,2007,OKC,Oklahoma City Thunder
4134,Andrei Kirilenko,831120.00,2001,2002,UTA,Utah Jazz
4592,Andrei Kirilenko,893400.00,2002,2003,UTA,Utah Jazz
5019,Andrei Kirilenko,955800.00,2003,2004,UTA,Utah Jazz
5438,Andrei Kirilenko,1671694.00,2004,2005,UTA,Utah Jazz
5858,Andrei Kirilenko,10983000.00,2005,2006,UTA,Utah Jazz
6682,Andrei Kirilenko,13735000.00,2007,2008,UTA,Utah Jazz
7084,Andrei Kirilenko,15106000.00,2008,2009,UTA,Utah Jazz
7506,Andrei Kirilenko,16452000.00,2009,2010,UTA,Utah Jazz
7964,Andrei Kirilenko,17823000.00,2010,2011,UTA,Utah Jazz
8820,Andrei Kirilenko,9779349.00,2012,2013,MIN,Minnesota Timberwolves
9251,Andrei Kirilenko,3183000.00,2013,2014,NJN,Brooklyn Nets
9655,Andrei Kirilenko,3326235.00,2014,2015,PHI,Philadelphia 76ers
5859,Andres Nocioni,2775000.00,2005,2006,CHI,Chicago Bulls
6306,Andres Nocioni,3950000.00,2006,2007,CHI,Chicago Bulls
6683,Andres Nocioni,8500000.00,2007,2008,CHI,Chicago Bulls
7085,Andres Nocioni,8000000.00,2008,2009,SAC,Sacramento Kings
7507,Andres Nocioni,7500000.00,2009,2010,SAC,Sacramento Kings
7965,Andres Nocioni,6850000.00,2010,2011,PHI,Philadelphia 76ers
8364,Andres Nocioni,6650000.00,2011,2012,PHI,Philadelphia 76ers
5860,Andrew Bogut,4340520.00,2005,2006,MIL,Milwaukee Bucks
6307,Andrew Bogut,4665960.00,2006,2007,MIL,Milwaukee Bucks
6684,Andrew Bogut,4991520.00,2007,2008,MIL,Milwaukee Bucks
7086,Andrew Bogut,6294310.00,2008,2009,MIL,Milwaukee Bucks
7508,Andrew Bogut,10000000.00,2009,2010,MIL,Milwaukee Bucks
7966,Andrew Bogut,11000000.00,2010,2011,MIL,Milwaukee Bucks
8365,Andrew Bogut,12000000.00,2011,2012,MIL,Milwaukee Bucks
8821,Andrew Bogut,13000000.00,2012,2013,GSW,Golden State Warriors
9252,Andrew Bogut,14000000.00,2013,2014,GSW,Golden State Warriors
9656,Andrew Bogut,12972973.00,2014,2015,GSW,Golden State Warriors
10182,Andrew Bogut,12000000.00,2015,2016,GSW,Golden State Warriors
10745,Andrew Bogut,11027027.00,2016,2017,PHI,Philadelphia 76ers
10746,Andrew Bogut,242224.00,2016,2017,CLE,Cleveland Caveliers
11346,Andrew Bogut,2328652.00,2017,2018,LAL,Los Angeles Lakers
5861,Andrew Bynum,1888680.00,2005,2006,LAL,Los Angeles Lakers
6308,Andrew Bynum,2030280.00,2006,2007,LAL,Los Angeles Lakers
6685,Andrew Bynum,2172000.00,2007,2008,LAL,Los Angeles Lakers
7087,Andrew Bynum,2769300.00,2008,2009,LAL,Los Angeles Lakers
7509,Andrew Bynum,12526998.00,2009,2010,LAL,Los Angeles Lakers
7967,Andrew Bynum,13700000.00,2010,2011,LAL,Los Angeles Lakers
8366,Andrew Bynum,14900000.00,2011,2012,LAL,Los Angeles Lakers
8822,Andrew Bynum,16889000.00,2012,2013,PHI,Philadelphia 76ers
9253,Andrew Bynum,6000000.00,2013,2014,CHI,Chicago Bulls
1841,Andrew DeClercq,230000.00,1995,1996,GSW,Golden State Warriors
2218,Andrew DeClercq,276000.00,1996,1997,GSW,Golden State Warriors
2605,Andrew DeClercq,1200000.00,1997,1998,BOS,Boston Celtic
2988,Andrew DeClercq,1440000.00,1998,1999,CLE,Cleveland Caveliers
3362,Andrew DeClercq,1680000.00,1999,2000,CLE,Cleveland Caveliers
3714,Andrew DeClercq,1920000.00,2000,2001,ORL,Orlando Magic
4135,Andrew DeClercq,2900000.00,2001,2002,ORL,Orlando Magic
4593,Andrew DeClercq,3262500.00,2002,2003,ORL,Orlando Magic
5020,Andrew DeClercq,2500000.00,2003,2004,ORL,Orlando Magic
5439,Andrew DeClercq,2500000.00,2004,2005,ORL,Orlando Magic
3363,Andrew Gaze,460000.00,1999,2000,SAS,San Antonio Spurs
8367,Andrew Goudelock,473604.00,2011,2012,LAL,Los Angeles Lakers
10183,Andrew Goudelock,200600.00,2015,2016,HOU,Houston Rockets
10747,Andrew Harrison,945000.00,2016,2017,MEM,Memphis Grizzlies
11347,Andrew Harrison,1312611.00,2017,2018,MEM,Memphis Grizzlies
14,Andrew Lang,600000.00,1990,1991,PHO,Phoenix Suns
365,Andrew Lang,700000.00,1991,1992,PHO,Phoenix Suns
739,Andrew Lang,1040000.00,1992,1993,PHI,Philadelphia 76ers
1114,Andrew Lang,1228000.00,1993,1994,ATL,Atlanta Hawks
1509,Andrew Lang,1596000.00,1994,1995,ATL,Atlanta Hawks
1842,Andrew Lang,1964000.00,1995,1996,ATL,Atlanta Hawks
2219,Andrew Lang,2332000.00,1996,1997,MIL,Milwaukee Bucks
2606,Andrew Lang,2700000.00,1997,1998,MIL,Milwaukee Bucks
2989,Andrew Lang,3068000.00,1998,1999,CHI,Chicago Bulls
8823,Andrew Nicholson,1418160.00,2012,2013,ORL,Orlando Magic
9254,Andrew Nicholson,1482000.00,2013,2014,ORL,Orlando Magic
9657,Andrew Nicholson,1545840.00,2014,2015,ORL,Orlando Magic
10184,Andrew Nicholson,2380594.00,2015,2016,ORL,Orlando Magic
10748,Andrew Nicholson,6088993.00,2016,2017,NJN,Brooklyn Nets
11348,Andrew Nicholson,2844429.00,2017,2018,POR,Portland Trail Blazers
366,Andrew Toney,450000.00,1991,1992,PHI,Philadelphia 76ers
9658,Andrew Wiggins,5510640.00,2014,2015,MIN,Minnesota Timberwolves
10185,Andrew Wiggins,5758680.00,2015,2016,MIN,Minnesota Timberwolves
10749,Andrew Wiggins,6006600.00,2016,2017,MIN,Minnesota Timberwolves
11349,Andrew Wiggins,7574322.00,2017,2018,MIN,Minnesota Timberwolves
5440,Andris Biedrins,1727760.00,2004,2005,GSW,Golden State Warriors
5862,Andris Biedrins,1857360.00,2005,2006,GSW,Golden State Warriors
6309,Andris Biedrins,1986960.00,2006,2007,GSW,Golden State Warriors
6686,Andris Biedrins,2636696.00,2007,2008,GSW,Golden State Warriors
7510,Andris Biedrins,9000000.00,2009,2010,GSW,Golden State Warriors
7968,Andris Biedrins,9000000.00,2010,2011,GSW,Golden State Warriors
8368,Andris Biedrins,9000000.00,2011,2012,GSW,Golden State Warriors
8824,Andris Biedrins,9000000.00,2012,2013,GSW,Golden State Warriors
9255,Andris Biedrins,9000000.00,2013,2014,UTA,Utah Jazz
3364,Andy Panko,5000.00,1999,2000,LAL,Los Angeles Lakers
7969,Andy Rautins,600000.00,2010,2011,NYK,New York Knicks
8369,Andy Rautins,788872.00,2011,2012,DAL,Dallas Mavericks
15,Andy Toolson,120000.00,1990,1991,UTA,Utah Jazz
367,Andy Toolson,250000.00,1991,1992,UTA,Utah Jazz
1843,Andy Toolson,310000.00,1995,1996,UTA,Utah Jazz
1115,Anfernee Hardaway,1244000.00,1993,1994,ORL,Orlando Magic
1844,Anfernee Hardaway,5230000.00,1995,1996,ORL,Orlando Magic
2220,Anfernee Hardaway,6655000.00,1996,1997,ORL,Orlando Magic
2607,Anfernee Hardaway,7580000.00,1997,1998,ORL,Orlando Magic
2990,Anfernee Hardaway,8505000.00,1998,1999,ORL,Orlando Magic
3715,Anfernee Hardaway,10130000.00,2000,2001,PHO,Phoenix Suns
4136,Anfernee Hardaway,11250000.00,2001,2002,PHO,Phoenix Suns
4594,Anfernee Hardaway,12375000.00,2002,2003,PHO,Phoenix Suns
5021,Anfernee Hardaway,13500000.00,2003,2004,PHO,Phoenix Suns
5441,Anfernee Hardaway,14625000.00,2004,2005,NYK,New York Knicks
5863,Anfernee Hardaway,15750000.00,2005,2006,NYK,New York Knicks
6687,Anfernee Hardaway,320142.00,2007,2008,MIA,Miami Heat
2991,Ansu Sesay,287500.00,1998,1999,DAL,Dallas Mavericks
3365,Ansu Sesay,535000.00,1999,2000,DAL,Dallas Mavericks
3716,Ansu Sesay,508000.00,2000,2001,DET,Detroit Pistons
4595,Ansu Sesay,612435.00,2002,2003,OKC,Oklahoma City Thunder
5022,Ansu Sesay,688679.00,2003,2004,OKC,Oklahoma City Thunder
5442,Ansu Sesay,745046.00,2004,2005,GSW,Golden State Warriors
2992,Antawn Jamison,1940000.00,1998,1999,GSW,Golden State Warriors
3366,Antawn Jamison,2503800.00,1999,2000,GSW,Golden State Warriors
3717,Antawn Jamison,2678400.00,2000,2001,GSW,Golden State Warriors
4137,Antawn Jamison,3388176.00,2001,2002,GSW,Golden State Warriors
4596,Antawn Jamison,10067750.00,2002,2003,GSW,Golden State Warriors
5443,Antawn Jamison,12584688.00,2004,2005,WAS,Washington Wizards
5864,Antawn Jamison,13843156.00,2005,2006,WAS,Washington Wizards
6310,Antawn Jamison,15101625.00,2006,2007,WAS,Washington Wizards
6688,Antawn Jamison,16360094.00,2007,2008,WAS,Washington Wizards
7088,Antawn Jamison,9923285.00,2008,2009,WAS,Washington Wizards
7511,Antawn Jamison,11641095.00,2009,2010,CLE,Cleveland Caveliers
7970,Antawn Jamison,13358905.00,2010,2011,CLE,Cleveland Caveliers
8370,Antawn Jamison,15076715.00,2011,2012,CLE,Cleveland Caveliers
8825,Antawn Jamison,1352181.00,2012,2013,LAL,Los Angeles Lakers
9256,Antawn Jamison,1399507.00,2013,2014,LAC,Los Angeles Clippers
11350,Ante Zizic,1645200.00,2017,2018,CLE,Cleveland Caveliers
740,Anthony Avent,500000.00,1992,1993,MIL,Milwaukee Bucks
1116,Anthony Avent,650000.00,1993,1994,ORL,Orlando Magic
1845,Anthony Avent,950000.00,1995,1996,MEM,Memphis Grizzlies
3367,Anthony Avent,510000.00,1999,2000,LAC,Los Angeles Clippers
9257,Anthony Bennett,5324280.00,2013,2014,CLE,Cleveland Caveliers
9659,Anthony Bennett,5563920.00,2014,2015,MIN,Minnesota Timberwolves
10186,Anthony Bennett,3650000.00,2015,2016,MIN,Minnesota Timberwolves
10187,Anthony Bennett,947276.00,2015,2016,TOR,Toronto Raptors 
10750,Anthony Bennett,1015696.00,2016,2017,NJN,Brooklyn Nets
368,Anthony Bonner,568000.00,1991,1992,SAC,Sacramento Kings
741,Anthony Bonner,763000.00,1992,1993,SAC,Sacramento Kings
1117,Anthony Bonner,650000.00,1993,1994,NYK,New York Knicks
1510,Anthony Bonner,845000.00,1994,1995,NYK,New York Knicks
742,Anthony Bowie,900000.00,1992,1993,ORL,Orlando Magic
1118,Anthony Bowie,900000.00,1993,1994,ORL,Orlando Magic
1846,Anthony Bowie,370000.00,1995,1996,ORL,Orlando Magic
10188,Anthony Brown,700000.00,2015,2016,LAL,Los Angeles Lakers
10751,Anthony Brown,874636.00,2016,2017,LAL,Los Angeles Lakers
10752,Anthony Brown,108043.00,2016,2017,NOH,New Orleans Pelicans
10753,Anthony Brown,51449.00,2016,2017,ORL,Orlando Magic
3718,Anthony Carter,1200000.00,2000,2001,MIA,Miami Heat
4138,Anthony Carter,3250000.00,2001,2002,MIA,Miami Heat
4597,Anthony Carter,3656250.00,2002,2003,MIA,Miami Heat
5023,Anthony Carter,751179.00,2003,2004,SAS,San Antonio Spurs
5444,Anthony Carter,807546.00,2004,2005,MIN,Minnesota Timberwolves
5865,Anthony Carter,900498.00,2005,2006,MIN,Minnesota Timberwolves
6689,Anthony Carter,1103225.00,2007,2008,DEN,Denver Nuggets
7089,Anthony Carter,1147533.00,2008,2009,DEN,Denver Nuggets
7512,Anthony Carter,1306455.00,2009,2010,DEN,Denver Nuggets
7971,Anthony Carter,1352181.00,2010,2011,NYK,New York Knicks
8371,Anthony Carter,1352181.00,2011,2012,TOR,Toronto Raptors 
16,Anthony Cook,370000.00,1990,1991,DEN,Denver Nuggets
369,Anthony Cook,480000.00,1991,1992,DEN,Denver Nuggets
743,Anthony Cook,570000.00,1992,1993,DEN,Denver Nuggets
1119,Anthony Cook,650000.00,1993,1994,MIL,Milwaukee Bucks
1847,Anthony Cook,225000.00,1995,1996,POR,Portland Trail Blazers
8826,Anthony Davis,5144280.00,2012,2013,NOH,New Orleans Pelicans
9258,Anthony Davis,5375760.00,2013,2014,NOH,New Orleans Pelicans
9660,Anthony Davis,5607240.00,2014,2015,NOH,New Orleans Pelicans
10189,Anthony Davis,7070730.00,2015,2016,NOH,New Orleans Pelicans
10754,Anthony Davis,22116750.00,2016,2017,NOH,New Orleans Pelicans
11351,Anthony Davis,23775506.00,2017,2018,NOH,New Orleans Pelicans
17,Anthony Frederick,30000.00,1990,1991,SAC,Sacramento Kings
370,Anthony Frederick,130000.00,1991,1992,CHA,Charlotte Hornets
2608,Anthony Goldwire,330000.00,1997,1998,DEN,Denver Nuggets
4598,Anthony Goldwire,139925.00,2002,2003,SAS,San Antonio Spurs
5445,Anthony Goldwire,116713.00,2004,2005,MIL,Milwaukee Bucks
5866,Anthony Goldwire,74652.00,2005,2006,LAC,Los Angeles Clippers
2609,Anthony Johnson,242000.00,1997,1998,SAC,Sacramento Kings
2993,Anthony Johnson,1000000.00,1998,1999,ATL,Atlanta Hawks
3719,Anthony Johnson,1200000.00,2000,2001,ATL,Atlanta Hawks
4599,Anthony Johnson,699935.00,2002,2003,NJN,Brooklyn Nets
5024,Anthony Johnson,813679.00,2003,2004,IND,Indiana Pacers
5446,Anthony Johnson,2200000.00,2004,2005,IND,Indiana Pacers
5867,Anthony Johnson,2420000.00,2005,2006,IND,Indiana Pacers
6311,Anthony Johnson,2640000.00,2006,2007,ATL,Atlanta Hawks
7090,Anthony Johnson,1910000.00,2008,2009,ORL,Orlando Magic
7513,Anthony Johnson,2160000.00,2009,2010,ORL,Orlando Magic
371,Anthony Mason,210000.00,1991,1992,NYK,New York Knicks
744,Anthony Mason,273000.00,1992,1993,NYK,New York Knicks
1120,Anthony Mason,1100000.00,1993,1994,NYK,New York Knicks
1511,Anthony Mason,1200000.00,1994,1995,NYK,New York Knicks
1848,Anthony Mason,3472000.00,1995,1996,NYK,New York Knicks
2610,Anthony Mason,3471500.00,1997,1998,CHA,Charlotte Hornets
2994,Anthony Mason,4165000.00,1998,1999,CHA,Charlotte Hornets
3720,Anthony Mason,5550000.00,2000,2001,MIA,Miami Heat
4139,Anthony Mason,4538000.00,2001,2002,MIL,Milwaukee Bucks
4600,Anthony Mason,4370819.00,2002,2003,MIL,Milwaukee Bucks
5025,Anthony Mason,4348094.00,2003,2004,MIL,Milwaukee Bucks
5447,Anthony Mason,4710435.00,2004,2005,MIL,Milwaukee Bucks
1512,Anthony Miller,150000.00,1994,1995,LAL,Los Angeles Lakers
1849,Anthony Miller,550000.00,1995,1996,LAL,Los Angeles Lakers
2611,Anthony Miller,272250.00,1997,1998,ATL,Atlanta Hawks
2995,Anthony Miller,475000.00,1998,1999,HOU,Houston Rockets
3368,Anthony Miller,30000.00,1999,2000,HOU,Houston Rockets
3721,Anthony Miller,40000.00,2000,2001,ATL,Atlanta Hawks
5448,Anthony Miller,34118.00,2004,2005,ATL,Atlanta Hawks
7514,Anthony Morrow,736420.00,2009,2010,GSW,Golden State Warriors
7972,Anthony Morrow,4000000.00,2010,2011,NJN,Brooklyn Nets
8372,Anthony Morrow,4000000.00,2011,2012,NJN,Brooklyn Nets
8827,Anthony Morrow,4000000.00,2012,2013,DAL,Dallas Mavericks
9259,Anthony Morrow,1027424.00,2013,2014,NOH,New Orleans Pelicans
9661,Anthony Morrow,3200000.00,2014,2015,OKC,Oklahoma City Thunder
10190,Anthony Morrow,3344000.00,2015,2016,OKC,Oklahoma City Thunder
10755,Anthony Morrow,3488000.00,2016,2017,CHI,Chicago Bulls
2612,Anthony Parker,754080.00,1997,1998,PHI,Philadelphia 76ers
2996,Anthony Parker,867120.00,1998,1999,PHI,Philadelphia 76ers
6312,Anthony Parker,4150000.00,2006,2007,TOR,Toronto Raptors 
6690,Anthony Parker,4350000.00,2007,2008,TOR,Toronto Raptors 
7091,Anthony Parker,4550000.00,2008,2009,TOR,Toronto Raptors 
7515,Anthony Parker,2644230.00,2009,2010,CLE,Cleveland Caveliers
7973,Anthony Parker,2855700.00,2010,2011,CLE,Cleveland Caveliers
8373,Anthony Parker,2250000.00,2011,2012,CLE,Cleveland Caveliers
745,Anthony Peeler,700000.00,1992,1993,LAL,Los Angeles Lakers
1121,Anthony Peeler,910000.00,1993,1994,LAL,Los Angeles Lakers
1513,Anthony Peeler,1120000.00,1994,1995,LAL,Los Angeles Lakers
1850,Anthony Peeler,1330000.00,1995,1996,LAL,Los Angeles Lakers
2221,Anthony Peeler,1540000.00,1996,1997,MEM,Memphis Grizzlies
2613,Anthony Peeler,2012500.00,1997,1998,MEM,Memphis Grizzlies
2997,Anthony Peeler,2254000.00,1998,1999,MIN,Minnesota Timberwolves
3369,Anthony Peeler,2495500.00,1999,2000,MIN,Minnesota Timberwolves
3722,Anthony Peeler,2740000.00,2000,2001,MIN,Minnesota Timberwolves
4140,Anthony Peeler,2978500.00,2001,2002,MIN,Minnesota Timberwolves
4601,Anthony Peeler,3350812.00,2002,2003,MIN,Minnesota Timberwolves
5026,Anthony Peeler,1070000.00,2003,2004,SAC,Sacramento Kings
5449,Anthony Peeler,1600000.00,2004,2005,WAS,Washington Wizards
746,Anthony Pullard,140000.00,1992,1993,MIL,Milwaukee Bucks
7516,Anthony Randolph,1837560.00,2009,2010,GSW,Golden State Warriors
7974,Anthony Randolph,1965720.00,2010,2011,MIN,Minnesota Timberwolves
8374,Anthony Randolph,2911231.00,2011,2012,MIN,Minnesota Timberwolves
8828,Anthony Randolph,1674641.00,2012,2013,DEN,Denver Nuggets
9260,Anthony Randolph,1750000.00,2013,2014,DEN,Denver Nuggets
9662,Anthony Randolph,1825359.00,2014,2015,ORL,Orlando Magic
5868,Anthony Roberson,398762.00,2005,2006,MEM,Memphis Grizzlies
6313,Anthony Roberson,267111.00,2006,2007,GSW,Golden State Warriors
7092,Anthony Roberson,797581.00,2008,2009,CHI,Chicago Bulls
7093,Anthony Tolliver,187248.00,2008,2009,SAS,San Antonio Spurs
7094,Anthony Tolliver,26007.00,2008,2009,NOH,New Orleans Pelicans
7517,Anthony Tolliver,359546.00,2009,2010,GSW,Golden State Warriors
7518,Anthony Tolliver,51983.00,2009,2010,POR,Portland Trail Blazers
7975,Anthony Tolliver,2200000.00,2010,2011,MIN,Minnesota Timberwolves
8375,Anthony Tolliver,2050000.00,2011,2012,MIN,Minnesota Timberwolves
8829,Anthony Tolliver,915852.00,2012,2013,ATL,Atlanta Hawks
9663,Anthony Tolliver,3000000.00,2014,2015,DET,Detroit Pistons
10191,Anthony Tolliver,3000000.00,2015,2016,DET,Detroit Pistons
10756,Anthony Tolliver,8000000.00,2016,2017,SAC,Sacramento Kings
11352,Anthony Tolliver,3290000.00,2017,2018,DET,Detroit Pistons
11353,Anthony Tolliver,2000000.00,2017,2018,SAC,Sacramento Kings
1514,Anthony Tucker,150000.00,1994,1995,WAS,Washington Wizards
1851,Anthony Tucker,225000.00,1995,1996,NYK,New York Knicks
18,Antoine Carr,610000.00,1990,1991,SAC,Sacramento Kings
372,Antoine Carr,1263000.00,1991,1992,SAS,San Antonio Spurs
747,Antoine Carr,1233000.00,1992,1993,SAS,San Antonio Spurs
1122,Antoine Carr,1353000.00,1993,1994,SAS,San Antonio Spurs
1515,Antoine Carr,666600.00,1994,1995,UTA,Utah Jazz
1852,Antoine Carr,2525000.00,1995,1996,UTA,Utah Jazz
2222,Antoine Carr,2300000.00,1996,1997,UTA,Utah Jazz
2614,Antoine Carr,1600000.00,1997,1998,UTA,Utah Jazz
3370,Antoine Carr,1000000.00,1999,2000,MEM,Memphis Grizzlies
2223,Antoine Walker,1620000.00,1996,1997,BOS,Boston Celtic
2615,Antoine Walker,1864080.00,1997,1998,BOS,Boston Celtic
2998,Antoine Walker,2107000.00,1998,1999,BOS,Boston Celtic
3371,Antoine Walker,9000000.00,1999,2000,BOS,Boston Celtic
3723,Antoine Walker,10130000.00,2000,2001,BOS,Boston Celtic
4141,Antoine Walker,11250000.00,2001,2002,BOS,Boston Celtic
4602,Antoine Walker,12375000.00,2002,2003,BOS,Boston Celtic
5450,Antoine Walker,14625000.00,2004,2005,ATL,Atlanta Hawks
5869,Antoine Walker,6880000.00,2005,2006,MIA,Miami Heat
6691,Antoine Walker,8329640.00,2007,2008,MIN,Minnesota Timberwolves
7095,Antoine Walker,8854475.00,2008,2009,MEM,Memphis Grizzlies
5870,Antoine Wright,1461360.00,2005,2006,NJN,Brooklyn Nets
6314,Antoine Wright,1570920.00,2006,2007,NJN,Brooklyn Nets
6692,Antoine Wright,1680600.00,2007,2008,DAL,Dallas Mavericks
7096,Antoine Wright,1800000.00,2008,2009,DAL,Dallas Mavericks
7519,Antoine Wright,2110550.00,2009,2010,TOR,Toronto Raptors 
7976,Antoine Wright,992680.00,2010,2011,SAC,Sacramento Kings
5451,Antonio Burks,385277.00,2004,2005,MEM,Memphis Grizzlies
5871,Antonio Burks,641748.00,2005,2006,MEM,Memphis Grizzlies
2616,Antonio Daniels,2149920.00,1997,1998,MEM,Memphis Grizzlies
3372,Antonio Daniels,2794920.00,1999,2000,SAS,San Antonio Spurs
4142,Antonio Daniels,3000000.00,2001,2002,SAS,San Antonio Spurs
4603,Antonio Daniels,3375000.00,2002,2003,POR,Portland Trail Blazers
5027,Antonio Daniels,2200000.00,2003,2004,OKC,Oklahoma City Thunder
5452,Antonio Daniels,2200000.00,2004,2005,OKC,Oklahoma City Thunder
5872,Antonio Daniels,5000000.00,2005,2006,WAS,Washington Wizards
6315,Antonio Daniels,5400000.00,2006,2007,WAS,Washington Wizards
6693,Antonio Daniels,5800000.00,2007,2008,WAS,Washington Wizards
7097,Antonio Daniels,6200000.00,2008,2009,NOH,New Orleans Pelicans
7520,Antonio Daniels,5863580.00,2009,2010,MIN,Minnesota Timberwolves
1123,Antonio Davis,565000.00,1993,1994,IND,Indiana Pacers
1853,Antonio Davis,800000.00,1995,1996,IND,Indiana Pacers
2224,Antonio Davis,5200000.00,1996,1997,IND,Indiana Pacers
3373,Antonio Davis,4200000.00,1999,2000,TOR,Toronto Raptors 
3724,Antonio Davis,5500000.00,2000,2001,TOR,Toronto Raptors 
4143,Antonio Davis,11000000.00,2001,2002,TOR,Toronto Raptors 
4604,Antonio Davis,12000000.00,2002,2003,TOR,Toronto Raptors 
5028,Antonio Davis,12925000.00,2003,2004,CHI,Chicago Bulls
5873,Antonio Davis,13925000.00,2005,2006,NYK,New York Knicks
1124,Antonio Harvey,150000.00,1993,1994,LAL,Los Angeles Lakers
1516,Antonio Harvey,325000.00,1994,1995,LAL,Los Angeles Lakers
1854,Antonio Harvey,400000.00,1995,1996,MEM,Memphis Grizzlies
2225,Antonio Harvey,247500.00,1996,1997,OKC,Oklahoma City Thunder
3725,Antonio Harvey,611000.00,2000,2001,POR,Portland Trail Blazers
4144,Antonio Harvey,715850.00,2001,2002,OKC,Oklahoma City Thunder
4605,Antonio Harvey,60361.00,2002,2003,ATL,Atlanta Hawks
1517,Antonio Lang,325000.00,1994,1995,PHO,Phoenix Suns
1855,Antonio Lang,423000.00,1995,1996,CLE,Cleveland Caveliers
2226,Antonio Lang,520000.00,1996,1997,CLE,Cleveland Caveliers
1856,Antonio McDyess,2213000.00,1995,1996,DEN,Denver Nuggets
2227,Antonio McDyess,2545000.00,1996,1997,DEN,Denver Nuggets
2617,Antonio McDyess,2876640.00,1997,1998,PHO,Phoenix Suns
2999,Antonio McDyess,9000000.00,1998,1999,DEN,Denver Nuggets
3374,Antonio McDyess,9900000.00,1999,2000,DEN,Denver Nuggets
3726,Antonio McDyess,10800000.00,2000,2001,DEN,Denver Nuggets
4145,Antonio McDyess,11700000.00,2001,2002,DEN,Denver Nuggets
4606,Antonio McDyess,12600000.00,2002,2003,NYK,New York Knicks
5029,Antonio McDyess,13500000.00,2003,2004,NYK,New York Knicks
5453,Antonio McDyess,4903000.00,2004,2005,DET,Detroit Pistons
5874,Antonio McDyess,5393300.00,2005,2006,DET,Detroit Pistons
6316,Antonio McDyess,5883600.00,2006,2007,DET,Detroit Pistons
6694,Antonio McDyess,6373900.00,2007,2008,DET,Detroit Pistons
7098,Antonio McDyess,3000000.00,2008,2009,DEN,Denver Nuggets
7099,Antonio McDyess,950419.00,2008,2009,DET,Detroit Pistons
7521,Antonio McDyess,4500000.00,2009,2010,SAS,San Antonio Spurs
7522,Antonio McDyess,3000000.00,2009,2010,DEN,Denver Nuggets
7977,Antonio McDyess,4860000.00,2010,2011,SAS,San Antonio Spurs
8376,Antonio McDyess,2640000.00,2011,2012,SAS,San Antonio Spurs
4146,Antonis Fotsis,332817.00,2001,2002,MEM,Memphis Grizzlies
9261,Archie Goodwin,1064400.00,2013,2014,PHO,Phoenix Suns
9664,Archie Goodwin,1112280.00,2014,2015,PHO,Phoenix Suns
10192,Archie Goodwin,1160160.00,2015,2016,PHO,Phoenix Suns
10757,Archie Goodwin,2094089.00,2016,2017,PHO,Phoenix Suns
10758,Archie Goodwin,194494.00,2016,2017,NJN,Brooklyn Nets
10759,Archie Goodwin,95600.00,2016,2017,NOH,New Orleans Pelicans
9665,Arinze Onuaku,43226.00,2014,2015,MIN,Minnesota Timberwolves
10760,Arinze Onuaku,440078.00,2016,2017,ORL,Orlando Magic
19,Armen Gilliam,1200000.00,1990,1991,PHI,Philadelphia 76ers
373,Armen Gilliam,1350000.00,1991,1992,PHI,Philadelphia 76ers
748,Armen Gilliam,2300000.00,1992,1993,PHI,Philadelphia 76ers
1125,Armen Gilliam,1200000.00,1993,1994,NJN,Brooklyn Nets
1857,Armen Gilliam,1920000.00,1995,1996,NJN,Brooklyn Nets
2228,Armen Gilliam,2317000.00,1996,1997,MIL,Milwaukee Bucks
2618,Armen Gilliam,2780400.00,1997,1998,MIL,Milwaukee Bucks
3000,Armen Gilliam,3244000.00,1998,1999,MIL,Milwaukee Bucks
7978,Armon Johnson,473604.00,2010,2011,POR,Portland Trail Blazers
8377,Armon Johnson,762195.00,2011,2012,POR,Portland Trail Blazers
8830,Arnett Moultrie,1042320.00,2012,2013,PHI,Philadelphia 76ers
9262,Arnett Moultrie,1089240.00,2013,2014,PHI,Philadelphia 76ers
9666,Arnett Moultrie,1136160.00,2014,2015,NYK,New York Knicks
8831,Aron Baynes,401170.00,2012,2013,SAS,San Antonio Spurs
9263,Aron Baynes,788872.00,2013,2014,SAS,San Antonio Spurs
9667,Aron Baynes,2077000.00,2014,2015,SAS,San Antonio Spurs
10193,Aron Baynes,6500000.00,2015,2016,DET,Detroit Pistons
10761,Aron Baynes,6500000.00,2016,2017,DET,Detroit Pistons
11354,Aron Baynes,4328000.00,2017,2018,BOS,Boston Celtic
6695,Arron Afflalo,944520.00,2007,2008,DET,Detroit Pistons
7100,Arron Afflalo,1015440.00,2008,2009,DET,Detroit Pistons
7523,Arron Afflalo,1086240.00,2009,2010,DEN,Denver Nuggets
7979,Arron Afflalo,1959577.00,2010,2011,DEN,Denver Nuggets
8378,Arron Afflalo,7562500.00,2011,2012,DEN,Denver Nuggets
8832,Arron Afflalo,7750000.00,2012,2013,ORL,Orlando Magic
9264,Arron Afflalo,7312500.00,2013,2014,ORL,Orlando Magic
9668,Arron Afflalo,7750000.00,2014,2015,POR,Portland Trail Blazers
10194,Arron Afflalo,8000000.00,2015,2016,NYK,New York Knicks
10762,Arron Afflalo,12500000.00,2016,2017,SAC,Sacramento Kings
11355,Arron Afflalo,2328652.00,2017,2018,ORL,Orlando Magic
11356,Arron Afflalo,1500000.00,2017,2018,SAC,Sacramento Kings
3375,Art Long,25000.00,1999,2000,SAC,Sacramento Kings
4147,Art Long,465850.00,2001,2002,OKC,Oklahoma City Thunder
4607,Art Long,193424.00,2002,2003,DEN,Denver Nuggets
4608,Art Long,35819.00,2002,2003,TOR,Toronto Raptors 
5875,Arvydas Macijauskas,2500000.00,2005,2006,NOH,New Orleans Pelicans
6317,Arvydas Macijauskas,500000.00,2006,2007,NOH,New Orleans Pelicans
6696,Arvydas Macijauskas,500000.00,2007,2008,NOH,New Orleans Pelicans
1858,Arvydas Sabonis,2200000.00,1995,1996,POR,Portland Trail Blazers
2229,Arvydas Sabonis,2640000.00,1996,1997,POR,Portland Trail Blazers
2619,Arvydas Sabonis,3080000.00,1997,1998,POR,Portland Trail Blazers
3727,Arvydas Sabonis,11250000.00,2000,2001,POR,Portland Trail Blazers
4609,Arvydas Sabonis,6850000.00,2002,2003,POR,Portland Trail Blazers
5454,Arvydas Sabonis,3000000.00,2004,2005,POR,Portland Trail Blazers
1859,Ashraf Amaya,225000.00,1995,1996,MEM,Memphis Grizzlies
2230,Ashraf Amaya,247500.00,1996,1997,WAS,Washington Wizards
3728,Austin Croshere,5300000.00,2000,2001,IND,Indiana Pacers
4148,Austin Croshere,6310000.00,2001,2002,IND,Indiana Pacers
4610,Austin Croshere,6960000.00,2002,2003,IND,Indiana Pacers
5030,Austin Croshere,7610000.00,2003,2004,IND,Indiana Pacers
5455,Austin Croshere,8260000.00,2004,2005,IND,Indiana Pacers
5876,Austin Croshere,7900000.00,2005,2006,IND,Indiana Pacers
6697,Austin Croshere,1219590.00,2007,2008,GSW,Golden State Warriors
7101,Austin Croshere,527185.00,2008,2009,MIL,Milwaukee Bucks
7102,Austin Croshere,74251.00,2008,2009,SAS,San Antonio Spurs
7524,Austin Daye,1677840.00,2009,2010,DET,Detroit Pistons
8379,Austin Daye,1929600.00,2011,2012,DET,Detroit Pistons
8833,Austin Daye,2958077.00,2012,2013,MEM,Memphis Grizzlies
9265,Austin Daye,947907.00,2013,2014,TOR,Toronto Raptors 
9669,Austin Daye,1063384.00,2014,2015,SAS,San Antonio Spurs
9670,Austin Daye,125104.00,2014,2015,ATL,Atlanta Hawks
8834,Austin Rivers,2238360.00,2012,2013,NOH,New Orleans Pelicans
9266,Austin Rivers,2339040.00,2013,2014,NOH,New Orleans Pelicans
9671,Austin Rivers,2439840.00,2014,2015,LAC,Los Angeles Clippers
10195,Austin Rivers,3100000.00,2015,2016,LAC,Los Angeles Clippers
10763,Austin Rivers,11000000.00,2016,2017,LAC,Los Angeles Clippers
11357,Austin Rivers,11825000.00,2017,2018,LAC,Los Angeles Clippers
7980,Avery Bradley,1418160.00,2010,2011,BOS,Boston Celtic
8380,Avery Bradley,1524480.00,2011,2012,BOS,Boston Celtic
9267,Avery Bradley,2511432.00,2013,2014,BOS,Boston Celtic
9672,Avery Bradley,7191011.00,2014,2015,BOS,Boston Celtic
10196,Avery Bradley,7730337.00,2015,2016,BOS,Boston Celtic
10764,Avery Bradley,8269663.00,2016,2017,BOS,Boston Celtic
11358,Avery Bradley,8808989.00,2017,2018,DET,Detroit Pistons
20,Avery Johnson,50000.00,1990,1991,SAS,San Antonio Spurs
749,Avery Johnson,140000.00,1992,1993,SAS,San Antonio Spurs
1126,Avery Johnson,300000.00,1993,1994,GSW,Golden State Warriors
1518,Avery Johnson,650000.00,1994,1995,SAS,San Antonio Spurs
1860,Avery Johnson,845000.00,1995,1996,SAS,San Antonio Spurs
2231,Avery Johnson,1040000.00,1996,1997,SAS,San Antonio Spurs
2620,Avery Johnson,3000000.00,1997,1998,SAS,San Antonio Spurs
3376,Avery Johnson,3200000.00,1999,2000,SAS,San Antonio Spurs
4149,Avery Johnson,4538000.00,2001,2002,DEN,Denver Nuggets
4611,Avery Johnson,4991800.00,2002,2003,DAL,Dallas Mavericks
5031,Avery Johnson,5445600.00,2003,2004,GSW,Golden State Warriors
5456,Avery Johnson,1100000.00,2004,2005,DAL,Dallas Mavericks
5457,Awvee Storey,84573.00,2004,2005,NJN,Brooklyn Nets
5877,Awvee Storey,641748.00,2005,2006,WAS,Washington Wizards
6698,Awvee Storey,711517.00,2007,2008,MIL,Milwaukee Bucks
10197,Axel Toupane,123552.00,2015,2016,DEN,Denver Nuggets
10198,Axel Toupane,25000.00,2015,2016,TOR,Toronto Raptors 
10765,Axel Toupane,51449.00,2016,2017,MIL,Milwaukee Bucks
10766,Axel Toupane,20580.00,2016,2017,NOH,New Orleans Pelicans
11359,Axel Toupane,25000.00,2017,2018,NOH,New Orleans Pelicans
21,B.J. Armstrong,425000.00,1990,1991,CHI,Chicago Bulls
374,B.J. Armstrong,435000.00,1991,1992,CHI,Chicago Bulls
750,B.J. Armstrong,540000.00,1992,1993,CHI,Chicago Bulls
1127,B.J. Armstrong,620000.00,1993,1994,CHI,Chicago Bulls
1861,B.J. Armstrong,2400000.00,1995,1996,GSW,Golden State Warriors
2232,B.J. Armstrong,2400000.00,1996,1997,GSW,Golden State Warriors
2621,B.J. Armstrong,2600000.00,1997,1998,GSW,Golden State Warriors
3001,B.J. Armstrong,2800000.00,1998,1999,LAL,Los Angeles Lakers
3002,B.J. Armstrong,850000.00,1998,1999,ORL,Orlando Magic
1519,B.J. Tyler,715000.00,1994,1995,PHI,Philadelphia 76ers
1862,B.J. Tyler,845000.00,1995,1996,TOR,Toronto Raptors 
2233,B.J. Tyler,1040000.00,1996,1997,TOR,Toronto Raptors 
2622,B.J. Tyler,1200000.00,1997,1998,TOR,Toronto Raptors 
3377,B.J. Tyler,1614000.00,1999,2000,TOR,Toronto Raptors 
11360,Bam Adebayo,2490360.00,2017,2018,MIA,Miami Heat
3729,Baron Davis,2916000.00,2000,2001,CHA,Charlotte Hornets
4150,Baron Davis,3119400.00,2001,2002,CHA,Charlotte Hornets
4612,Baron Davis,3942922.00,2002,2003,NOH,New Orleans Pelicans
5032,Baron Davis,10960000.00,2003,2004,NOH,New Orleans Pelicans
5458,Baron Davis,12330000.00,2004,2005,NOH,New Orleans Pelicans
5878,Baron Davis,13700000.00,2005,2006,GSW,Golden State Warriors
6318,Baron Davis,15070000.00,2006,2007,GSW,Golden State Warriors
6699,Baron Davis,16440000.00,2007,2008,GSW,Golden State Warriors
7103,Baron Davis,11250000.00,2008,2009,LAC,Los Angeles Clippers
7525,Baron Davis,12150000.00,2009,2010,LAC,Los Angeles Clippers
7981,Baron Davis,13000000.00,2010,2011,CLE,Cleveland Caveliers
8381,Baron Davis,13900000.00,2011,2012,CLE,Cleveland Caveliers
8382,Baron Davis,1352181.00,2011,2012,NYK,New York Knicks
8835,Baron Davis,14850000.00,2012,2013,CLE,Cleveland Caveliers
375,Bart Kofoed,130000.00,1991,1992,OKC,Oklahoma City Thunder
751,Bart Kofoed,140000.00,1992,1993,BOS,Boston Celtic
10767,Beau Beech,45000.00,2016,2017,NJN,Brooklyn Nets
10768,Ben Bentil,250000.00,2016,2017,BOS,Boston Celtic
10769,Ben Bentil,50000.00,2016,2017,IND,Indiana Pacers
10770,Ben Bentil,31969.00,2016,2017,DAL,Dallas Mavericks
2234,Ben Davis,220000.00,1996,1997,PHO,Phoenix Suns
3003,Ben Davis,425000.00,1998,1999,NYK,New York Knicks
5033,Ben Davis,176369.00,2003,2004,HOU,Houston Rockets
5879,Ben Gordon,3610200.00,2005,2006,CHI,Chicago Bulls
6319,Ben Gordon,3862080.00,2006,2007,CHI,Chicago Bulls
6700,Ben Gordon,4881669.00,2007,2008,CHI,Chicago Bulls
7104,Ben Gordon,6404750.00,2008,2009,CHI,Chicago Bulls
7526,Ben Gordon,10000000.00,2009,2010,DET,Detroit Pistons
8383,Ben Gordon,11600000.00,2011,2012,DET,Detroit Pistons
9673,Ben Gordon,4500000.00,2014,2015,ORL,Orlando Magic
5034,Ben Handlogten,366931.00,2003,2004,UTA,Utah Jazz
5880,Ben Handlogten,35091.00,2005,2006,NJN,Brooklyn Nets
8836,Ben Hansbrough,473604.00,2012,2013,IND,Indiana Pacers
9268,Ben McLemore,2895960.00,2013,2014,SAC,Sacramento Kings
9674,Ben McLemore,3026280.00,2014,2015,SAC,Sacramento Kings
10199,Ben McLemore,3156600.00,2015,2016,SAC,Sacramento Kings
10771,Ben McLemore,4008882.00,2016,2017,SAC,Sacramento Kings
11361,Ben McLemore,5200000.00,2017,2018,MEM,Memphis Grizzlies
10772,Ben Simmons,5903160.00,2016,2017,PHI,Philadelphia 76ers
11362,Ben Simmons,6168840.00,2017,2018,PHI,Philadelphia 76ers
7982,Ben Uzoh,473604.00,2010,2011,NJN,Brooklyn Nets
8384,Ben Uzoh,61433.00,2011,2012,CLE,Cleveland Caveliers
2235,Ben Wallace,247500.00,1996,1997,WAS,Washington Wizards
2623,Ben Wallace,326700.00,1997,1998,WAS,Washington Wizards
3004,Ben Wallace,800000.00,1998,1999,WAS,Washington Wizards
3730,Ben Wallace,4000000.00,2000,2001,DET,Detroit Pistons
4151,Ben Wallace,4700000.00,2001,2002,DET,Detroit Pistons
4613,Ben Wallace,5200000.00,2002,2003,DET,Detroit Pistons
5035,Ben Wallace,5500000.00,2003,2004,DET,Detroit Pistons
5459,Ben Wallace,7000000.00,2004,2005,DET,Detroit Pistons
5881,Ben Wallace,7500000.00,2005,2006,DET,Detroit Pistons
6320,Ben Wallace,16000000.00,2006,2007,CHI,Chicago Bulls
6701,Ben Wallace,15500000.00,2007,2008,CLE,Cleveland Caveliers
7105,Ben Wallace,14500000.00,2008,2009,CLE,Cleveland Caveliers
7527,Ben Wallace,1306445.00,2009,2010,DET,Detroit Pistons
8385,Ben Wallace,2246400.00,2011,2012,DET,Detroit Pistons
6321,Beno Udrih,967920.00,2006,2007,SAS,San Antonio Spurs
6702,Beno Udrih,1747096.00,2007,2008,MIN,Minnesota Timberwolves
7106,Beno Udrih,5585000.00,2008,2009,SAC,Sacramento Kings
7528,Beno Udrih,6031800.00,2009,2010,SAC,Sacramento Kings
7983,Beno Udrih,6478600.00,2010,2011,SAC,Sacramento Kings
8386,Beno Udrih,6925400.00,2011,2012,MIL,Milwaukee Bucks
8837,Beno Udrih,7372000.00,2012,2013,ORL,Orlando Magic
9269,Beno Udrih,1272279.00,2013,2014,NYK,New York Knicks
9675,Beno Udrih,2077000.00,2014,2015,MEM,Memphis Grizzlies
10200,Beno Udrih,2170465.00,2015,2016,MIA,Miami Heat
10773,Beno Udrih,1551659.00,2016,2017,DET,Detroit Pistons
11363,Beno Udrih,25000.00,2017,2018,DET,Detroit Pistons
22,Benoit Benjamin,1750000.00,1990,1991,OKC,Oklahoma City Thunder
376,Benoit Benjamin,2875000.00,1991,1992,OKC,Oklahoma City Thunder
752,Benoit Benjamin,3175000.00,1992,1993,OKC,Oklahoma City Thunder
1128,Benoit Benjamin,3575000.00,1993,1994,NJN,Brooklyn Nets
1863,Benoit Benjamin,3975000.00,1995,1996,MIL,Milwaukee Bucks
3378,Benoit Benjamin,123529.00,1999,2000,CLE,Cleveland Caveliers
8838,Bernard James,473604.00,2012,2013,DAL,Dallas Mavericks
9270,Bernard James,788872.00,2013,2014,DAL,Dallas Mavericks
9676,Bernard James,915243.00,2014,2015,DAL,Dallas Mavericks
9677,Bernard James,236866.00,2014,2015,DAL,Dallas Mavericks
23,Bernard King,1600000.00,1990,1991,WAS,Washington Wizards
377,Bernard King,2525000.00,1991,1992,WAS,Washington Wizards
753,Bernard King,2500000.00,1992,1993,WAS,Washington Wizards
6322,Bernard Robinson,1000000.00,2006,2007,NJN,Brooklyn Nets
6703,Bernard Robinson,1080000.00,2007,2008,NOH,New Orleans Pelicans
24,Bill Cartwright,1100000.00,1990,1991,CHI,Chicago Bulls
378,Bill Cartwright,2000000.00,1991,1992,CHI,Chicago Bulls
754,Bill Cartwright,2200000.00,1992,1993,CHI,Chicago Bulls
1129,Bill Cartwright,2400000.00,1993,1994,CHI,Chicago Bulls
1520,Bill Cartwright,1502000.00,1994,1995,OKC,Oklahoma City Thunder
1521,Bill Curley,702000.00,1994,1995,DET,Detroit Pistons
1864,Bill Curley,913000.00,1995,1996,POR,Portland Trail Blazers
2624,Bill Curley,1333800.00,1997,1998,MIN,Minnesota Timberwolves
3005,Bill Curley,1544000.00,1998,1999,MIN,Minnesota Timberwolves
3379,Bill Curley,117867.00,1999,2000,GSW,Golden State Warriors
3731,Bill Curley,611000.00,2000,2001,GSW,Golden State Warriors
3732,Bill Curley,423500.00,2000,2001,DAL,Dallas Mavericks
25,Bill Hanzlik,510000.00,1990,1991,DEN,Denver Nuggets
379,Bill Hanzlik,508000.00,1991,1992,DEN,Denver Nuggets
26,Bill Laimbeer,1510000.00,1990,1991,DET,Detroit Pistons
755,Bill Laimbeer,1319000.00,1992,1993,DET,Detroit Pistons
1130,Bill Laimbeer,1300000.00,1993,1994,DET,Detroit Pistons
7107,Bill Walker,542114.00,2008,2009,BOS,Boston Celtic
7529,Bill Walker,736420.00,2009,2010,NYK,New York Knicks
7984,Bill Walker,854389.00,2010,2011,NYK,New York Knicks
27,Bill Wennington,700000.00,1990,1991,SAC,Sacramento Kings
1131,Bill Wennington,150000.00,1993,1994,CHI,Chicago Bulls
1865,Bill Wennington,1000000.00,1995,1996,CHI,Chicago Bulls
2236,Bill Wennington,1000000.00,1996,1997,CHI,Chicago Bulls
2625,Bill Wennington,1800000.00,1997,1998,CHI,Chicago Bulls
3006,Bill Wennington,1000000.00,1998,1999,CHI,Chicago Bulls
3380,Bill Wennington,510000.00,1999,2000,SAC,Sacramento Kings
380,Billy Owens,1509000.00,1991,1992,GSW,Golden State Warriors
756,Billy Owens,1962000.00,1992,1993,GSW,Golden State Warriors
1132,Billy Owens,2414000.00,1993,1994,GSW,Golden State Warriors
1522,Billy Owens,2867000.00,1994,1995,MIA,Miami Heat
1866,Billy Owens,3320000.00,1995,1996,MIA,Miami Heat
2237,Billy Owens,3773000.00,1996,1997,SAC,Sacramento Kings
2626,Billy Owens,4225200.00,1997,1998,SAC,Sacramento Kings
3007,Billy Owens,1750000.00,1998,1999,OKC,Oklahoma City Thunder
3381,Billy Owens,2090000.00,1999,2000,GSW,Golden State Warriors
3733,Billy Owens,2100000.00,2000,2001,DET,Detroit Pistons
6704,Billy Thomas,510529.00,2007,2008,NJN,Brooklyn Nets
6705,Billy Thomas,264897.00,2007,2008,CLE,Cleveland Caveliers
28,Billy Thompson,400000.00,1990,1991,MIA,Miami Heat
29,Bimbo Coles,290000.00,1990,1991,MIA,Miami Heat
381,Bimbo Coles,212000.00,1991,1992,MIA,Miami Heat
757,Bimbo Coles,650000.00,1992,1993,MIA,Miami Heat
1133,Bimbo Coles,802000.00,1993,1994,MIA,Miami Heat
1523,Bimbo Coles,902000.00,1994,1995,MIA,Miami Heat
1867,Bimbo Coles,1002000.00,1995,1996,MIA,Miami Heat
2238,Bimbo Coles,1400000.00,1996,1997,GSW,Golden State Warriors
2627,Bimbo Coles,1700000.00,1997,1998,GSW,Golden State Warriors
3008,Bimbo Coles,2000000.00,1998,1999,GSW,Golden State Warriors
3382,Bimbo Coles,2300000.00,1999,2000,ATL,Atlanta Hawks
3734,Bimbo Coles,2250000.00,2000,2001,CLE,Cleveland Caveliers
4152,Bimbo Coles,2200000.00,2001,2002,CLE,Cleveland Caveliers
4614,Bimbo Coles,2400000.00,2002,2003,CLE,Cleveland Caveliers
5036,Bimbo Coles,1070000.00,2003,2004,MIA,Miami Heat
5037,Bimbo Coles,1050000.00,2003,2004,CLE,Cleveland Caveliers
10201,Bismack Biyombo,3000000.00,2015,2016,TOR,Toronto Raptors 
10774,Bismack Biyombo,17000000.00,2016,2017,ORL,Orlando Magic
11364,Bismack Biyombo,17000000.00,2017,2018,ORL,Orlando Magic
382,Bison Dele,777000.00,1991,1992,ORL,Orlando Magic
758,Bison Dele,1011000.00,1992,1993,ORL,Orlando Magic
1134,Bison Dele,1244000.00,1993,1994,DEN,Denver Nuggets
1524,Bison Dele,2000000.00,1994,1995,DEN,Denver Nuggets
1868,Bison Dele,2200000.00,1995,1996,LAC,Los Angeles Clippers
2628,Bison Dele,4050000.00,1997,1998,DET,Detroit Pistons
3009,Bison Dele,4860000.00,1998,1999,DET,Detroit Pistons
3383,Bison Dele,5770000.00,1999,2000,DET,Detroit Pistons
30,Blair Rasmussen,2185000.00,1990,1991,DEN,Denver Nuggets
383,Blair Rasmussen,1558000.00,1991,1992,ATL,Atlanta Hawks
759,Blair Rasmussen,1988000.00,1992,1993,ATL,Atlanta Hawks
1135,Blair Rasmussen,2457000.00,1993,1994,ATL,Atlanta Hawks
1525,Blair Rasmussen,2747500.00,1994,1995,ATL,Atlanta Hawks
1869,Blair Rasmussen,3088000.00,1995,1996,ATL,Atlanta Hawks
7108,Blake Ahearn,125562.00,2008,2009,SAS,San Antonio Spurs
7530,Blake Griffin,4983480.00,2009,2010,LAC,Los Angeles Clippers
7985,Blake Griffin,5357280.00,2010,2011,LAC,Los Angeles Clippers
8387,Blake Griffin,5731080.00,2011,2012,LAC,Los Angeles Clippers
8839,Blake Griffin,7226892.00,2012,2013,LAC,Los Angeles Clippers
9271,Blake Griffin,16441500.00,2013,2014,LAC,Los Angeles Clippers
9678,Blake Griffin,17674612.00,2014,2015,LAC,Los Angeles Clippers
10202,Blake Griffin,18907725.00,2015,2016,LAC,Los Angeles Clippers
10775,Blake Griffin,20140838.00,2016,2017,LAC,Los Angeles Clippers
11365,Blake Griffin,29512900.00,2017,2018,LAC,Los Angeles Clippers
31,Blue Edwards,360000.00,1990,1991,UTA,Utah Jazz
384,Blue Edwards,390000.00,1991,1992,UTA,Utah Jazz
760,Blue Edwards,475000.00,1992,1993,MIL,Milwaukee Bucks
1136,Blue Edwards,1500000.00,1993,1994,MIL,Milwaukee Bucks
1526,Blue Edwards,1700000.00,1994,1995,BOS,Boston Celtic
1870,Blue Edwards,1900000.00,1995,1996,MEM,Memphis Grizzlies
2239,Blue Edwards,2100000.00,1996,1997,MEM,Memphis Grizzlies
2629,Blue Edwards,2300000.00,1997,1998,MEM,Memphis Grizzlies
3010,Blue Edwards,850000.00,1998,1999,MIA,Miami Heat
32,Bo Kimble,950000.00,1990,1991,LAC,Los Angeles Clippers
385,Bo Kimble,1150000.00,1991,1992,LAC,Los Angeles Clippers
761,Bo Kimble,865000.00,1992,1993,NYK,New York Knicks
1137,Bo Kimble,1150000.00,1993,1994,NYK,New York Knicks
1527,Bo Kimble,1435000.00,1994,1995,NYK,New York Knicks
1528,Bo Outlaw,250000.00,1994,1995,LAC,Los Angeles Clippers
1871,Bo Outlaw,500000.00,1995,1996,LAC,Los Angeles Clippers
2240,Bo Outlaw,600000.00,1996,1997,LAC,Los Angeles Clippers
2630,Bo Outlaw,1000000.00,1997,1998,ORL,Orlando Magic
3011,Bo Outlaw,1150000.00,1998,1999,ORL,Orlando Magic
3735,Bo Outlaw,4500000.00,2000,2001,ORL,Orlando Magic
4153,Bo Outlaw,6000000.00,2001,2002,PHO,Phoenix Suns
4615,Bo Outlaw,6585000.00,2002,2003,PHO,Phoenix Suns
5038,Bo Outlaw,6585000.00,2003,2004,MEM,Memphis Grizzlies
5460,Bo Outlaw,6573148.00,2004,2005,MEM,Memphis Grizzlies
5461,Bo Outlaw,1059756.00,2004,2005,PHO,Phoenix Suns
5882,Bo Outlaw,1138500.00,2005,2006,ORL,Orlando Magic
6323,Bo Outlaw,1178348.00,2006,2007,ORL,Orlando Magic
6706,Bo Outlaw,160071.00,2007,2008,ORL,Orlando Magic
33,Bob Hansen,550000.00,1990,1991,SAC,Sacramento Kings
386,Bob Hansen,600000.00,1991,1992,CHI,Chicago Bulls
762,Bob Hansen,600000.00,1992,1993,CHI,Chicago Bulls
1529,Bob Martin,250000.00,1994,1995,LAC,Los Angeles Clippers
1872,Bob McCann,300000.00,1995,1996,WAS,Washington Wizards
1873,Bob Sura,752000.00,1995,1996,CLE,Cleveland Caveliers
2241,Bob Sura,864000.00,1996,1997,CLE,Cleveland Caveliers
2631,Bob Sura,976920.00,1997,1998,CLE,Cleveland Caveliers
3012,Bob Sura,3133000.00,1998,1999,CLE,Cleveland Caveliers
3384,Bob Sura,3760000.00,1999,2000,CLE,Cleveland Caveliers
3736,Bob Sura,4390000.00,2000,2001,GSW,Golden State Warriors
4154,Bob Sura,5213333.00,2001,2002,GSW,Golden State Warriors
4616,Bob Sura,5639999.00,2002,2003,GSW,Golden State Warriors
5039,Bob Sura,6266666.00,2003,2004,DET,Detroit Pistons
5462,Bob Sura,3200000.00,2004,2005,HOU,Houston Rockets
5883,Bob Sura,3520000.00,2005,2006,HOU,Houston Rockets
6324,Bob Sura,3840000.00,2006,2007,HOU,Houston Rockets
34,Bob Thornton,335000.00,1990,1991,MIN,Minnesota Timberwolves
387,Bob Thornton,335000.00,1991,1992,MIN,Minnesota Timberwolves
10203,Boban Marjanovic,1200000.00,2015,2016,SAS,San Antonio Spurs
10776,Boban Marjanovic,7000000.00,2016,2017,DET,Detroit Pistons
11366,Boban Marjanovic,7000000.00,2017,2018,DET,Detroit Pistons
7109,Bobby Brown,442114.00,2008,2009,MIN,Minnesota Timberwolves
7531,Bobby Brown,736420.00,2009,2010,LAC,Los Angeles Clippers
10777,Bobby Brown,934293.00,2016,2017,HOU,Houston Rockets
11367,Bobby Brown,1524305.00,2017,2018,HOU,Houston Rockets
1138,Bobby Hurley,1616000.00,1993,1994,SAC,Sacramento Kings
1530,Bobby Hurley,2100000.00,1994,1995,SAC,Sacramento Kings
1874,Bobby Hurley,2584000.00,1995,1996,SAC,Sacramento Kings
2242,Bobby Hurley,3068000.00,1996,1997,SAC,Sacramento Kings
2632,Bobby Hurley,3552000.00,1997,1998,SAC,Sacramento Kings
3013,Bobby Hurley,4030000.00,1998,1999,MEM,Memphis Grizzlies
2633,Bobby Jackson,694920.00,1997,1998,DEN,Denver Nuggets
3014,Bobby Jackson,799200.00,1998,1999,MIN,Minnesota Timberwolves
3385,Bobby Jackson,903360.00,1999,2000,MIN,Minnesota Timberwolves
3737,Bobby Jackson,2250000.00,2000,2001,SAC,Sacramento Kings
4155,Bobby Jackson,2475000.00,2001,2002,SAC,Sacramento Kings
4617,Bobby Jackson,2700000.00,2002,2003,SAC,Sacramento Kings
5040,Bobby Jackson,2925000.00,2003,2004,SAC,Sacramento Kings
5463,Bobby Jackson,3150000.00,2004,2005,SAC,Sacramento Kings
5884,Bobby Jackson,3375000.00,2005,2006,MEM,Memphis Grizzlies
6325,Bobby Jackson,5259000.00,2006,2007,NOH,New Orleans Pelicans
7110,Bobby Jackson,6487888.00,2008,2009,SAC,Sacramento Kings
6326,Bobby Jones,412718.00,2006,2007,PHI,Philadelphia 76ers
6707,Bobby Jones,687456.00,2007,2008,DEN,Denver Nuggets
6708,Bobby Jones,85932.00,2007,2008,MEM,Memphis Grizzlies
388,Bobby Phills,130000.00,1991,1992,MIL,Milwaukee Bucks
763,Bobby Phills,250000.00,1992,1993,CLE,Cleveland Caveliers
1139,Bobby Phills,313000.00,1993,1994,CLE,Cleveland Caveliers
1531,Bobby Phills,1458000.00,1994,1995,CLE,Cleveland Caveliers
1875,Bobby Phills,1658000.00,1995,1996,CLE,Cleveland Caveliers
2243,Bobby Phills,1808000.00,1996,1997,CLE,Cleveland Caveliers
2634,Bobby Phills,2900000.00,1997,1998,CHA,Charlotte Hornets
3015,Bobby Phills,3480000.00,1998,1999,CHA,Charlotte Hornets
3738,Bobby Phills,4640000.00,2000,2001,CHA,Charlotte Hornets
4156,Bobby Phills,5220000.00,2001,2002,CHA,Charlotte Hornets
10204,Bobby Portis,1391160.00,2015,2016,CHI,Chicago Bulls
10778,Bobby Portis,1453680.00,2016,2017,CHI,Chicago Bulls
11368,Bobby Portis,1516320.00,2017,2018,CHI,Chicago Bulls
4157,Bobby Simmons,332817.00,2001,2002,WAS,Washington Wizards
4618,Bobby Simmons,512435.00,2002,2003,DET,Detroit Pistons
4619,Bobby Simmons,337457.00,2002,2003,WAS,Washington Wizards
5464,Bobby Simmons,825000.00,2004,2005,LAC,Los Angeles Clippers
5885,Bobby Simmons,8000000.00,2005,2006,MIL,Milwaukee Bucks
6327,Bobby Simmons,8640000.00,2006,2007,MIL,Milwaukee Bucks
6709,Bobby Simmons,9280000.00,2007,2008,MIL,Milwaukee Bucks
7111,Bobby Simmons,10602667.00,2008,2009,NJN,Brooklyn Nets
7532,Bobby Simmons,10560000.00,2009,2010,NJN,Brooklyn Nets
7986,Bobby Simmons,71951.00,2010,2011,SAS,San Antonio Spurs
8388,Bobby Simmons,594836.00,2011,2012,LAC,Los Angeles Clippers
11369,Bogdan Bogdanovic,9470614.00,2017,2018,SAC,Sacramento Kings
9679,Bojan Bogdanovic,3278000.00,2014,2015,NJN,Brooklyn Nets
10205,Bojan Bogdanovic,3425510.00,2015,2016,NJN,Brooklyn Nets
10779,Bojan Bogdanovic,3730653.00,2016,2017,WAS,Washington Wizards
11370,Bojan Bogdanovic,10500000.00,2017,2018,IND,Indiana Pacers
5886,Boniface N\'Dong,398762.00,2005,2006,LAC,Los Angeles Clippers
6328,Boniface N\'Dong,839209.00,2006,2007,LAC,Los Angeles Clippers
3739,Bonzi Wells,1528440.00,2000,2001,POR,Portland Trail Blazers
4158,Bonzi Wells,2028239.00,2001,2002,POR,Portland Trail Blazers
4620,Bonzi Wells,6300000.00,2002,2003,POR,Portland Trail Blazers
5041,Bonzi Wells,7000000.00,2003,2004,MEM,Memphis Grizzlies
5465,Bonzi Wells,7700000.00,2004,2005,MEM,Memphis Grizzlies
5887,Bonzi Wells,8000000.00,2005,2006,SAC,Sacramento Kings
6329,Bonzi Wells,2115000.00,2006,2007,HOU,Houston Rockets
6710,Bonzi Wells,2284200.00,2007,2008,NOH,New Orleans Pelicans
5042,Boris Diaw,1021080.00,2003,2004,ATL,Atlanta Hawks
5466,Boris Diaw,1097640.00,2004,2005,ATL,Atlanta Hawks
6330,Boris Diaw,1870501.00,2006,2007,PHO,Phoenix Suns
6711,Boris Diaw,9000000.00,2007,2008,PHO,Phoenix Suns
8840,Boris Diaw,4500000.00,2012,2013,SAS,San Antonio Spurs
9272,Boris Diaw,4702500.00,2013,2014,SAS,San Antonio Spurs
9680,Boris Diaw,7500000.00,2014,2015,SAS,San Antonio Spurs
10206,Boris Diaw,7000000.00,2015,2016,SAS,San Antonio Spurs
10780,Boris Diaw,7000000.00,2016,2017,UTA,Utah Jazz
5043,Bostjan Nachbar,1396440.00,2003,2004,HOU,Houston Rockets
5467,Bostjan Nachbar,1493880.00,2004,2005,HOU,Houston Rockets
5888,Bostjan Nachbar,2500000.00,2005,2006,NOH,New Orleans Pelicans
6331,Bostjan Nachbar,2500000.00,2006,2007,NJN,Brooklyn Nets
6712,Bostjan Nachbar,2500000.00,2007,2008,NJN,Brooklyn Nets
5889,Bracey Wright,398762.00,2005,2006,MIN,Minnesota Timberwolves
6332,Bracey Wright,664209.00,2006,2007,MIN,Minnesota Timberwolves
35,Brad Daugherty,1320000.00,1990,1991,CLE,Cleveland Caveliers
389,Brad Daugherty,2245000.00,1991,1992,CLE,Cleveland Caveliers
764,Brad Daugherty,2923000.00,1992,1993,CLE,Cleveland Caveliers
1140,Brad Daugherty,3541000.00,1993,1994,CLE,Cleveland Caveliers
1532,Brad Daugherty,3800000.00,1994,1995,CLE,Cleveland Caveliers
1876,Brad Daugherty,4700000.00,1995,1996,CLE,Cleveland Caveliers
36,Brad Davis,600000.00,1990,1991,DAL,Dallas Mavericks
390,Brad Davis,600000.00,1991,1992,DAL,Dallas Mavericks
37,Brad Lohaus,1275000.00,1990,1991,MIL,Milwaukee Bucks
391,Brad Lohaus,1377000.00,1991,1992,MIL,Milwaukee Bucks
765,Brad Lohaus,583000.00,1992,1993,MIL,Milwaukee Bucks
1141,Brad Lohaus,958000.00,1993,1994,MIL,Milwaukee Bucks
1533,Brad Lohaus,325000.00,1994,1995,MIA,Miami Heat
1877,Brad Lohaus,485000.00,1995,1996,SAS,San Antonio Spurs
3016,Brad Miller,287500.00,1998,1999,CHA,Charlotte Hornets
3740,Brad Miller,4000000.00,2000,2001,CHI,Chicago Bulls
4159,Brad Miller,4400000.00,2001,2002,CHI,Chicago Bulls
4621,Brad Miller,4800000.00,2002,2003,IND,Indiana Pacers
5044,Brad Miller,7000000.00,2003,2004,SAC,Sacramento Kings
5468,Brad Miller,7875000.00,2004,2005,SAC,Sacramento Kings
5890,Brad Miller,8750000.00,2005,2006,SAC,Sacramento Kings
6333,Brad Miller,9625000.00,2006,2007,SAC,Sacramento Kings
7112,Brad Miller,11375000.00,2008,2009,CHI,Chicago Bulls
7533,Brad Miller,12250000.00,2009,2010,CHI,Chicago Bulls
7987,Brad Miller,4400000.00,2010,2011,HOU,Houston Rockets
8389,Brad Miller,4752000.00,2011,2012,MIN,Minnesota Timberwolves
8841,Brad Miller,848000.00,2012,2013,PHO,Phoenix Suns
8842,Bradley Beal,4133280.00,2012,2013,WAS,Washington Wizards
9273,Bradley Beal,4319280.00,2013,2014,WAS,Washington Wizards
9681,Bradley Beal,4505280.00,2014,2015,WAS,Washington Wizards
10207,Bradley Beal,5694674.00,2015,2016,WAS,Washington Wizards
10781,Bradley Beal,22116750.00,2016,2017,WAS,Washington Wizards
11371,Bradley Beal,23775506.00,2017,2018,WAS,Washington Wizards
10782,Brady Heslip,56500.00,2016,2017,TOR,Toronto Raptors 
6713,Brandan Wright,2323080.00,2007,2008,GSW,Golden State Warriors
7534,Brandan Wright,2671440.00,2009,2010,GSW,Golden State Warriors
7988,Brandan Wright,3398072.00,2010,2011,NJN,Brooklyn Nets
9274,Brandan Wright,5000000.00,2013,2014,DAL,Dallas Mavericks
9682,Brandan Wright,5000000.00,2014,2015,PHO,Phoenix Suns
10208,Brandan Wright,5500000.00,2015,2016,MEM,Memphis Grizzlies
10783,Brandan Wright,5700000.00,2016,2017,MEM,Memphis Grizzlies
11372,Brandan Wright,5955760.00,2017,2018,MEM,Memphis Grizzlies
10209,Branden Dawson,525093.00,2015,2016,LAC,Los Angeles Clippers
4160,Brandon Armstrong,865800.00,2001,2002,NJN,Brooklyn Nets
4622,Brandon Armstrong,930720.00,2002,2003,NJN,Brooklyn Nets
5045,Brandon Armstrong,995650.00,2003,2004,NJN,Brooklyn Nets
10210,Brandon Ashley,50000.00,2015,2016,DAL,Dallas Mavericks
5891,Brandon Bass,398762.00,2005,2006,NOH,New Orleans Pelicans
6334,Brandon Bass,664209.00,2006,2007,NOH,New Orleans Pelicans
6714,Brandon Bass,770610.00,2007,2008,DAL,Dallas Mavericks
7113,Brandon Bass,826269.00,2008,2009,DAL,Dallas Mavericks
7535,Brandon Bass,4000000.00,2009,2010,ORL,Orlando Magic
7989,Brandon Bass,4000000.00,2010,2011,ORL,Orlando Magic
8390,Brandon Bass,4250000.00,2011,2012,BOS,Boston Celtic
9275,Brandon Bass,6450000.00,2013,2014,BOS,Boston Celtic
9683,Brandon Bass,6900000.00,2014,2015,BOS,Boston Celtic
10211,Brandon Bass,3000000.00,2015,2016,LAL,Los Angeles Lakers
10784,Brandon Bass,1551659.00,2016,2017,LAC,Los Angeles Clippers
5046,Brandon Hunter,366931.00,2003,2004,BOS,Boston Celtic
5469,Brandon Hunter,620046.00,2004,2005,ORL,Orlando Magic
10785,Brandon Ingram,5281680.00,2016,2017,LAL,Los Angeles Lakers
11373,Brandon Ingram,5519400.00,2017,2018,LAL,Los Angeles Lakers
7536,Brandon Jennings,2168520.00,2009,2010,MIL,Milwaukee Bucks
7990,Brandon Jennings,2331120.00,2010,2011,MIL,Milwaukee Bucks
8391,Brandon Jennings,2493720.00,2011,2012,MIL,Milwaukee Bucks
8843,Brandon Jennings,3179493.00,2012,2013,MIL,Milwaukee Bucks
9276,Brandon Jennings,7655503.00,2013,2014,DET,Detroit Pistons
9684,Brandon Jennings,8000000.00,2014,2015,DET,Detroit Pistons
10212,Brandon Jennings,8344497.00,2015,2016,ORL,Orlando Magic
10786,Brandon Jennings,4837318.00,2016,2017,NYK,New York Knicks
10787,Brandon Jennings,1200000.00,2016,2017,WAS,Washington Wizards
8392,Brandon Knight,2563320.00,2011,2012,DET,Detroit Pistons
9277,Brandon Knight,2793960.00,2013,2014,MIL,Milwaukee Bucks
9685,Brandon Knight,3553917.00,2014,2015,PHO,Phoenix Suns
10213,Brandon Knight,12000000.00,2015,2016,PHO,Phoenix Suns
10788,Brandon Knight,12606250.00,2016,2017,PHO,Phoenix Suns
11374,Brandon Knight,13618750.00,2017,2018,PHO,Phoenix Suns
10789,Brandon Paul,155000.00,2016,2017,PHI,Philadelphia 76ers
11375,Brandon Paul,815615.00,2017,2018,SAS,San Antonio Spurs
6335,Brandon Roy,2681880.00,2006,2007,POR,Portland Trail Blazers
6715,Brandon Roy,2883120.00,2007,2008,POR,Portland Trail Blazers
7114,Brandon Roy,3084240.00,2008,2009,POR,Portland Trail Blazers
7537,Brandon Roy,3910816.00,2009,2010,POR,Portland Trail Blazers
7991,Brandon Roy,13520500.00,2010,2011,POR,Portland Trail Blazers
8393,Brandon Roy,16032144.00,2011,2012,POR,Portland Trail Blazers
8844,Brandon Roy,16359805.00,2012,2013,POR,Portland Trail Blazers
8845,Brandon Roy,5100000.00,2012,2013,MIN,Minnesota Timberwolves
9686,Brandon Roy,19317326.00,2014,2015,POR,Portland Trail Blazers
7115,Brandon Rush,1799160.00,2008,2009,IND,Indiana Pacers
7538,Brandon Rush,1934160.00,2009,2010,IND,Indiana Pacers
7992,Brandon Rush,2069049.00,2010,2011,IND,Indiana Pacers
8394,Brandon Rush,2956658.00,2011,2012,GSW,Golden State Warriors
8846,Brandon Rush,4000000.00,2012,2013,GSW,Golden State Warriors
9278,Brandon Rush,4000000.00,2013,2014,UTA,Utah Jazz
9687,Brandon Rush,1145685.00,2014,2015,GSW,Golden State Warriors
10214,Brandon Rush,1270964.00,2015,2016,GSW,Golden State Warriors
10790,Brandon Rush,3500000.00,2016,2017,MIN,Minnesota Timberwolves
3386,Brandon Williams,35176.00,1999,2000,ATL,Atlanta Hawks
4161,Brendan Haywood,978600.00,2001,2002,WAS,Washington Wizards
4623,Brendan Haywood,1051920.00,2002,2003,WAS,Washington Wizards
5047,Brendan Haywood,1125360.00,2003,2004,WAS,Washington Wizards
5470,Brendan Haywood,1735305.00,2004,2005,WAS,Washington Wizards
5892,Brendan Haywood,4000000.00,2005,2006,WAS,Washington Wizards
6336,Brendan Haywood,4500000.00,2006,2007,WAS,Washington Wizards
6716,Brendan Haywood,5000000.00,2007,2008,WAS,Washington Wizards
7116,Brendan Haywood,5500000.00,2008,2009,WAS,Washington Wizards
7539,Brendan Haywood,6000000.00,2009,2010,DAL,Dallas Mavericks
7993,Brendan Haywood,6900000.00,2010,2011,DAL,Dallas Mavericks
8395,Brendan Haywood,7624500.00,2011,2012,DAL,Dallas Mavericks
8847,Brendan Haywood,6299000.00,2012,2013,DAL,Dallas Mavericks
9688,Brendan Haywood,7798000.00,2014,2015,DAL,Dallas Mavericks
9689,Brendan Haywood,2213688.00,2014,2015,CLE,Cleveland Caveliers
1878,Brent Barry,833000.00,1995,1996,LAC,Los Angeles Clippers
2244,Brent Barry,958000.00,1996,1997,LAC,Los Angeles Clippers
2635,Brent Barry,1082520.00,1997,1998,LAC,Los Angeles Clippers
3017,Brent Barry,3600000.00,1998,1999,CHI,Chicago Bulls
3387,Brent Barry,3960000.00,1999,2000,OKC,Oklahoma City Thunder
3741,Brent Barry,4320000.00,2000,2001,OKC,Oklahoma City Thunder
4162,Brent Barry,4680000.00,2001,2002,OKC,Oklahoma City Thunder
4624,Brent Barry,5040000.00,2002,2003,OKC,Oklahoma City Thunder
5048,Brent Barry,5400000.00,2003,2004,OKC,Oklahoma City Thunder
6337,Brent Barry,5117880.00,2006,2007,SAS,San Antonio Spurs
6717,Brent Barry,5544370.00,2007,2008,OKC,Oklahoma City Thunder
7117,Brent Barry,1910000.00,2008,2009,HOU,Houston Rockets
7540,Brent Barry,2062800.00,2009,2010,HOU,Houston Rockets
766,Brent Price,283000.00,1992,1993,WAS,Washington Wizards
1142,Brent Price,283000.00,1993,1994,WAS,Washington Wizards
1534,Brent Price,328750.00,1994,1995,WAS,Washington Wizards
1879,Brent Price,250000.00,1995,1996,WAS,Washington Wizards
2245,Brent Price,1600000.00,1996,1997,HOU,Houston Rockets
3018,Brent Price,2240000.00,1998,1999,HOU,Houston Rockets
3388,Brent Price,2944000.00,1999,2000,MEM,Memphis Grizzlies
3742,Brent Price,2880000.00,2000,2001,MEM,Memphis Grizzlies
4163,Brent Price,3680000.00,2001,2002,SAC,Sacramento Kings
4625,Brent Price,4048000.00,2002,2003,SAC,Sacramento Kings
2246,Brent Scott,247500.00,1996,1997,IND,Indiana Pacers
2247,Brett Szabo,220000.00,1996,1997,BOS,Boston Celtic
2636,Brevin Knight,949320.00,1997,1998,CLE,Cleveland Caveliers
3019,Brevin Knight,1092000.00,1998,1999,CLE,Cleveland Caveliers
3389,Brevin Knight,1234080.00,1999,2000,CLE,Cleveland Caveliers
3743,Brevin Knight,4250000.00,2000,2001,CLE,Cleveland Caveliers
4164,Brevin Knight,4500000.00,2001,2002,MEM,Memphis Grizzlies
4626,Brevin Knight,5000000.00,2002,2003,MEM,Memphis Grizzlies
5049,Brevin Knight,5000000.00,2003,2004,WAS,Washington Wizards
6718,Brevin Knight,1600000.00,2007,2008,LAC,Los Angeles Clippers
7118,Brevin Knight,2000000.00,2008,2009,UTA,Utah Jazz
3744,Brian Cardinal,316969.00,2000,2001,DET,Detroit Pistons
4165,Brian Cardinal,465850.00,2001,2002,DET,Detroit Pistons
4627,Brian Cardinal,587435.00,2002,2003,WAS,Washington Wizards
5050,Brian Cardinal,663679.00,2003,2004,GSW,Golden State Warriors
5471,Brian Cardinal,4903000.00,2004,2005,MEM,Memphis Grizzlies
5893,Brian Cardinal,5393300.00,2005,2006,MEM,Memphis Grizzlies
6338,Brian Cardinal,5400000.00,2006,2007,MEM,Memphis Grizzlies
6719,Brian Cardinal,5850000.00,2007,2008,MEM,Memphis Grizzlies
7119,Brian Cardinal,6300000.00,2008,2009,MIN,Minnesota Timberwolves
7541,Brian Cardinal,6750000.00,2009,2010,NYK,New York Knicks
7994,Brian Cardinal,1352181.00,2010,2011,DAL,Dallas Mavericks
8396,Brian Cardinal,1352181.00,2011,2012,DAL,Dallas Mavericks
5051,Brian Cook,903360.00,2003,2004,LAL,Los Angeles Lakers
5472,Brian Cook,971160.00,2004,2005,LAL,Los Angeles Lakers
5894,Brian Cook,1038960.00,2005,2006,LAL,Los Angeles Lakers
6339,Brian Cook,1817141.00,2006,2007,LAL,Los Angeles Lakers
6720,Brian Cook,3500000.00,2007,2008,ORL,Orlando Magic
7120,Brian Cook,3500000.00,2008,2009,HOU,Houston Rockets
7542,Brian Cook,3500000.00,2009,2010,HOU,Houston Rockets
7995,Brian Cook,1146337.00,2010,2011,LAC,Los Angeles Clippers
8397,Brian Cook,1223166.00,2011,2012,LAC,Los Angeles Clippers
1143,Brian Davis,150000.00,1993,1994,MIN,Minnesota Timberwolves
2248,Brian Evans,551000.00,1996,1997,ORL,Orlando Magic
2637,Brian Evans,607545.00,1997,1998,ORL,Orlando Magic
3020,Brian Evans,686780.00,1998,1999,MIN,Minnesota Timberwolves
1535,Brian Grant,808000.00,1994,1995,SAC,Sacramento Kings
1880,Brian Grant,1050000.00,1995,1996,SAC,Sacramento Kings
2249,Brian Grant,1293000.00,1996,1997,SAC,Sacramento Kings
2638,Brian Grant,5000000.00,1997,1998,POR,Portland Trail Blazers
3745,Brian Grant,8900000.00,2000,2001,MIA,Miami Heat
4166,Brian Grant,9925076.00,2001,2002,MIA,Miami Heat
4628,Brian Grant,11027862.00,2002,2003,MIA,Miami Heat
5052,Brian Grant,12130648.00,2003,2004,MIA,Miami Heat
5473,Brian Grant,13233434.00,2004,2005,LAL,Los Angeles Lakers
5895,Brian Grant,14336220.00,2005,2006,LAL,Los Angeles Lakers
6340,Brian Grant,14848080.00,2006,2007,LAL,Los Angeles Lakers
767,Brian Howard,200000.00,1992,1993,DAL,Dallas Mavericks
38,Brian Oliver,455000.00,1990,1991,PHI,Philadelphia 76ers
392,Brian Oliver,456000.00,1991,1992,PHI,Philadelphia 76ers
768,Brian Oliver,456000.00,1992,1993,PHI,Philadelphia 76ers
1144,Brian Oliver,456000.00,1993,1994,PHI,Philadelphia 76ers
1536,Brian Oliver,150000.00,1994,1995,WAS,Washington Wizards
39,Brian Quinnett,360000.00,1990,1991,NYK,New York Knicks
393,Brian Quinnett,450000.00,1991,1992,NYK,New York Knicks
8848,Brian Roberts,473604.00,2012,2013,NOH,New Orleans Pelicans
9279,Brian Roberts,788872.00,2013,2014,NOH,New Orleans Pelicans
10215,Brian Roberts,2854940.00,2015,2016,POR,Portland Trail Blazers
10791,Brian Roberts,1050961.00,2016,2017,CHA,Charlotte Hornets
4167,Brian Scalabrine,332817.00,2001,2002,NJN,Brooklyn Nets
4629,Brian Scalabrine,512435.00,2002,2003,NJN,Brooklyn Nets
5053,Brian Scalabrine,800000.00,2003,2004,NJN,Brooklyn Nets
5474,Brian Scalabrine,900000.00,2004,2005,NJN,Brooklyn Nets
5896,Brian Scalabrine,2586207.00,2005,2006,BOS,Boston Celtic
7121,Brian Scalabrine,3206897.00,2008,2009,BOS,Boston Celtic
7543,Brian Scalabrine,3413793.00,2009,2010,BOS,Boston Celtic
7996,Brian Scalabrine,1229255.00,2010,2011,CHI,Chicago Bulls
8398,Brian Scalabrine,1352181.00,2011,2012,CHI,Chicago Bulls
40,Brian Shaw,1212000.00,1990,1991,BOS,Boston Celtic
394,Brian Shaw,1313000.00,1991,1992,BOS,Boston Celtic
769,Brian Shaw,1413000.00,1992,1993,MIA,Miami Heat
1145,Brian Shaw,1513000.00,1993,1994,MIA,Miami Heat
1881,Brian Shaw,4250000.00,1995,1996,ORL,Orlando Magic
2250,Brian Shaw,4000000.00,1996,1997,ORL,Orlando Magic
2639,Brian Shaw,3750000.00,1997,1998,GSW,Golden State Warriors
3021,Brian Shaw,3400000.00,1998,1999,PHI,Philadelphia 76ers
3390,Brian Shaw,1100000.00,1999,2000,HOU,Houston Rockets
3391,Brian Shaw,510000.00,1999,2000,LAL,Los Angeles Lakers
3746,Brian Shaw,2250000.00,2000,2001,LAL,Los Angeles Lakers
4168,Brian Shaw,963415.00,2001,2002,LAL,Los Angeles Lakers
4630,Brian Shaw,1030000.00,2002,2003,LAL,Los Angeles Lakers
3022,Brian Skinner,653500.00,1998,1999,LAC,Los Angeles Clippers
3392,Brian Skinner,843000.00,1999,2000,LAC,Los Angeles Clippers
3747,Brian Skinner,901800.00,2000,2001,LAC,Los Angeles Clippers
4169,Brian Skinner,1483461.00,2001,2002,CLE,Cleveland Caveliers
5054,Brian Skinner,1500000.00,2003,2004,MIL,Milwaukee Bucks
5475,Brian Skinner,4500000.00,2004,2005,PHI,Philadelphia 76ers
5897,Brian Skinner,4950000.00,2005,2006,SAC,Sacramento Kings
6341,Brian Skinner,5400000.00,2006,2007,MIL,Milwaukee Bucks
6721,Brian Skinner,1108718.00,2007,2008,PHO,Phoenix Suns
7122,Brian Skinner,1262275.00,2008,2009,LAC,Los Angeles Clippers
7544,Brian Skinner,1306455.00,2009,2010,LAC,Los Angeles Clippers
7997,Brian Skinner,270436.00,2010,2011,MIL,Milwaukee Bucks
8399,Brian Skinner,65446.00,2011,2012,MEM,Memphis Grizzlies
10216,Briante Weber,30888.00,2015,2016,MEM,Memphis Grizzlies
10217,Briante Weber,12355.00,2015,2016,MIA,Miami Heat
10792,Briante Weber,328000.00,2016,2017,MIA,Miami Heat
10793,Briante Weber,231521.00,2016,2017,CHA,Charlotte Hornets
10794,Briante Weber,102898.00,2016,2017,GSW,Golden State Warriors
11376,Briante Weber,50000.00,2017,2018,LAL,Los Angeles Lakers
10795,Brice Johnson,1273920.00,2016,2017,LAC,Los Angeles Clippers
11377,Brice Johnson,1331160.00,2017,2018,LAC,Los Angeles Clippers
5055,Britton Johnsen,44748.00,2003,2004,ORL,Orlando Magic
5476,Britton Johnsen,45369.00,2004,2005,IND,Indiana Pacers
7123,Brook Lopez,2098560.00,2008,2009,NJN,Brooklyn Nets
7545,Brook Lopez,2225880.00,2009,2010,NJN,Brooklyn Nets
7998,Brook Lopez,2413320.00,2010,2011,NJN,Brooklyn Nets
8400,Brook Lopez,3076983.00,2011,2012,NJN,Brooklyn Nets
8849,Brook Lopez,13668750.00,2012,2013,NJN,Brooklyn Nets
9280,Brook Lopez,14693906.00,2013,2014,NJN,Brooklyn Nets
9690,Brook Lopez,15719063.00,2014,2015,NJN,Brooklyn Nets
10218,Brook Lopez,20000000.00,2015,2016,NJN,Brooklyn Nets
10796,Brook Lopez,21165675.00,2016,2017,NJN,Brooklyn Nets
11378,Brook Lopez,22642350.00,2017,2018,LAL,Los Angeles Lakers
1882,Brooks Thompson,825000.00,1995,1996,ORL,Orlando Magic
2251,Brooks Thompson,1118000.00,1996,1997,UTA,Utah Jazz
2252,Brooks Thompson,214300.00,1996,1997,DEN,Denver Nuggets
2640,Bruce Bowen,422500.00,1997,1998,BOS,Boston Celtic
3023,Bruce Bowen,507000.00,1998,1999,BOS,Boston Celtic
3748,Bruce Bowen,733000.00,2000,2001,MIA,Miami Heat
4170,Bruce Bowen,715850.00,2001,2002,SAS,San Antonio Spurs
4631,Bruce Bowen,3550000.00,2002,2003,SAS,San Antonio Spurs
5056,Bruce Bowen,3650000.00,2003,2004,SAS,San Antonio Spurs
6342,Bruce Bowen,3750000.00,2006,2007,SAS,San Antonio Spurs
6722,Bruce Bowen,4125000.00,2007,2008,SAS,San Antonio Spurs
7124,Bruce Bowen,4000000.00,2008,2009,SAS,San Antonio Spurs
7546,Bruce Bowen,2000000.00,2009,2010,MIL,Milwaukee Bucks
9691,Bruno Caboclo,1458360.00,2014,2015,TOR,Toronto Raptors 
10219,Bruno Caboclo,1524000.00,2015,2016,TOR,Toronto Raptors 
10797,Bruno Caboclo,1589640.00,2016,2017,TOR,Toronto Raptors 
11379,Bruno Caboclo,2451225.00,2017,2018,TOR,Toronto Raptors 
3024,Bruno Sundov,287500.00,1998,1999,DAL,Dallas Mavericks
3393,Bruno Sundov,385000.00,1999,2000,DAL,Dallas Mavericks
3749,Bruno Sundov,498500.00,2000,2001,IND,Indiana Pacers
3750,Bruno Sundov,498500.00,2000,2001,UTA,Utah Jazz
4171,Bruno Sundov,565850.00,2001,2002,IND,Indiana Pacers
4632,Bruno Sundov,637435.00,2002,2003,BOS,Boston Celtic
5057,Bruno Sundov,751159.00,2003,2004,CLE,Cleveland Caveliers
5477,Bruno Sundov,870046.00,2004,2005,NYK,New York Knicks
1883,Bryant Reeves,1474000.00,1995,1996,MEM,Memphis Grizzlies
2253,Bryant Reeves,1695000.00,1996,1997,MEM,Memphis Grizzlies
2641,Bryant Reeves,1915680.00,1997,1998,MEM,Memphis Grizzlies
3025,Bryant Reeves,7222000.00,1998,1999,MEM,Memphis Grizzlies
3394,Bryant Reeves,8666666.00,1999,2000,MEM,Memphis Grizzlies
3751,Bryant Reeves,10110000.00,2000,2001,MEM,Memphis Grizzlies
4172,Bryant Reeves,11555554.00,2001,2002,MEM,Memphis Grizzlies
4633,Bryant Reeves,12999998.00,2002,2003,MEM,Memphis Grizzlies
770,Bryant Stith,850000.00,1992,1993,DEN,Denver Nuggets
1146,Bryant Stith,1100000.00,1993,1994,DEN,Denver Nuggets
1537,Bryant Stith,1375000.00,1994,1995,DEN,Denver Nuggets
1884,Bryant Stith,1550000.00,1995,1996,DEN,Denver Nuggets
2254,Bryant Stith,3400000.00,1996,1997,DEN,Denver Nuggets
2642,Bryant Stith,4030000.00,1997,1998,DEN,Denver Nuggets
3026,Bryant Stith,4666000.00,1998,1999,DEN,Denver Nuggets
3395,Bryant Stith,5290000.00,1999,2000,DEN,Denver Nuggets
3752,Bryant Stith,5920000.00,2000,2001,BOS,Boston Celtic
4173,Bryant Stith,2000000.00,2001,2002,CLE,Cleveland Caveliers
4634,Bryant Stith,2000000.00,2002,2003,LAC,Los Angeles Clippers
9692,Bryce Cotton,152200.00,2014,2015,UTA,Utah Jazz
9693,Bryce Cotton,50000.00,2014,2015,SAS,San Antonio Spurs
10220,Bryce Cotton,228663.00,2015,2016,PHO,Phoenix Suns
10221,Bryce Cotton,64622.00,2015,2016,MEM,Memphis Grizzlies
10222,Bryce Dejean-Jones,281659.00,2015,2016,NOH,New Orleans Pelicans
3027,Bryce Drew,857000.00,1998,1999,HOU,Houston Rockets
3396,Bryce Drew,1105560.00,1999,2000,HOU,Houston Rockets
3753,Bryce Drew,1182600.00,2000,2001,CHI,Chicago Bulls
4174,Bryce Drew,1300000.00,2001,2002,CHA,Charlotte Hornets
4635,Bryce Drew,1300000.00,2002,2003,NOH,New Orleans Pelicans
5058,Bryce Drew,1300000.00,2003,2004,NOH,New Orleans Pelicans
10798,Bryn Forbes,543471.00,2016,2017,SAS,San Antonio Spurs
11380,Bryn Forbes,1312611.00,2017,2018,SAS,San Antonio Spurs
1147,Bryon Russell,150000.00,1993,1994,UTA,Utah Jazz
1538,Bryon Russell,265000.00,1994,1995,UTA,Utah Jazz
1885,Bryon Russell,300000.00,1995,1996,UTA,Utah Jazz
2255,Bryon Russell,385000.00,1996,1997,UTA,Utah Jazz
2643,Bryon Russell,2857144.00,1997,1998,UTA,Utah Jazz
3028,Bryon Russell,3428000.00,1998,1999,UTA,Utah Jazz
3754,Bryon Russell,4570000.00,2000,2001,UTA,Utah Jazz
4175,Bryon Russell,5142857.00,2001,2002,UTA,Utah Jazz
4636,Bryon Russell,1400000.00,2002,2003,WAS,Washington Wizards
5059,Bryon Russell,1070000.00,2003,2004,LAL,Los Angeles Lakers
5898,Bryon Russell,1138500.00,2005,2006,DEN,Denver Nuggets
3029,Bubba Wells,312000.00,1998,1999,CHI,Chicago Bulls
41,Buck Johnson,675000.00,1990,1991,HOU,Houston Rockets
395,Buck Johnson,775000.00,1991,1992,HOU,Houston Rockets
771,Buck Johnson,550000.00,1992,1993,WAS,Washington Wizards
1148,Buck Johnson,715000.00,1993,1994,WAS,Washington Wizards
42,Buck Williams,1550000.00,1990,1991,POR,Portland Trail Blazers
396,Buck Williams,1700000.00,1991,1992,POR,Portland Trail Blazers
772,Buck Williams,1850000.00,1992,1993,POR,Portland Trail Blazers
1149,Buck Williams,5050000.00,1993,1994,POR,Portland Trail Blazers
1539,Buck Williams,3200000.00,1994,1995,POR,Portland Trail Blazers
1886,Buck Williams,3400000.00,1995,1996,POR,Portland Trail Blazers
2256,Buck Williams,1193000.00,1996,1997,NYK,New York Knicks
2644,Buck Williams,1431000.00,1997,1998,NYK,New York Knicks
3030,Buck Williams,1670000.00,1998,1999,NYK,New York Knicks
10799,Buddy Hield,3517200.00,2016,2017,SAC,Sacramento Kings
11381,Buddy Hield,3675480.00,2017,2018,SAC,Sacramento Kings
773,Byron Houston,500000.00,1992,1993,GSW,Golden State Warriors
1150,Byron Houston,600000.00,1993,1994,GSW,Golden State Warriors
1540,Byron Houston,700000.00,1994,1995,OKC,Oklahoma City Thunder
1887,Byron Houston,800000.00,1995,1996,SAC,Sacramento Kings
43,Byron Irvin,375000.00,1990,1991,WAS,Washington Wizards
7547,Byron Mullens,1120200.00,2009,2010,OKC,Oklahoma City Thunder
7999,Byron Mullens,1204200.00,2010,2011,OKC,Oklahoma City Thunder
9281,Byron Mullens,947907.00,2013,2014,LAC,Los Angeles Clippers
44,Byron Scott,1100000.00,1990,1991,LAL,Los Angeles Lakers
397,Byron Scott,1100000.00,1991,1992,LAL,Los Angeles Lakers
774,Byron Scott,1100000.00,1992,1993,LAL,Los Angeles Lakers
1151,Byron Scott,650000.00,1993,1994,IND,Indiana Pacers
1888,Byron Scott,1650000.00,1995,1996,MEM,Memphis Grizzlies
2257,Byron Scott,247500.00,1996,1997,LAL,Los Angeles Lakers
3397,Byron Scott,510000.00,1999,2000,LAL,Los Angeles Lakers
9282,C.J. McCollum,2316720.00,2013,2014,POR,Portland Trail Blazers
9694,C.J. McCollum,2421000.00,2014,2015,POR,Portland Trail Blazers
10223,C.J. McCollum,2525160.00,2015,2016,POR,Portland Trail Blazers
10800,C.J. McCollum,3219579.00,2016,2017,POR,Portland Trail Blazers
11382,C.J. McCollum,23962573.00,2017,2018,POR,Portland Trail Blazers
5899,C.J. Miles,398762.00,2005,2006,UTA,Utah Jazz
6723,C.J. Miles,770610.00,2007,2008,UTA,Utah Jazz
7125,C.J. Miles,3700000.00,2008,2009,UTA,Utah Jazz
7548,C.J. Miles,3700000.00,2009,2010,UTA,Utah Jazz
8000,C.J. Miles,3700000.00,2010,2011,UTA,Utah Jazz
8401,C.J. Miles,3700000.00,2011,2012,UTA,Utah Jazz
8850,C.J. Miles,2225000.00,2012,2013,CLE,Cleveland Caveliers
9283,C.J. Miles,2225000.00,2013,2014,CLE,Cleveland Caveliers
9695,C.J. Miles,4205000.00,2014,2015,IND,Indiana Pacers
10224,C.J. Miles,4394225.00,2015,2016,IND,Indiana Pacers
10801,C.J. Miles,4583450.00,2016,2017,IND,Indiana Pacers
11383,C.J. Miles,7936509.00,2017,2018,TOR,Toronto Raptors 
6724,C.J. Watson,125479.00,2007,2008,GSW,Golden State Warriors
7549,C.J. Watson,1000497.00,2009,2010,GSW,Golden State Warriors
8001,C.J. Watson,3100000.00,2010,2011,CHI,Chicago Bulls
8402,C.J. Watson,3400000.00,2011,2012,CHI,Chicago Bulls
9284,C.J. Watson,2016000.00,2013,2014,IND,Indiana Pacers
9696,C.J. Watson,2106720.00,2014,2015,IND,Indiana Pacers
10225,C.J. Watson,5000000.00,2015,2016,ORL,Orlando Magic
10802,C.J. Watson,5000000.00,2016,2017,ORL,Orlando Magic
11384,C.J. Watson,333334.00,2017,2018,ORL,Orlando Magic
9697,C.J. Wilcox,1109760.00,2014,2015,LAC,Los Angeles Clippers
10226,C.J. Wilcox,1159680.00,2015,2016,LAC,Los Angeles Clippers
10803,C.J. Wilcox,1209680.00,2016,2017,ORL,Orlando Magic
3398,Cal Bowdler,1025880.00,1999,2000,ATL,Atlanta Hawks
3755,Cal Bowdler,1102800.00,2000,2001,ATL,Atlanta Hawks
4176,Cal Bowdler,1179720.00,2001,2002,ATL,Atlanta Hawks
1152,Calbert Cheaney,2000000.00,1993,1994,WAS,Washington Wizards
1541,Calbert Cheaney,2400000.00,1994,1995,WAS,Washington Wizards
1889,Calbert Cheaney,2800000.00,1995,1996,WAS,Washington Wizards
2258,Calbert Cheaney,3200000.00,1996,1997,WAS,Washington Wizards
2645,Calbert Cheaney,3600000.00,1997,1998,WAS,Washington Wizards
3031,Calbert Cheaney,4000000.00,1998,1999,WAS,Washington Wizards
3399,Calbert Cheaney,2000000.00,1999,2000,BOS,Boston Celtic
3756,Calbert Cheaney,2200000.00,2000,2001,DEN,Denver Nuggets
4177,Calbert Cheaney,2400000.00,2001,2002,DEN,Denver Nuggets
4637,Calbert Cheaney,1000000.00,2002,2003,UTA,Utah Jazz
5060,Calbert Cheaney,1070000.00,2003,2004,GSW,Golden State Warriors
5478,Calbert Cheaney,1600000.00,2004,2005,GSW,Golden State Warriors
5900,Calbert Cheaney,1760000.00,2005,2006,GSW,Golden State Warriors
11385,Caleb Swanigan,1465920.00,2017,2018,POR,Portland Trail Blazers
3400,Calvin Booth,301875.00,1999,2000,WAS,Washington Wizards
3757,Calvin Booth,423500.00,2000,2001,WAS,Washington Wizards
4178,Calvin Booth,4539000.00,2001,2002,OKC,Oklahoma City Thunder
4638,Calvin Booth,4992900.00,2002,2003,OKC,Oklahoma City Thunder
5061,Calvin Booth,5446800.00,2003,2004,OKC,Oklahoma City Thunder
5479,Calvin Booth,5900700.00,2004,2005,DAL,Dallas Mavericks
5901,Calvin Booth,6354600.00,2005,2006,MIL,Milwaukee Bucks
5902,Calvin Booth,900498.00,2005,2006,WAS,Washington Wizards
6343,Calvin Booth,6629891.00,2006,2007,MIL,Milwaukee Bucks
6344,Calvin Booth,998967.00,2006,2007,WAS,Washington Wizards
7126,Calvin Booth,1319651.00,2008,2009,SAC,Sacramento Kings
10227,Cameron Bairstow,19000000.00,2015,2016,ATL,Atlanta Hawks
10228,Cameron Bairstow,845059.00,2015,2016,CHI,Chicago Bulls
10804,Cameron Jones,50000.00,2016,2017,GSW,Golden State Warriors
11386,Cameron Oliver,300000.00,2017,2018,HOU,Houston Rockets
10229,Cameron Payne,2021520.00,2015,2016,OKC,Oklahoma City Thunder
10805,Cameron Payne,2112480.00,2016,2017,CHI,Chicago Bulls
11387,Cameron Payne,2203440.00,2017,2018,CHI,Chicago Bulls
10806,Caris LeVert,1562280.00,2016,2017,NJN,Brooklyn Nets
11388,Caris LeVert,1632480.00,2017,2018,NJN,Brooklyn Nets
398,Carl Herrera,325000.00,1991,1992,HOU,Houston Rockets
1153,Carl Herrera,1000000.00,1993,1994,HOU,Houston Rockets
1542,Carl Herrera,1350000.00,1994,1995,HOU,Houston Rockets
1890,Carl Herrera,1300000.00,1995,1996,SAS,San Antonio Spurs
2259,Carl Herrera,1550000.00,1996,1997,SAS,San Antonio Spurs
2646,Carl Herrera,1820000.00,1997,1998,SAS,San Antonio Spurs
3032,Carl Herrera,2080000.00,1998,1999,MEM,Memphis Grizzlies
3033,Carl Herrera,662500.00,1998,1999,DEN,Denver Nuggets
7127,Carl Landry,3000000.00,2008,2009,HOU,Houston Rockets
7550,Carl Landry,3000000.00,2009,2010,SAC,Sacramento Kings
8002,Carl Landry,3000000.00,2010,2011,NOH,New Orleans Pelicans
8403,Carl Landry,8500000.00,2011,2012,NOH,New Orleans Pelicans
8851,Carl Landry,4000000.00,2012,2013,GSW,Golden State Warriors
9285,Carl Landry,6500000.00,2013,2014,SAC,Sacramento Kings
9698,Carl Landry,6500000.00,2014,2015,SAC,Sacramento Kings
10230,Carl Landry,6500000.00,2015,2016,PHI,Philadelphia 76ers
10807,Carl Landry,6500000.00,2016,2017,PHI,Philadelphia 76ers
2260,Carl Thomas,247500.00,1996,1997,CLE,Cleveland Caveliers
2647,Carl Thomas,272250.00,1997,1998,GSW,Golden State Warriors
8404,Carldell Johnson,168035.00,2011,2012,NOH,New Orleans Pelicans
4179,Carlos Arroyo,332817.00,2001,2002,TOR,Toronto Raptors 
4639,Carlos Arroyo,546000.00,2002,2003,UTA,Utah Jazz
5062,Carlos Arroyo,800000.00,2003,2004,UTA,Utah Jazz
5480,Carlos Arroyo,4000000.00,2004,2005,UTA,Utah Jazz
5903,Carlos Arroyo,4000000.00,2005,2006,DET,Detroit Pistons
6345,Carlos Arroyo,4100000.00,2006,2007,ORL,Orlando Magic
6725,Carlos Arroyo,4100000.00,2007,2008,ORL,Orlando Magic
7551,Carlos Arroyo,1107572.00,2009,2010,MIA,Miami Heat
4640,Carlos Boozer,349458.00,2002,2003,CLE,Cleveland Caveliers
5063,Carlos Boozer,563679.00,2003,2004,CLE,Cleveland Caveliers
5481,Carlos Boozer,10967500.00,2004,2005,UTA,Utah Jazz
5904,Carlos Boozer,11593816.00,2005,2006,UTA,Utah Jazz
6726,Carlos Boozer,11260483.00,2007,2008,UTA,Utah Jazz
7128,Carlos Boozer,11593817.00,2008,2009,UTA,Utah Jazz
7552,Carlos Boozer,13520500.00,2009,2010,UTA,Utah Jazz
8003,Carlos Boozer,14400000.00,2010,2011,CHI,Chicago Bulls
8405,Carlos Boozer,13500000.00,2011,2012,CHI,Chicago Bulls
8852,Carlos Boozer,15000000.00,2012,2013,CHI,Chicago Bulls
9286,Carlos Boozer,15300000.00,2013,2014,CHI,Chicago Bulls
9699,Carlos Boozer,3250000.00,2014,2015,LAL,Los Angeles Lakers
5482,Carlos Delfino,901920.00,2004,2005,DET,Detroit Pistons
5905,Carlos Delfino,969696.00,2005,2006,DET,Detroit Pistons
6346,Carlos Delfino,1037280.00,2006,2007,DET,Detroit Pistons
6727,Carlos Delfino,1868141.00,2007,2008,TOR,Toronto Raptors 
7553,Carlos Delfino,3500000.00,2009,2010,MIL,Milwaukee Bucks
8004,Carlos Delfino,3500000.00,2010,2011,MIL,Milwaukee Bucks
8406,Carlos Delfino,3500000.00,2011,2012,MIL,Milwaukee Bucks
9287,Carlos Delfino,3250000.00,2013,2014,MIL,Milwaukee Bucks
9700,Carlos Delfino,650000.00,2014,2015,LAC,Los Angeles Clippers
10231,Carlos Delfino,650000.00,2015,2016,LAC,Los Angeles Clippers
10808,Carlos Delfino,650000.00,2016,2017,LAC,Los Angeles Clippers
11389,Carlos Delfino,650000.00,2017,2018,LAC,Los Angeles Clippers
1543,Carlos Rogers,715000.00,1994,1995,GSW,Golden State Warriors
1891,Carlos Rogers,930000.00,1995,1996,TOR,Toronto Raptors 
2261,Carlos Rogers,1144000.00,1996,1997,TOR,Toronto Raptors 
2648,Carlos Rogers,1900000.00,1997,1998,TOR,Toronto Raptors 
3401,Carlos Rogers,2100000.00,1999,2000,HOU,Houston Rockets
3758,Carlos Rogers,2200000.00,2000,2001,HOU,Houston Rockets
4180,Carlos Rogers,778350.00,2001,2002,IND,Indiana Pacers
5064,Carmelo Anthony,3229200.00,2003,2004,DEN,Denver Nuggets
5906,Carmelo Anthony,3713640.00,2005,2006,DEN,Denver Nuggets
6728,Carmelo Anthony,13041250.00,2007,2008,DEN,Denver Nuggets
7129,Carmelo Anthony,14410581.00,2008,2009,DEN,Denver Nuggets
7554,Carmelo Anthony,15779912.00,2009,2010,DEN,Denver Nuggets
8005,Carmelo Anthony,17149243.00,2010,2011,NYK,New York Knicks
8407,Carmelo Anthony,18518574.00,2011,2012,NYK,New York Knicks
8853,Carmelo Anthony,19450000.00,2012,2013,NYK,New York Knicks
9288,Carmelo Anthony,22407474.00,2013,2014,NYK,New York Knicks
9701,Carmelo Anthony,22458000.00,2014,2015,NYK,New York Knicks
10232,Carmelo Anthony,22875000.00,2015,2016,NYK,New York Knicks
10809,Carmelo Anthony,24559380.00,2016,2017,NYK,New York Knicks
11390,Carmelo Anthony,26243760.00,2017,2018,OKC,Oklahoma City Thunder
4641,Caron Butler,1678800.00,2002,2003,MIA,Miami Heat
5065,Caron Butler,1804680.00,2003,2004,MIA,Miami Heat
5483,Caron Butler,1930680.00,2004,2005,LAL,Los Angeles Lakers
5907,Caron Butler,2461617.00,2005,2006,WAS,Washington Wizards
6347,Caron Butler,7438000.00,2006,2007,WAS,Washington Wizards
6729,Caron Butler,8218990.00,2007,2008,WAS,Washington Wizards
7130,Caron Butler,9249980.00,2008,2009,WAS,Washington Wizards
7555,Caron Butler,9780970.00,2009,2010,DAL,Dallas Mavericks
8006,Caron Butler,10561960.00,2010,2011,DAL,Dallas Mavericks
8408,Caron Butler,8000000.00,2011,2012,LAC,Los Angeles Clippers
8854,Caron Butler,8000000.00,2012,2013,LAC,Los Angeles Clippers
9289,Caron Butler,8000000.00,2013,2014,PHO,Phoenix Suns
9702,Caron Butler,4500000.00,2014,2015,MIL,Milwaukee Bucks
10233,Caron Butler,1499187.00,2015,2016,SAC,Sacramento Kings
10810,Caron Butler,517220.00,2016,2017,SAC,Sacramento Kings
11391,Caron Butler,517220.00,2017,2018,SAC,Sacramento Kings
9703,Carrick Felix,816482.00,2014,2015,UTA,Utah Jazz
11392,Carrick Felix,140902.00,2017,2018,WAS,Washington Wizards
7556,Cartier Martin,86638.00,2009,2010,GSW,Golden State Warriors
8007,Cartier Martin,854389.00,2010,2011,WAS,Washington Wizards
8855,Cartier Martin,915852.00,2012,2013,WAS,Washington Wizards
9704,Cartier Martin,1145685.00,2014,2015,DET,Detroit Pistons
10234,Cartier Martin,1270964.00,2015,2016,DET,Detroit Pistons
4642,Casey Jacobsen,941040.00,2002,2003,PHO,Phoenix Suns
5066,Casey Jacobsen,1011600.00,2003,2004,PHO,Phoenix Suns
5484,Casey Jacobsen,1082160.00,2004,2005,PHO,Phoenix Suns
6348,Casey Jacobsen,31250.00,2006,2007,HOU,Houston Rockets
6730,Casey Jacobsen,826269.00,2007,2008,MEM,Memphis Grizzlies
3034,Casey Shaw,287500.00,1998,1999,PHI,Philadelphia 76ers
3402,Casey Shaw,25000.00,1999,2000,PHI,Philadelphia 76ers
10811,Cat Barber,50000.00,2016,2017,PHI,Philadelphia 76ers
11393,Cedi Osman,2642857.00,2017,2018,CLE,Cleveland Caveliers
6349,Cedric Bozeman,412718.00,2006,2007,ATL,Atlanta Hawks
45,Cedric Ceballos,175000.00,1990,1991,PHO,Phoenix Suns
399,Cedric Ceballos,250000.00,1991,1992,PHO,Phoenix Suns
775,Cedric Ceballos,350000.00,1992,1993,PHO,Phoenix Suns
1154,Cedric Ceballos,2000000.00,1993,1994,PHO,Phoenix Suns
1544,Cedric Ceballos,1750000.00,1994,1995,LAL,Los Angeles Lakers
1892,Cedric Ceballos,2245000.00,1995,1996,LAL,Los Angeles Lakers
2262,Cedric Ceballos,2400000.00,1996,1997,LAL,Los Angeles Lakers
2649,Cedric Ceballos,2605000.00,1997,1998,PHO,Phoenix Suns
3035,Cedric Ceballos,750000.00,1998,1999,DAL,Dallas Mavericks
3403,Cedric Ceballos,3500000.00,1999,2000,DAL,Dallas Mavericks
3759,Cedric Ceballos,3937500.00,2000,2001,MIA,Miami Heat
2650,Cedric Henderson,250000.00,1997,1998,CLE,Cleveland Caveliers
3036,Cedric Henderson,250000.00,1998,1999,CLE,Cleveland Caveliers
3404,Cedric Henderson,2400000.00,1999,2000,CLE,Cleveland Caveliers
3760,Cedric Henderson,2700000.00,2000,2001,CLE,Cleveland Caveliers
4181,Cedric Henderson,3000000.00,2001,2002,GSW,Golden State Warriors
7557,Cedric Jackson,53834.00,2009,2010,CLE,Cleveland Caveliers
6350,Cedric Simmons,1515480.00,2006,2007,NOH,New Orleans Pelicans
6731,Cedric Simmons,1629120.00,2007,2008,CHI,Chicago Bulls
7131,Cedric Simmons,1742760.00,2008,2009,SAC,Sacramento Kings
4643,Cezary Trybanski,1500000.00,2002,2003,MEM,Memphis Grizzlies
5067,Cezary Trybanski,1600000.00,2003,2004,PHO,Phoenix Suns
8409,Chandler Parsons,850000.00,2011,2012,HOU,Houston Rockets
9290,Chandler Parsons,926500.00,2013,2014,HOU,Houston Rockets
9705,Chandler Parsons,14700000.00,2014,2015,DAL,Dallas Mavericks
10235,Chandler Parsons,15361500.00,2015,2016,DAL,Dallas Mavericks
10812,Chandler Parsons,22116750.00,2016,2017,MEM,Memphis Grizzlies
11394,Chandler Parsons,23112004.00,2017,2018,MEM,Memphis Grizzlies
5908,Channing Frye,2162880.00,2005,2006,NYK,New York Knicks
6732,Channing Frye,2487240.00,2007,2008,POR,Portland Trail Blazers
7132,Channing Frye,3163769.00,2008,2009,POR,Portland Trail Blazers
7558,Channing Frye,2000000.00,2009,2010,PHO,Phoenix Suns
8410,Channing Frye,5600000.00,2011,2012,PHO,Phoenix Suns
8856,Channing Frye,6000000.00,2012,2013,PHO,Phoenix Suns
9291,Channing Frye,6400000.00,2013,2014,PHO,Phoenix Suns
9706,Channing Frye,8175476.00,2014,2015,ORL,Orlando Magic
10236,Channing Frye,7807579.00,2015,2016,CLE,Cleveland Caveliers
10813,Channing Frye,7806971.00,2016,2017,CLE,Cleveland Caveliers
11395,Channing Frye,7420912.00,2017,2018,CLE,Cleveland Caveliers
46,Charles Barkley,2900000.00,1990,1991,PHI,Philadelphia 76ers
400,Charles Barkley,3200000.00,1991,1992,PHI,Philadelphia 76ers
776,Charles Barkley,2420000.00,1992,1993,PHO,Phoenix Suns
1155,Charles Barkley,3250000.00,1993,1994,PHO,Phoenix Suns
1545,Charles Barkley,4030000.00,1994,1995,PHO,Phoenix Suns
1893,Charles Barkley,4760000.00,1995,1996,PHO,Phoenix Suns
2263,Charles Barkley,4695000.00,1996,1997,HOU,Houston Rockets
3037,Charles Barkley,1000000.00,1998,1999,HOU,Houston Rockets
3405,Charles Barkley,9000000.00,1999,2000,HOU,Houston Rockets
8411,Charles Jenkins,473604.00,2011,2012,GSW,Golden State Warriors
8857,Charles Jenkins,762195.00,2012,2013,PHI,Philadelphia 76ers
47,Charles Jones,675000.00,1990,1991,WAS,Washington Wizards
401,Charles Jones,750000.00,1991,1992,WAS,Washington Wizards
777,Charles Jones,875000.00,1992,1993,WAS,Washington Wizards
1894,Charles Jones,350000.00,1995,1996,HOU,Houston Rockets
2264,Charles Jones,247500.00,1996,1997,HOU,Houston Rockets
3038,Charles Jones,287500.00,1998,1999,CHI,Chicago Bulls
3406,Charles Jones,385000.00,1999,2000,LAC,Los Angeles Clippers
2651,Charles O\'Bannon,320000.00,1997,1998,DET,Detroit Pistons
3039,Charles O\'Bannon,320000.00,1998,1999,DET,Detroit Pistons
48,Charles Oakley,1050000.00,1990,1991,NYK,New York Knicks
402,Charles Oakley,1050000.00,1991,1992,NYK,New York Knicks
778,Charles Oakley,1050000.00,1992,1993,NYK,New York Knicks
1156,Charles Oakley,1950000.00,1993,1994,NYK,New York Knicks
1546,Charles Oakley,2200000.00,1994,1995,NYK,New York Knicks
1895,Charles Oakley,2400000.00,1995,1996,NYK,New York Knicks
2265,Charles Oakley,2600000.00,1996,1997,NYK,New York Knicks
2652,Charles Oakley,2850000.00,1997,1998,NYK,New York Knicks
3407,Charles Oakley,5236000.00,1999,2000,TOR,Toronto Raptors 
3761,Charles Oakley,5760000.00,2000,2001,TOR,Toronto Raptors 
4182,Charles Oakley,6545000.00,2001,2002,CHI,Chicago Bulls
4644,Charles Oakley,1030000.00,2002,2003,WAS,Washington Wizards
403,Charles Shackleford,1332000.00,1991,1992,PHI,Philadelphia 76ers
779,Charles Shackleford,1720000.00,1992,1993,PHI,Philadelphia 76ers
49,Charles Smith,1000000.00,1990,1991,LAC,Los Angeles Clippers
404,Charles Smith,1050000.00,1991,1992,LAC,Los Angeles Clippers
780,Charles Smith,1250000.00,1992,1993,NYK,New York Knicks
1157,Charles Smith,2557000.00,1993,1994,NYK,New York Knicks
1547,Charles Smith,2857000.00,1994,1995,NYK,New York Knicks
1896,Charles Smith,3357000.00,1995,1996,NYK,New York Knicks
1897,Charles Smith,225000.00,1995,1996,MIN,Minnesota Timberwolves
2266,Charles Smith,3557000.00,1996,1997,SAS,San Antonio Spurs
2653,Charles Smith,3957143.00,1997,1998,SAS,San Antonio Spurs
3040,Charles Smith,677080.00,1998,1999,LAC,Los Angeles Clippers
3408,Charles Smith,779960.00,1999,2000,LAC,Los Angeles Clippers
4183,Charles Smith,540850.00,2001,2002,SAS,San Antonio Spurs
4645,Charles Smith,637435.00,2002,2003,POR,Portland Trail Blazers
5909,Charles Smith,771123.00,2005,2006,POR,Portland Trail Blazers
4184,Charlie Bell,89292.00,2001,2002,PHO,Phoenix Suns
5910,Charlie Bell,641748.00,2005,2006,MIL,Milwaukee Bucks
6351,Charlie Bell,744551.00,2006,2007,MIL,Milwaukee Bucks
6733,Charlie Bell,3100000.00,2007,2008,MIL,Milwaukee Bucks
7133,Charlie Bell,3354480.00,2008,2009,MIL,Milwaukee Bucks
7559,Charlie Bell,3596000.00,2009,2010,MIL,Milwaukee Bucks
8008,Charlie Bell,4447792.00,2010,2011,GSW,Golden State Warriors
8412,Charlie Bell,4099920.00,2011,2012,GSW,Golden State Warriors
5911,Charlie Villanueva,2360880.00,2005,2006,TOR,Toronto Raptors 
6352,Charlie Villanueva,2537880.00,2006,2007,MIL,Milwaukee Bucks
6734,Charlie Villanueva,2715000.00,2007,2008,MIL,Milwaukee Bucks
7134,Charlie Villanueva,3448050.00,2008,2009,MIL,Milwaukee Bucks
7560,Charlie Villanueva,6500000.00,2009,2010,DET,Detroit Pistons
8413,Charlie Villanueva,7540000.00,2011,2012,DET,Detroit Pistons
9292,Charlie Villanueva,8580000.00,2013,2014,DET,Detroit Pistons
9707,Charlie Villanueva,1316809.00,2014,2015,DAL,Dallas Mavericks
10237,Charlie Villanueva,1499187.00,2015,2016,DAL,Dallas Mavericks
1548,Charlie Ward,555000.00,1994,1995,NYK,New York Knicks
1898,Charlie Ward,722000.00,1995,1996,NYK,New York Knicks
2267,Charlie Ward,888000.00,1996,1997,NYK,New York Knicks
2654,Charlie Ward,1054500.00,1997,1998,NYK,New York Knicks
3041,Charlie Ward,1221000.00,1998,1999,NYK,New York Knicks
4185,Charlie Ward,5110000.00,2001,2002,NYK,New York Knicks
4646,Charlie Ward,5570000.00,2002,2003,NYK,New York Knicks
5068,Charlie Ward,6030000.00,2003,2004,NYK,New York Knicks
5485,Charlie Ward,1700000.00,2004,2005,HOU,Houston Rockets
5912,Charlie Ward,1870000.00,2005,2006,HOU,Houston Rockets
7561,Chase Budinger,457588.00,2009,2010,HOU,Houston Rockets
8009,Chase Budinger,780871.00,2010,2011,HOU,Houston Rockets
8414,Chase Budinger,854389.00,2011,2012,HOU,Houston Rockets
8858,Chase Budinger,885120.00,2012,2013,MIN,Minnesota Timberwolves
9293,Chase Budinger,5000000.00,2013,2014,MIN,Minnesota Timberwolves
9708,Chase Budinger,5000000.00,2014,2015,MIN,Minnesota Timberwolves
10238,Chase Budinger,5000000.00,2015,2016,IND,Indiana Pacers
10239,Chase Budinger,258082.00,2015,2016,PHO,Phoenix Suns
10814,Chasson Randle,297311.00,2016,2017,PHI,Philadelphia 76ers
10815,Chasson Randle,243860.00,2016,2017,NYK,New York Knicks
11396,Chasson Randle,1312611.00,2017,2018,NYK,New York Knicks
2655,Chauncey Billups,2384640.00,1997,1998,BOS,Boston Celtic
3042,Chauncey Billups,2742000.00,1998,1999,DEN,Denver Nuggets
3762,Chauncey Billups,2250000.00,2000,2001,MIN,Minnesota Timberwolves
4186,Chauncey Billups,2475000.00,2001,2002,MIN,Minnesota Timberwolves
4647,Chauncey Billups,4546000.00,2002,2003,DET,Detroit Pistons
5069,Chauncey Billups,5000600.00,2003,2004,DET,Detroit Pistons
5486,Chauncey Billups,5455200.00,2004,2005,DET,Detroit Pistons
5913,Chauncey Billups,5909800.00,2005,2006,DET,Detroit Pistons
6353,Chauncey Billups,6364400.00,2006,2007,DET,Detroit Pistons
6735,Chauncey Billups,10000000.00,2007,2008,DET,Detroit Pistons
7135,Chauncey Billups,11050000.00,2008,2009,DEN,Denver Nuggets
7562,Chauncey Billups,12100000.00,2009,2010,DEN,Denver Nuggets
8010,Chauncey Billups,13150000.00,2010,2011,NYK,New York Knicks
8415,Chauncey Billups,12199968.00,2011,2012,NYK,New York Knicks
8416,Chauncey Billups,2000032.00,2011,2012,LAC,Los Angeles Clippers
8859,Chauncey Billups,4000000.00,2012,2013,LAC,Los Angeles Clippers
9294,Chauncey Billups,2500000.00,2013,2014,DET,Detroit Pistons
10816,Cheick Diallo,543471.00,2016,2017,NOH,New Orleans Pelicans
11397,Cheick Diallo,1312611.00,2017,2018,NOH,New Orleans Pelicans
6736,Cheikh Samb,427163.00,2007,2008,DET,Detroit Pistons
7136,Cheikh Samb,797581.00,2008,2009,LAC,Los Angeles Clippers
1899,Cherokee Parks,971000.00,1995,1996,DAL,Dallas Mavericks
2656,Cherokee Parks,1262640.00,1997,1998,MIN,Minnesota Timberwolves
3043,Cherokee Parks,2000000.00,1998,1999,MEM,Memphis Grizzlies
3409,Cherokee Parks,1925000.00,1999,2000,MEM,Memphis Grizzlies
3763,Cherokee Parks,2100000.00,2000,2001,LAC,Los Angeles Clippers
4187,Cherokee Parks,715850.00,2001,2002,SAS,San Antonio Spurs
4648,Cherokee Parks,824935.00,2002,2003,LAC,Los Angeles Clippers
5070,Cherokee Parks,228946.00,2003,2004,GSW,Golden State Warriors
10817,Chinanu Onuaku,543471.00,2016,2017,HOU,Houston Rockets
11398,Chinanu Onuaku,1312611.00,2017,2018,HOU,Houston Rockets
4188,Chris Andersen,288171.00,2001,2002,DEN,Denver Nuggets
4649,Chris Andersen,512435.00,2002,2003,DEN,Denver Nuggets
5071,Chris Andersen,638679.00,2003,2004,DEN,Denver Nuggets
5487,Chris Andersen,1600000.00,2004,2005,NOH,New Orleans Pelicans
5914,Chris Andersen,3500000.00,2005,2006,NOH,New Orleans Pelicans
7137,Chris Andersen,998398.00,2008,2009,DEN,Denver Nuggets
7563,Chris Andersen,3650000.00,2009,2010,DEN,Denver Nuggets
8011,Chris Andersen,4533300.00,2010,2011,DEN,Denver Nuggets
8417,Chris Andersen,4234000.00,2011,2012,DEN,Denver Nuggets
8860,Chris Andersen,4526000.00,2012,2013,DEN,Denver Nuggets
8861,Chris Andersen,699952.00,2012,2013,MIA,Miami Heat
9295,Chris Andersen,1399507.00,2013,2014,MIA,Miami Heat
9709,Chris Andersen,5375000.00,2014,2015,MIA,Miami Heat
10240,Chris Andersen,5000000.00,2015,2016,MEM,Memphis Grizzlies
10818,Chris Andersen,1551659.00,2016,2017,CHA,Charlotte Hornets
3044,Chris Anstey,985200.00,1998,1999,DAL,Dallas Mavericks
9710,Chris Babb,48028.00,2014,2015,BOS,Boston Celtic
5072,Chris Bosh,2911320.00,2003,2004,TOR,Toronto Raptors 
5488,Chris Bosh,3129720.00,2004,2005,TOR,Toronto Raptors 
5915,Chris Bosh,3348000.00,2005,2006,TOR,Toronto Raptors 
6354,Chris Bosh,4235220.00,2006,2007,TOR,Toronto Raptors 
6737,Chris Bosh,12455000.00,2007,2008,TOR,Toronto Raptors 
7138,Chris Bosh,14410581.00,2008,2009,TOR,Toronto Raptors 
7564,Chris Bosh,15779912.00,2009,2010,TOR,Toronto Raptors 
8418,Chris Bosh,16022500.00,2011,2012,MIA,Miami Heat
8862,Chris Bosh,17545000.00,2012,2013,MIA,Miami Heat
9296,Chris Bosh,19067500.00,2013,2014,MIA,Miami Heat
9711,Chris Bosh,20644400.00,2014,2015,MIA,Miami Heat
10241,Chris Bosh,22192730.00,2015,2016,MIA,Miami Heat
10819,Chris Bosh,23741060.00,2016,2017,MIA,Miami Heat
11399,Chris Bosh,25289390.00,2017,2018,MIA,Miami Heat
1900,Chris Carr,200000.00,1995,1996,PHO,Phoenix Suns
2657,Chris Carr,900000.00,1997,1998,MIN,Minnesota Timberwolves
3045,Chris Carr,1000000.00,1998,1999,NJN,Brooklyn Nets
3410,Chris Carr,60000.00,1999,2000,GSW,Golden State Warriors
3764,Chris Carr,1200000.00,2000,2001,BOS,Boston Celtic
1901,Chris Childs,350000.00,1995,1996,NJN,Brooklyn Nets
2268,Chris Childs,2600000.00,1996,1997,NYK,New York Knicks
2658,Chris Childs,3120000.00,1997,1998,NYK,New York Knicks
3046,Chris Childs,3640000.00,1998,1999,NYK,New York Knicks
4189,Chris Childs,5200000.00,2001,2002,TOR,Toronto Raptors 
4650,Chris Childs,1750000.00,2002,2003,NJN,Brooklyn Nets
5073,Chris Childs,1166667.00,2003,2004,NJN,Brooklyn Nets
8863,Chris Copeland,473604.00,2012,2013,NYK,New York Knicks
9297,Chris Copeland,3000000.00,2013,2014,IND,Indiana Pacers
9712,Chris Copeland,3135000.00,2014,2015,IND,Indiana Pacers
10242,Chris Copeland,1100000.00,2015,2016,ORL,Orlando Magic
781,Chris Corchiani,300000.00,1992,1993,ORL,Orlando Magic
1158,Chris Corchiani,150000.00,1993,1994,BOS,Boston Celtic
2659,Chris Crawford,242000.00,1997,1998,ATL,Atlanta Hawks
3047,Chris Crawford,350000.00,1998,1999,ATL,Atlanta Hawks
3411,Chris Crawford,2000000.00,1999,2000,ATL,Atlanta Hawks
3765,Chris Crawford,2200000.00,2000,2001,ATL,Atlanta Hawks
4190,Chris Crawford,2500000.00,2001,2002,ATL,Atlanta Hawks
4651,Chris Crawford,2750000.00,2002,2003,ATL,Atlanta Hawks
5074,Chris Crawford,3000000.00,2003,2004,ATL,Atlanta Hawks
5489,Chris Crawford,3250000.00,2004,2005,ATL,Atlanta Hawks
7139,Chris Douglas-Roberts,442411.00,2008,2009,NJN,Brooklyn Nets
7565,Chris Douglas-Roberts,736000.00,2009,2010,NJN,Brooklyn Nets
8012,Chris Douglas-Roberts,854389.00,2010,2011,MIL,Milwaukee Bucks
8864,Chris Douglas-Roberts,72892.00,2012,2013,DAL,Dallas Mavericks
9713,Chris Douglas-Roberts,915243.00,2014,2015,BOS,Boston Celtic
50,Chris Dudley,950000.00,1990,1991,NJN,Brooklyn Nets
405,Chris Dudley,1000000.00,1991,1992,NJN,Brooklyn Nets
782,Chris Dudley,1200000.00,1992,1993,NJN,Brooklyn Nets
1159,Chris Dudley,790000.00,1993,1994,POR,Portland Trail Blazers
1549,Chris Dudley,3500000.00,1994,1995,POR,Portland Trail Blazers
1902,Chris Dudley,3800000.00,1995,1996,POR,Portland Trail Blazers
2269,Chris Dudley,4100000.00,1996,1997,POR,Portland Trail Blazers
2660,Chris Dudley,1135000.00,1997,1998,NYK,New York Knicks
3766,Chris Dudley,6200000.00,2000,2001,PHO,Phoenix Suns
4191,Chris Dudley,6200000.00,2001,2002,NJN,Brooklyn Nets
4192,Chris Dudley,1000000.00,2001,2002,POR,Portland Trail Blazers
4652,Chris Dudley,1030000.00,2002,2003,POR,Portland Trail Blazers
5916,Chris Duhon,2800000.00,2005,2006,CHI,Chicago Bulls
6355,Chris Duhon,3024000.00,2006,2007,CHI,Chicago Bulls
6738,Chris Duhon,3248000.00,2007,2008,CHI,Chicago Bulls
7140,Chris Duhon,5585000.00,2008,2009,NYK,New York Knicks
7566,Chris Duhon,6031800.00,2009,2010,NYK,New York Knicks
8013,Chris Duhon,3500000.00,2010,2011,ORL,Orlando Magic
8419,Chris Duhon,3500000.00,2011,2012,ORL,Orlando Magic
8865,Chris Duhon,3500000.00,2012,2013,LAL,Los Angeles Lakers
9298,Chris Duhon,1500000.00,2013,2014,LAL,Los Angeles Lakers
2661,Chris Garner,242000.00,1997,1998,TOR,Toronto Raptors 
406,Chris Gatling,700000.00,1991,1992,GSW,Golden State Warriors
783,Chris Gatling,910000.00,1992,1993,GSW,Golden State Warriors
1160,Chris Gatling,1120000.00,1993,1994,GSW,Golden State Warriors
1550,Chris Gatling,1330000.00,1994,1995,GSW,Golden State Warriors
1903,Chris Gatling,1540000.00,1995,1996,GSW,Golden State Warriors
2270,Chris Gatling,3047000.00,1996,1997,DAL,Dallas Mavericks
2662,Chris Gatling,3656400.00,1997,1998,NJN,Brooklyn Nets
3048,Chris Gatling,4266000.00,1998,1999,MIL,Milwaukee Bucks
3412,Chris Gatling,4875200.00,1999,2000,DEN,Denver Nuggets
3767,Chris Gatling,5550000.00,2000,2001,CLE,Cleveland Caveliers
4193,Chris Gatling,2504227.00,2001,2002,MIA,Miami Heat
3413,Chris Herren,301875.00,1999,2000,DEN,Denver Nuggets
3768,Chris Herren,316969.00,2000,2001,BOS,Boston Celtic
7567,Chris Hunter,632455.00,2009,2010,GSW,Golden State Warriors
4653,Chris Jefferies,781800.00,2002,2003,TOR,Toronto Raptors 
5075,Chris Jefferies,840360.00,2003,2004,CHI,Chicago Bulls
1551,Chris Jent,250000.00,1994,1995,HOU,Houston Rockets
2271,Chris Jent,247500.00,1996,1997,NYK,New York Knicks
8014,Chris Johnson,136509.00,2010,2011,BOS,Boston Celtic
8015,Chris Johnson,27859.00,2010,2011,POR,Portland Trail Blazers
8420,Chris Johnson,762195.00,2011,2012,POR,Portland Trail Blazers
8866,Chris Johnson,447298.00,2012,2013,MIN,Minnesota Timberwolves
8867,Chris Johnson,61290.00,2012,2013,MEM,Memphis Grizzlies
9299,Chris Johnson,916099.00,2013,2014,MIN,Minnesota Timberwolves
9714,Chris Johnson,166897.00,2014,2015,UTA,Utah Jazz
9715,Chris Johnson,107674.00,2014,2015,MIL,Milwaukee Bucks
10243,Chris Johnson,981348.00,2015,2016,UTA,Utah Jazz
11400,Chris Johnson,25000.00,2017,2018,HOU,Houston Rockets
5490,Chris Kaman,2574240.00,2004,2005,LAC,Los Angeles Clippers
5917,Chris Kaman,2753760.00,2005,2006,LAC,Los Angeles Clippers
6356,Chris Kaman,3491768.00,2006,2007,LAC,Los Angeles Clippers
6739,Chris Kaman,8600000.00,2007,2008,LAC,Los Angeles Clippers
7141,Chris Kaman,9500000.00,2008,2009,LAC,Los Angeles Clippers
7568,Chris Kaman,10400000.00,2009,2010,LAC,Los Angeles Clippers
8016,Chris Kaman,11800000.00,2010,2011,LAC,Los Angeles Clippers
8421,Chris Kaman,14030000.00,2011,2012,NOH,New Orleans Pelicans
8868,Chris Kaman,8000000.00,2012,2013,DAL,Dallas Mavericks
9300,Chris Kaman,3183000.00,2013,2014,LAL,Los Angeles Lakers
9716,Chris Kaman,4800000.00,2014,2015,POR,Portland Trail Blazers
10244,Chris Kaman,5000000.00,2015,2016,POR,Portland Trail Blazers
1904,Chris King,225000.00,1995,1996,MEM,Memphis Grizzlies
6357,Chris McCray,161061.00,2006,2007,MIL,Milwaukee Bucks
10245,Chris McCullough,1140240.00,2015,2016,NJN,Brooklyn Nets
10820,Chris McCullough,1191480.00,2016,2017,WAS,Washington Wizards
11401,Chris McCullough,1471382.00,2017,2018,WAS,Washington Wizards
3769,Chris Mihm,1923600.00,2000,2001,CLE,Cleveland Caveliers
4194,Chris Mihm,2067960.00,2001,2002,CLE,Cleveland Caveliers
4654,Chris Mihm,2212200.00,2002,2003,CLE,Cleveland Caveliers
5076,Chris Mihm,2809494.00,2003,2004,BOS,Boston Celtic
5491,Chris Mihm,3371393.00,2004,2005,LAL,Los Angeles Lakers
5918,Chris Mihm,3792817.00,2005,2006,LAL,Los Angeles Lakers
6358,Chris Mihm,4214241.00,2006,2007,LAL,Los Angeles Lakers
6740,Chris Mihm,2500000.00,2007,2008,LAL,Los Angeles Lakers
7142,Chris Mihm,2500000.00,2008,2009,MEM,Memphis Grizzlies
1161,Chris Mills,650000.00,1993,1994,CLE,Cleveland Caveliers
1552,Chris Mills,845000.00,1994,1995,CLE,Cleveland Caveliers
1905,Chris Mills,1040000.00,1995,1996,CLE,Cleveland Caveliers
2272,Chris Mills,1235000.00,1996,1997,CLE,Cleveland Caveliers
2663,Chris Mills,3000000.00,1997,1998,NYK,New York Knicks
3049,Chris Mills,3600000.00,1998,1999,GSW,Golden State Warriors
3414,Chris Mills,4200000.00,1999,2000,GSW,Golden State Warriors
3770,Chris Mills,4800000.00,2000,2001,GSW,Golden State Warriors
4195,Chris Mills,5400000.00,2001,2002,GSW,Golden State Warriors
4655,Chris Mills,6000000.00,2002,2003,GSW,Golden State Warriors
5077,Chris Mills,6600000.00,2003,2004,BOS,Boston Celtic
51,Chris Morris,750000.00,1990,1991,NJN,Brooklyn Nets
407,Chris Morris,650000.00,1991,1992,NJN,Brooklyn Nets
784,Chris Morris,1510000.00,1992,1993,NJN,Brooklyn Nets
1162,Chris Morris,1785000.00,1993,1994,NJN,Brooklyn Nets
1906,Chris Morris,2500000.00,1995,1996,UTA,Utah Jazz
2273,Chris Morris,2500000.00,1996,1997,UTA,Utah Jazz
2664,Chris Morris,3000000.00,1997,1998,UTA,Utah Jazz
3050,Chris Morris,1000000.00,1998,1999,PHO,Phoenix Suns
52,Chris Mullin,2850000.00,1990,1991,GSW,Golden State Warriors
408,Chris Mullin,2844000.00,1991,1992,GSW,Golden State Warriors
785,Chris Mullin,2844000.00,1992,1993,GSW,Golden State Warriors
1163,Chris Mullin,2844000.00,1993,1994,GSW,Golden State Warriors
1553,Chris Mullin,2844000.00,1994,1995,GSW,Golden State Warriors
1907,Chris Mullin,2844000.00,1995,1996,GSW,Golden State Warriors
2274,Chris Mullin,2844000.00,1996,1997,GSW,Golden State Warriors
3771,Chris Mullin,3650000.00,2000,2001,IND,Indiana Pacers
3772,Chris Mullin,1000000.00,2000,2001,GSW,Golden State Warriors
4656,Chris Owens,349458.00,2002,2003,MEM,Memphis Grizzlies
5919,Chris Paul,3144240.00,2005,2006,NOH,New Orleans Pelicans
6359,Chris Paul,3380160.00,2006,2007,NOH,New Orleans Pelicans
6741,Chris Paul,3615960.00,2007,2008,NOH,New Orleans Pelicans
7143,Chris Paul,4574189.00,2008,2009,NOH,New Orleans Pelicans
7569,Chris Paul,13520500.00,2009,2010,NOH,New Orleans Pelicans
8017,Chris Paul,14940153.00,2010,2011,NOH,New Orleans Pelicans
8422,Chris Paul,16359805.00,2011,2012,LAC,Los Angeles Clippers
8869,Chris Paul,17779458.00,2012,2013,LAC,Los Angeles Clippers
9301,Chris Paul,18668431.00,2013,2014,LAC,Los Angeles Clippers
9717,Chris Paul,20068563.00,2014,2015,LAC,Los Angeles Clippers
10246,Chris Paul,21468696.00,2015,2016,LAC,Los Angeles Clippers
10821,Chris Paul,22868827.00,2016,2017,LAC,Los Angeles Clippers
11402,Chris Paul,24599495.00,2017,2018,HOU,Houston Rockets
3773,Chris Porter,316969.00,2000,2001,GSW,Golden State Warriors
4196,Chris Porter,465850.00,2001,2002,CHA,Charlotte Hornets
6742,Chris Quinn,687456.00,2007,2008,MIA,Miami Heat
7570,Chris Quinn,1055000.00,2009,2010,NJN,Brooklyn Nets
8018,Chris Quinn,861978.00,2010,2011,SAS,San Antonio Spurs
6743,Chris Richard,427163.00,2007,2008,MIN,Minnesota Timberwolves
7571,Chris Richard,43319.00,2009,2010,CHI,Chicago Bulls
2275,Chris Robinson,220000.00,1996,1997,MEM,Memphis Grizzlies
2665,Chris Robinson,325000.00,1997,1998,MEM,Memphis Grizzlies
3051,Chris Robinson,375000.00,1998,1999,SAC,Sacramento Kings
8423,Chris Singleton,1485000.00,2011,2012,WAS,Washington Wizards
8870,Chris Singleton,1596360.00,2012,2013,WAS,Washington Wizards
9302,Chris Singleton,1618680.00,2013,2014,WAS,Washington Wizards
1164,Chris Smith,270000.00,1993,1994,MIN,Minnesota Timberwolves
5920,Chris Taft,423762.00,2005,2006,GSW,Golden State Warriors
6360,Chris Taft,664209.00,2006,2007,GSW,Golden State Warriors
1165,Chris Webber,1600000.00,1993,1994,GSW,Golden State Warriors
1554,Chris Webber,2080000.00,1994,1995,WAS,Washington Wizards
1908,Chris Webber,7000000.00,1995,1996,WAS,Washington Wizards
2276,Chris Webber,8000000.00,1996,1997,WAS,Washington Wizards
2666,Chris Webber,9000000.00,1997,1998,WAS,Washington Wizards
3052,Chris Webber,10000000.00,1998,1999,SAC,Sacramento Kings
3415,Chris Webber,11000000.00,1999,2000,SAC,Sacramento Kings
3774,Chris Webber,12000000.00,2000,2001,SAC,Sacramento Kings
4197,Chris Webber,12750000.00,2001,2002,SAC,Sacramento Kings
4657,Chris Webber,14343750.00,2002,2003,SAC,Sacramento Kings
5078,Chris Webber,15937500.00,2003,2004,SAC,Sacramento Kings
5492,Chris Webber,17531250.00,2004,2005,SAC,Sacramento Kings
5921,Chris Webber,19125000.00,2005,2006,PHI,Philadelphia 76ers
6361,Chris Webber,17600000.00,2006,2007,PHI,Philadelphia 76ers
6362,Chris Webber,661024.00,2006,2007,DET,Detroit Pistons
6744,Chris Webber,602173.00,2007,2008,GSW,Golden State Warriors
1166,Chris Whitney,150000.00,1993,1994,SAS,San Antonio Spurs
1555,Chris Whitney,182900.00,1994,1995,SAS,San Antonio Spurs
2277,Chris Whitney,400000.00,1996,1997,WAS,Washington Wizards
2667,Chris Whitney,1200000.00,1997,1998,WAS,Washington Wizards
3053,Chris Whitney,1440000.00,1998,1999,WAS,Washington Wizards
3416,Chris Whitney,1680000.00,1999,2000,WAS,Washington Wizards
3775,Chris Whitney,2370000.00,2000,2001,WAS,Washington Wizards
4198,Chris Whitney,2700000.00,2001,2002,WAS,Washington Wizards
4658,Chris Whitney,3000000.00,2002,2003,DEN,Denver Nuggets
5079,Chris Whitney,1070000.00,2003,2004,WAS,Washington Wizards
4659,Chris Wilcox,1922520.00,2002,2003,LAC,Los Angeles Clippers
5493,Chris Wilcox,2210880.00,2004,2005,LAC,Los Angeles Clippers
5922,Chris Wilcox,2812239.00,2005,2006,LAC,Los Angeles Clippers
6363,Chris Wilcox,6250000.00,2006,2007,OKC,Oklahoma City Thunder
6745,Chris Wilcox,6500000.00,2007,2008,OKC,Oklahoma City Thunder
7144,Chris Wilcox,6750000.00,2008,2009,NYK,New York Knicks
7572,Chris Wilcox,3000000.00,2009,2010,DET,Detroit Pistons
8424,Chris Wilcox,3000000.00,2011,2012,BOS,Boston Celtic
8425,Chris Wright,473604.00,2011,2012,GSW,Golden State Warriors
10822,Chris Wright,100000.00,2016,2017,OKC,Oklahoma City Thunder
8019,Christian Eyenga,1020960.00,2010,2011,CLE,Cleveland Caveliers
8426,Christian Eyenga,1097520.00,2011,2012,CLE,Cleveland Caveliers
8871,Christian Eyenga,1174080.00,2012,2013,ORL,Orlando Magic
1167,Christian Laettner,2730000.00,1993,1994,MIN,Minnesota Timberwolves
1909,Christian Laettner,3910000.00,1995,1996,MIN,Minnesota Timberwolves
2278,Christian Laettner,4500000.00,1996,1997,ATL,Atlanta Hawks
2668,Christian Laettner,5050000.00,1997,1998,ATL,Atlanta Hawks
3054,Christian Laettner,5360000.00,1998,1999,DET,Detroit Pistons
3417,Christian Laettner,6062500.00,1999,2000,DET,Detroit Pistons
3776,Christian Laettner,6625000.00,2000,2001,DAL,Dallas Mavericks
4199,Christian Laettner,4500000.00,2001,2002,WAS,Washington Wizards
4660,Christian Laettner,5062500.00,2002,2003,WAS,Washington Wizards
5080,Christian Laettner,5625000.00,2003,2004,WAS,Washington Wizards
5494,Christian Laettner,5500000.00,2004,2005,GSW,Golden State Warriors
5495,Christian Laettner,1100000.00,2004,2005,MIA,Miami Heat
10247,Christian Wood,305789.00,2015,2016,PHI,Philadelphia 76ers
10823,Christian Wood,874636.00,2016,2017,CHA,Charlotte Hornets
6364,Chuck Hayes,664209.00,2006,2007,HOU,Houston Rockets
7145,Chuck Hayes,1768000.00,2008,2009,HOU,Houston Rockets
7573,Chuck Hayes,2111750.00,2009,2010,HOU,Houston Rockets
8020,Chuck Hayes,1972500.00,2010,2011,HOU,Houston Rockets
8427,Chuck Hayes,5250000.00,2011,2012,SAC,Sacramento Kings
8872,Chuck Hayes,5486250.00,2012,2013,SAC,Sacramento Kings
9303,Chuck Hayes,5722500.00,2013,2014,SAC,Sacramento Kings
9718,Chuck Hayes,5958750.00,2014,2015,TOR,Toronto Raptors 
10248,Chuck Hayes,83583.00,2015,2016,HOU,Houston Rockets
409,Chuck Nevitt,118000.00,1991,1992,CHI,Chicago Bulls
53,Chuck Person,2150000.00,1990,1991,IND,Indiana Pacers
410,Chuck Person,2156000.00,1991,1992,IND,Indiana Pacers
1168,Chuck Person,2156000.00,1993,1994,MIN,Minnesota Timberwolves
1556,Chuck Person,1300000.00,1994,1995,SAS,San Antonio Spurs
1910,Chuck Person,1690000.00,1995,1996,SAS,San Antonio Spurs
2279,Chuck Person,2060000.00,1996,1997,SAS,San Antonio Spurs
2669,Chuck Person,2470000.00,1997,1998,SAS,San Antonio Spurs
3055,Chuck Person,2860000.00,1998,1999,CHI,Chicago Bulls
3056,Chuck Person,1000000.00,1998,1999,CHA,Charlotte Hornets
3418,Chuck Person,510000.00,1999,2000,OKC,Oklahoma City Thunder
3777,Chuck Person,1200000.00,2000,2001,LAL,Los Angeles Lakers
3778,Chucky Atkins,3000000.00,2000,2001,DET,Detroit Pistons
4200,Chucky Atkins,3300000.00,2001,2002,DET,Detroit Pistons
4661,Chucky Atkins,3600000.00,2002,2003,DET,Detroit Pistons
5081,Chucky Atkins,3900000.00,2003,2004,DET,Detroit Pistons
5496,Chucky Atkins,4200000.00,2004,2005,LAL,Los Angeles Lakers
5923,Chucky Atkins,4500000.00,2005,2006,WAS,Washington Wizards
6365,Chucky Atkins,3000000.00,2006,2007,MEM,Memphis Grizzlies
6746,Chucky Atkins,3000000.00,2007,2008,DEN,Denver Nuggets
7146,Chucky Atkins,3240000.00,2008,2009,OKC,Oklahoma City Thunder
7574,Chucky Atkins,1306455.00,2009,2010,DET,Detroit Pistons
7575,Chucky Atkins,760000.00,2009,2010,MIN,Minnesota Timberwolves
54,Chucky Brown,630000.00,1990,1991,CLE,Cleveland Caveliers
411,Chucky Brown,640000.00,1991,1992,CLE,Cleveland Caveliers
786,Chucky Brown,140000.00,1992,1993,NJN,Brooklyn Nets
1911,Chucky Brown,425000.00,1995,1996,HOU,Houston Rockets
2280,Chucky Brown,500000.00,1996,1997,MIL,Milwaukee Bucks
2670,Chucky Brown,272250.00,1997,1998,ATL,Atlanta Hawks
3057,Chucky Brown,850000.00,1998,1999,CHA,Charlotte Hornets
787,Clarence Weatherspoon,800000.00,1992,1993,PHI,Philadelphia 76ers
1169,Clarence Weatherspoon,1040000.00,1993,1994,PHI,Philadelphia 76ers
1557,Clarence Weatherspoon,4000000.00,1994,1995,PHI,Philadelphia 76ers
3779,Clarence Weatherspoon,2100000.00,2000,2001,CLE,Cleveland Caveliers
4201,Clarence Weatherspoon,4638000.00,2001,2002,NYK,New York Knicks
4662,Clarence Weatherspoon,4991800.00,2002,2003,NYK,New York Knicks
5082,Clarence Weatherspoon,5445600.00,2003,2004,HOU,Houston Rockets
5497,Clarence Weatherspoon,5899400.00,2004,2005,HOU,Houston Rockets
5924,Clarence Weatherspoon,6353200.00,2005,2006,HOU,Houston Rockets
9719,Cleanthony Early,507336.00,2014,2015,NYK,New York Knicks
10249,Cleanthony Early,845059.00,2015,2016,NYK,New York Knicks
10250,Cliff Alexander,525093.00,2015,2016,POR,Portland Trail Blazers
10824,Cliff Alexander,51449.00,2016,2017,NJN,Brooklyn Nets
55,Cliff Levingston,750000.00,1990,1991,CHI,Chicago Bulls
412,Cliff Levingston,1350000.00,1991,1992,CHI,Chicago Bulls
1558,Cliff Levingston,650000.00,1994,1995,DEN,Denver Nuggets
788,Cliff Robinson,140000.00,1992,1993,LAL,Los Angeles Lakers
56,Clifford Robinson,250000.00,1990,1991,POR,Portland Trail Blazers
413,Clifford Robinson,474000.00,1991,1992,POR,Portland Trail Blazers
789,Clifford Robinson,1665000.00,1992,1993,POR,Portland Trail Blazers
1170,Clifford Robinson,2336000.00,1993,1994,POR,Portland Trail Blazers
1559,Clifford Robinson,2732000.00,1994,1995,POR,Portland Trail Blazers
1912,Clifford Robinson,3018000.00,1995,1996,POR,Portland Trail Blazers
2281,Clifford Robinson,2924000.00,1996,1997,POR,Portland Trail Blazers
2671,Clifford Robinson,1000000.00,1997,1998,PHO,Phoenix Suns
3058,Clifford Robinson,3500000.00,1998,1999,PHO,Phoenix Suns
3780,Clifford Robinson,6890000.00,2000,2001,PHO,Phoenix Suns
4202,Clifford Robinson,7656250.00,2001,2002,DET,Detroit Pistons
4663,Clifford Robinson,8421875.00,2002,2003,DET,Detroit Pistons
5083,Clifford Robinson,4700000.00,2003,2004,GSW,Golden State Warriors
5498,Clifford Robinson,5287500.00,2004,2005,GSW,Golden State Warriors
5925,Clifford Robinson,2500000.00,2005,2006,NJN,Brooklyn Nets
6366,Clifford Robinson,1600000.00,2006,2007,NJN,Brooklyn Nets
6747,Clifford Robinson,500000.00,2007,2008,NJN,Brooklyn Nets
1560,Clifford Rozier,650000.00,1994,1995,GSW,Golden State Warriors
1913,Clifford Rozier,845000.00,1995,1996,GSW,Golden State Warriors
2282,Clifford Rozier,1040000.00,1996,1997,ORL,Orlando Magic
2672,Clifford Rozier,750000.00,1997,1998,ORL,Orlando Magic
2673,Clifford Rozier,272250.00,1997,1998,MIN,Minnesota Timberwolves
9720,Clint Capela,1189200.00,2014,2015,HOU,Houston Rockets
10251,Clint Capela,1242720.00,2015,2016,HOU,Houston Rockets
10825,Clint Capela,1296240.00,2016,2017,HOU,Houston Rockets
11403,Clint Capela,2334520.00,2017,2018,HOU,Houston Rockets
1914,Clint McDaniel,200000.00,1995,1996,SAC,Sacramento Kings
57,Clyde Drexler,1180000.00,1990,1991,POR,Portland Trail Blazers
414,Clyde Drexler,1378000.00,1991,1992,POR,Portland Trail Blazers
790,Clyde Drexler,1378000.00,1992,1993,POR,Portland Trail Blazers
1171,Clyde Drexler,1578000.00,1993,1994,POR,Portland Trail Blazers
1561,Clyde Drexler,1578000.00,1994,1995,POR,Portland Trail Blazers
1915,Clyde Drexler,9810000.00,1995,1996,HOU,Houston Rockets
2283,Clyde Drexler,5500000.00,1996,1997,HOU,Houston Rockets
6748,Coby Karl,427163.00,2007,2008,LAL,Los Angeles Lakers
7576,Coby Karl,311896.00,2009,2010,CLE,Cleveland Caveliers
7577,Coby Karl,43319.00,2009,2010,GSW,Golden State Warriors
10252,Cody Zeller,4204200.00,2015,2016,CHA,Charlotte Hornets
10826,Cody Zeller,5318313.00,2016,2017,CHA,Charlotte Hornets
11404,Cody Zeller,12584270.00,2017,2018,CHA,Charlotte Hornets
8021,Cole Aldrich,2126520.00,2010,2011,OKC,Oklahoma City Thunder
8428,Cole Aldrich,2286000.00,2011,2012,OKC,Oklahoma City Thunder
8873,Cole Aldrich,2445480.00,2012,2013,SAC,Sacramento Kings
9721,Cole Aldrich,981084.00,2014,2015,NYK,New York Knicks
10253,Cole Aldrich,1100600.00,2015,2016,LAC,Los Angeles Clippers
10827,Cole Aldrich,7643979.00,2016,2017,MIN,Minnesota Timberwolves
11405,Cole Aldrich,7300000.00,2017,2018,MIN,Minnesota Timberwolves
2674,Corey Beck,272250.00,1997,1998,CHA,Charlotte Hornets
3059,Corey Beck,425000.00,1998,1999,CHA,Charlotte Hornets
3060,Corey Benjamin,540000.00,1998,1999,CHI,Chicago Bulls
3781,Corey Benjamin,749160.00,2000,2001,CHI,Chicago Bulls
6749,Corey Brewer,2535720.00,2007,2008,MIN,Minnesota Timberwolves
7147,Corey Brewer,2725920.00,2008,2009,MIN,Minnesota Timberwolves
7578,Corey Brewer,2916120.00,2009,2010,MIN,Minnesota Timberwolves
8022,Corey Brewer,3703472.00,2010,2011,NYK,New York Knicks
8429,Corey Brewer,3059000.00,2011,2012,DEN,Denver Nuggets
8874,Corey Brewer,3243000.00,2012,2013,DEN,Denver Nuggets
9304,Corey Brewer,4500000.00,2013,2014,MIN,Minnesota Timberwolves
9722,Corey Brewer,4702500.00,2014,2015,HOU,Houston Rockets
10254,Corey Brewer,8200000.00,2015,2016,HOU,Houston Rockets
10828,Corey Brewer,7600000.00,2016,2017,LAL,Los Angeles Lakers
11406,Corey Brewer,7579366.00,2017,2018,LAL,Los Angeles Lakers
415,Corey Crowder,130000.00,1991,1992,UTA,Utah Jazz
791,Corey Crowder,250000.00,1992,1993,UTA,Utah Jazz
1562,Corey Crowder,142982.00,1994,1995,SAS,San Antonio Spurs
792,Corey Gaines,13000.00,1992,1993,OKC,Oklahoma City Thunder
3782,Corey Maggette,1353960.00,2000,2001,LAC,Los Angeles Clippers
4203,Corey Maggette,1448400.00,2001,2002,LAC,Los Angeles Clippers
4664,Corey Maggette,2069764.00,2002,2003,LAC,Los Angeles Clippers
5499,Corey Maggette,7000000.00,2004,2005,LAC,Los Angeles Clippers
5926,Corey Maggette,7000000.00,2005,2006,LAC,Los Angeles Clippers
6367,Corey Maggette,7000000.00,2006,2007,LAC,Los Angeles Clippers
6750,Corey Maggette,7000000.00,2007,2008,LAC,Los Angeles Clippers
7579,Corey Maggette,8937931.00,2009,2010,GSW,Golden State Warriors
8023,Corey Maggette,9600000.00,2010,2011,MIL,Milwaukee Bucks
10255,Corey Walden,25000.00,2015,2016,BOS,Boston Celtic
793,Corey Williams,200000.00,1992,1993,CHI,Chicago Bulls
1172,Corie Blount,620000.00,1993,1994,CHI,Chicago Bulls
1916,Corie Blount,1040000.00,1995,1996,LAL,Los Angeles Lakers
2284,Corie Blount,1235000.00,1996,1997,LAL,Los Angeles Lakers
2675,Corie Blount,1430000.00,1997,1998,LAL,Los Angeles Lakers
3061,Corie Blount,1625000.00,1998,1999,LAL,Los Angeles Lakers
3062,Corie Blount,537500.00,1998,1999,CLE,Cleveland Caveliers
3783,Corie Blount,1320000.00,2000,2001,PHO,Phoenix Suns
4204,Corie Blount,1609235.00,2001,2002,PHI,Philadelphia 76ers
4665,Corie Blount,1400000.00,2002,2003,CHI,Chicago Bulls
5084,Corie Blount,1680000.00,2003,2004,CHI,Chicago Bulls
1917,Corliss Williamson,923000.00,1995,1996,SAC,Sacramento Kings
2285,Corliss Williamson,1051000.00,1996,1997,SAC,Sacramento Kings
2676,Corliss Williamson,1199520.00,1997,1998,SAC,Sacramento Kings
3063,Corliss Williamson,500000.00,1998,1999,SAC,Sacramento Kings
3419,Corliss Williamson,3560000.00,1999,2000,SAC,Sacramento Kings
3784,Corliss Williamson,3940000.00,2000,2001,TOR,Toronto Raptors 
4205,Corliss Williamson,4000000.00,2001,2002,DET,Detroit Pistons
4666,Corliss Williamson,4500000.00,2002,2003,DET,Detroit Pistons
5085,Corliss Williamson,5000000.00,2003,2004,DET,Detroit Pistons
5500,Corliss Williamson,5500000.00,2004,2005,PHI,Philadelphia 76ers
5927,Corliss Williamson,6000000.00,2005,2006,SAC,Sacramento Kings
6368,Corliss Williamson,6500000.00,2006,2007,SAC,Sacramento Kings
5501,Corsley Edwards,319498.00,2004,2005,NOH,New Orleans Pelicans
1918,Cory Alexander,490000.00,1995,1996,SAS,San Antonio Spurs
2286,Cory Alexander,521000.00,1996,1997,SAS,San Antonio Spurs
2677,Cory Alexander,562380.00,1997,1998,SAS,San Antonio Spurs
3420,Cory Alexander,1980000.00,1999,2000,DEN,Denver Nuggets
3785,Cory Alexander,2160000.00,2000,2001,DEN,Denver Nuggets
4206,Cory Alexander,1995741.00,2001,2002,DEN,Denver Nuggets
4667,Cory Alexander,2149259.00,2002,2003,DEN,Denver Nuggets
5086,Cory Alexander,2302778.00,2003,2004,DEN,Denver Nuggets
3064,Cory Carr,287500.00,1998,1999,CHI,Chicago Bulls
9723,Cory Jefferson,507336.00,2014,2015,NJN,Brooklyn Nets
10256,Cory Jefferson,421449.00,2015,2016,PHO,Phoenix Suns
8430,Cory Joseph,1028400.00,2011,2012,SAS,San Antonio Spurs
8875,Cory Joseph,1105560.00,2012,2013,SAS,San Antonio Spurs
9305,Cory Joseph,1120920.00,2013,2014,SAS,San Antonio Spurs
9724,Cory Joseph,2023261.00,2014,2015,SAS,San Antonio Spurs
10257,Cory Joseph,7000000.00,2015,2016,TOR,Toronto Raptors 
10829,Cory Joseph,7330000.00,2016,2017,TOR,Toronto Raptors 
11407,Cory Joseph,7630000.00,2017,2018,IND,Indiana Pacers
10258,Coty Clarke,61776.00,2015,2016,BOS,Boston Celtic
3786,Courtney Alexander,1319400.00,2000,2001,DAL,Dallas Mavericks
4207,Courtney Alexander,1418400.00,2001,2002,WAS,Washington Wizards
4668,Courtney Alexander,1517280.00,2002,2003,NOH,New Orleans Pelicans
5087,Courtney Alexander,2168193.00,2003,2004,NOH,New Orleans Pelicans
5502,Courtney Alexander,79029.00,2004,2005,SAC,Sacramento Kings
8431,Courtney Fortson,42009.00,2011,2012,LAC,Los Angeles Clippers
7148,Courtney Lee,1176240.00,2008,2009,ORL,Orlando Magic
7580,Courtney Lee,1264440.00,2009,2010,NJN,Brooklyn Nets
8024,Courtney Lee,1409040.00,2010,2011,HOU,Houston Rockets
8432,Courtney Lee,2225093.00,2011,2012,HOU,Houston Rockets
9306,Courtney Lee,5225000.00,2013,2014,MEM,Memphis Grizzlies
9725,Courtney Lee,5450000.00,2014,2015,MEM,Memphis Grizzlies
10259,Courtney Lee,5675000.00,2015,2016,CHA,Charlotte Hornets
10830,Courtney Lee,11242000.00,2016,2017,NYK,New York Knicks
11408,Courtney Lee,11747890.00,2017,2018,NYK,New York Knicks
6751,Courtney Sims,112130.00,2007,2008,IND,Indiana Pacers
7149,Courtney Sims,184648.00,2008,2009,PHO,Phoenix Suns
8025,Craig Brackins,1306920.00,2010,2011,PHI,Philadelphia 76ers
8433,Craig Brackins,1404960.00,2011,2012,PHI,Philadelphia 76ers
58,Craig Ehlo,925000.00,1990,1991,CLE,Cleveland Caveliers
416,Craig Ehlo,925000.00,1991,1992,CLE,Cleveland Caveliers
794,Craig Ehlo,1075000.00,1992,1993,CLE,Cleveland Caveliers
1173,Craig Ehlo,1200000.00,1993,1994,ATL,Atlanta Hawks
1563,Craig Ehlo,2650000.00,1994,1995,ATL,Atlanta Hawks
1919,Craig Ehlo,1855000.00,1995,1996,ATL,Atlanta Hawks
2287,Craig Ehlo,360000.00,1996,1997,OKC,Oklahoma City Thunder
2678,Craig Ehlo,432081.00,1997,1998,OKC,Oklahoma City Thunder
3065,Craig Ehlo,504082.00,1998,1999,OKC,Oklahoma City Thunder
59,Craig Hodges,600000.00,1990,1991,CHI,Chicago Bulls
417,Craig Hodges,700000.00,1991,1992,CHI,Chicago Bulls
795,Craig Hodges,400000.00,1992,1993,CHI,Chicago Bulls
6369,Craig Smith,412718.00,2006,2007,MIN,Minnesota Timberwolves
6752,Craig Smith,687456.00,2007,2008,MIN,Minnesota Timberwolves
7150,Craig Smith,2500000.00,2008,2009,MIN,Minnesota Timberwolves
7581,Craig Smith,2500000.00,2009,2010,LAC,Los Angeles Clippers
8026,Craig Smith,2300000.00,2010,2011,LAC,Los Angeles Clippers
8434,Craig Smith,992680.00,2011,2012,POR,Portland Trail Blazers
10260,Cristiano Felicio,525090.00,2015,2016,CHI,Chicago Bulls
10831,Cristiano Felicio,874636.00,2016,2017,CHI,Chicago Bulls
11409,Cristiano Felicio,7843500.00,2017,2018,CHI,Chicago Bulls
4669,Curtis Borchardt,1113720.00,2002,2003,UTA,Utah Jazz
5088,Curtis Borchardt,1187240.00,2003,2004,UTA,Utah Jazz
5503,Curtis Borchardt,1280880.00,2004,2005,UTA,Utah Jazz
5928,Curtis Borchardt,1969993.00,2005,2006,BOS,Boston Celtic
3066,Cuttino Mobley,287500.00,1998,1999,HOU,Houston Rockets
3421,Cuttino Mobley,385000.00,1999,2000,HOU,Houston Rockets
3787,Cuttino Mobley,3920000.00,2000,2001,HOU,Houston Rockets
4208,Cuttino Mobley,4413375.00,2001,2002,HOU,Houston Rockets
5089,Cuttino Mobley,5394125.00,2003,2004,HOU,Houston Rockets
5504,Cuttino Mobley,5884500.00,2004,2005,ORL,Orlando Magic
5929,Cuttino Mobley,7200000.00,2005,2006,LAC,Los Angeles Clippers
6370,Cuttino Mobley,8125000.00,2006,2007,LAC,Los Angeles Clippers
6753,Cuttino Mobley,8350000.00,2007,2008,LAC,Los Angeles Clippers
7151,Cuttino Mobley,9100000.00,2008,2009,NYK,New York Knicks
7582,Cuttino Mobley,9500000.00,2009,2010,NYK,New York Knicks
8876,D.J. Augustin,3500000.00,2012,2013,IND,Indiana Pacers
9307,D.J. Augustin,1267000.00,2013,2014,TOR,Toronto Raptors 
9726,D.J. Augustin,3000000.00,2014,2015,OKC,Oklahoma City Thunder
10261,D.J. Augustin,3000000.00,2015,2016,DEN,Denver Nuggets
10832,D.J. Augustin,7250000.00,2016,2017,ORL,Orlando Magic
11410,D.J. Augustin,7250000.00,2017,2018,ORL,Orlando Magic
10833,D.J. Kennedy,50000.00,2016,2017,DEN,Denver Nuggets
10834,D.J. Stephens,35000.00,2016,2017,MEM,Memphis Grizzlies
6754,D.J. Strawberry,427163.00,2007,2008,PHO,Phoenix Suns
7152,D.J. White,964080.00,2008,2009,OKC,Oklahoma City Thunder
7583,D.J. White,1036440.00,2009,2010,OKC,Oklahoma City Thunder
11411,D.J. Wilson,2135040.00,2017,2018,MIL,Milwaukee Bucks
10262,D\'Angelo Russell,5103120.00,2015,2016,LAL,Los Angeles Lakers
10835,D\'Angelo Russell,5332800.00,2016,2017,LAL,Los Angeles Lakers
11412,D\'Angelo Russell,5562360.00,2017,2018,NJN,Brooklyn Nets
6755,Daequan Cook,1184400.00,2007,2008,MIA,Miami Heat
7584,Daequan Cook,1362120.00,2009,2010,MIA,Miami Heat
8027,Daequan Cook,2169857.00,2010,2011,OKC,Oklahoma City Thunder
8435,Daequan Cook,3341558.00,2011,2012,OKC,Oklahoma City Thunder
8877,Daequan Cook,589769.00,2012,2013,CHI,Chicago Bulls
5090,Dahntay Jones,1063680.00,2003,2004,MEM,Memphis Grizzlies
5505,Dahntay Jones,1143360.00,2004,2005,MEM,Memphis Grizzlies
5930,Dahntay Jones,1223160.00,2005,2006,MEM,Memphis Grizzlies
6371,Dahntay Jones,1886113.00,2006,2007,MEM,Memphis Grizzlies
7153,Dahntay Jones,926678.00,2008,2009,DEN,Denver Nuggets
7585,Dahntay Jones,2500000.00,2009,2010,IND,Indiana Pacers
8028,Dahntay Jones,2500000.00,2010,2011,IND,Indiana Pacers
8436,Dahntay Jones,2700000.00,2011,2012,IND,Indiana Pacers
8878,Dahntay Jones,2900000.00,2012,2013,ATL,Atlanta Hawks
9727,Dahntay Jones,387632.00,2014,2015,LAC,Los Angeles Clippers
10263,Dahntay Jones,8819.00,2015,2016,CLE,Cleveland Caveliers
10836,Dahntay Jones,24022.00,2016,2017,CLE,Cleveland Caveliers
7586,DaJuan Summers,457588.00,2009,2010,DET,Detroit Pistons
8437,DaJuan Summers,303137.00,2011,2012,NOH,New Orleans Pelicans
4670,Dajuan Wagner,2298840.00,2002,2003,CLE,Cleveland Caveliers
5091,Dajuan Wagner,2471280.00,2003,2004,CLE,Cleveland Caveliers
5506,Dajuan Wagner,2643600.00,2004,2005,CLE,Cleveland Caveliers
6372,Dajuan Wagner,771331.00,2006,2007,GSW,Golden State Warriors
11413,Dakari Johnson,815615.00,2017,2018,OKC,Oklahoma City Thunder
418,Dale Davis,430000.00,1991,1992,IND,Indiana Pacers
796,Dale Davis,559000.00,1992,1993,IND,Indiana Pacers
1174,Dale Davis,688000.00,1993,1994,IND,Indiana Pacers
1920,Dale Davis,4050000.00,1995,1996,IND,Indiana Pacers
2288,Dale Davis,6508000.00,1996,1997,IND,Indiana Pacers
3788,Dale Davis,6000000.00,2000,2001,POR,Portland Trail Blazers
4209,Dale Davis,7010000.00,2001,2002,POR,Portland Trail Blazers
4671,Dale Davis,8055000.00,2002,2003,POR,Portland Trail Blazers
5092,Dale Davis,9061875.00,2003,2004,POR,Portland Trail Blazers
5507,Dale Davis,10068750.00,2004,2005,GSW,Golden State Warriors
5931,Dale Davis,3500000.00,2005,2006,DET,Detroit Pistons
6373,Dale Davis,3500000.00,2006,2007,DET,Detroit Pistons
60,Dale Ellis,1250000.00,1990,1991,MIL,Milwaukee Bucks
419,Dale Ellis,1300000.00,1991,1992,MIL,Milwaukee Bucks
797,Dale Ellis,1000000.00,1992,1993,SAS,San Antonio Spurs
1175,Dale Ellis,1300000.00,1993,1994,SAS,San Antonio Spurs
1564,Dale Ellis,1007500.00,1994,1995,DEN,Denver Nuggets
1921,Dale Ellis,1310000.00,1995,1996,DEN,Denver Nuggets
2289,Dale Ellis,1600000.00,1996,1997,DEN,Denver Nuggets
2679,Dale Ellis,1920000.00,1997,1998,OKC,Oklahoma City Thunder
3067,Dale Ellis,1750000.00,1998,1999,OKC,Oklahoma City Thunder
3789,Dale Ellis,2290000.00,2000,2001,MIA,Miami Heat
3790,Dalibor Bagaric,795000.00,2000,2001,CHI,Chicago Bulls
4210,Dalibor Bagaric,854640.00,2001,2002,CHI,Chicago Bulls
4672,Dalibor Bagaric,830947.00,2002,2003,CHI,Chicago Bulls
5093,Dalibor Bagaric,1599076.00,2003,2004,CHI,Chicago Bulls
10837,Damian Jones,1171560.00,2016,2017,GSW,Golden State Warriors
11414,Damian Jones,1312611.00,2017,2018,GSW,Golden State Warriors
8879,Damian Lillard,3065040.00,2012,2013,POR,Portland Trail Blazers
9308,Damian Lillard,3202920.00,2013,2014,POR,Portland Trail Blazers
9728,Damian Lillard,3340920.00,2014,2015,POR,Portland Trail Blazers
10264,Damian Lillard,4236287.00,2015,2016,POR,Portland Trail Blazers
10838,Damian Lillard,24328425.00,2016,2017,POR,Portland Trail Blazers
11415,Damian Lillard,26153057.00,2017,2018,POR,Portland Trail Blazers
9729,Damien Inglis,820000.00,2014,2015,MIL,Milwaukee Bucks
10265,Damien Inglis,855000.00,2015,2016,MIL,Milwaukee Bucks
5508,Damien Wilkins,385277.00,2004,2005,OKC,Oklahoma City Thunder
5932,Damien Wilkins,2500000.00,2005,2006,OKC,Oklahoma City Thunder
6374,Damien Wilkins,2700000.00,2006,2007,OKC,Oklahoma City Thunder
6756,Damien Wilkins,2900000.00,2007,2008,OKC,Oklahoma City Thunder
7154,Damien Wilkins,3100000.00,2008,2009,OKC,Oklahoma City Thunder
7587,Damien Wilkins,3300000.00,2009,2010,MIN,Minnesota Timberwolves
8029,Damien Wilkins,748656.00,2010,2011,ATL,Atlanta Hawks
8438,Damien Wilkins,1146337.00,2011,2012,DET,Detroit Pistons
8880,Damien Wilkins,1223166.00,2012,2013,PHI,Philadelphia 76ers
11416,Damien Wilkins,2116955.00,2017,2018,IND,Indiana Pacers
8030,Damion James,1156320.00,2010,2011,NJN,Brooklyn Nets
8439,Damion James,1243080.00,2011,2012,NJN,Brooklyn Nets
8881,Damion James,50258.00,2012,2013,NJN,Brooklyn Nets
10839,Damion Lee,50000.00,2016,2017,BOS,Boston Celtic
6375,Damir Markota,412718.00,2006,2007,MIL,Milwaukee Bucks
9730,Damjan Rudez,1100000.00,2014,2015,IND,Indiana Pacers
10266,Damjan Rudez,1149500.00,2015,2016,MIN,Minnesota Timberwolves
10840,Damjan Rudez,980431.00,2016,2017,ORL,Orlando Magic
3068,Damon Jones,287500.00,1998,1999,BOS,Boston Celtic
3422,Damon Jones,106441.00,1999,2000,DAL,Dallas Mavericks
3423,Damon Jones,70206.00,1999,2000,GSW,Golden State Warriors
3791,Damon Jones,710000.00,2000,2001,MEM,Memphis Grizzlies
4211,Damon Jones,565850.00,2001,2002,DET,Detroit Pistons
4673,Damon Jones,637435.00,2002,2003,SAC,Sacramento Kings
5094,Damon Jones,751179.00,2003,2004,MIL,Milwaukee Bucks
5509,Damon Jones,2503000.00,2004,2005,MIA,Miami Heat
5933,Damon Jones,3590000.00,2005,2006,CLE,Cleveland Caveliers
6376,Damon Jones,3884678.00,2006,2007,CLE,Cleveland Caveliers
6757,Damon Jones,4172432.00,2007,2008,CLE,Cleveland Caveliers
7155,Damon Jones,4460186.00,2008,2009,MIL,Milwaukee Bucks
1922,Damon Stoudamire,1345000.00,1995,1996,TOR,Toronto Raptors 
2290,Damon Stoudamire,1547000.00,1996,1997,TOR,Toronto Raptors 
2680,Damon Stoudamire,1748760.00,1997,1998,TOR,Toronto Raptors 
3792,Damon Stoudamire,11250000.00,2000,2001,POR,Portland Trail Blazers
4212,Damon Stoudamire,12375000.00,2001,2002,POR,Portland Trail Blazers
4674,Damon Stoudamire,12375000.00,2002,2003,POR,Portland Trail Blazers
5095,Damon Stoudamire,12375000.00,2003,2004,POR,Portland Trail Blazers
5510,Damon Stoudamire,12500000.00,2004,2005,POR,Portland Trail Blazers
5934,Damon Stoudamire,3750000.00,2005,2006,MEM,Memphis Grizzlies
6377,Damon Stoudamire,4050000.00,2006,2007,MEM,Memphis Grizzlies
6758,Damon Stoudamire,4350000.00,2007,2008,MEM,Memphis Grizzlies
6759,Damon Stoudamire,556438.00,2007,2008,SAS,San Antonio Spurs
7156,Damon Stoudamire,2325000.00,2008,2009,MEM,Memphis Grizzlies
4213,Damone Brown,332817.00,2001,2002,PHI,Philadelphia 76ers
5096,Damone Brown,202508.00,2003,2004,NJN,Brooklyn Nets
11417,Damyean Dotson,1100000.00,2017,2018,NYK,New York Knicks
4675,Dan Dickau,776880.00,2002,2003,ATL,Atlanta Hawks
5097,Dan Dickau,835200.00,2003,2004,ATL,Atlanta Hawks
5511,Dan Dickau,893400.00,2004,2005,NOH,New Orleans Pelicans
5935,Dan Dickau,2250000.00,2005,2006,BOS,Boston Celtic
6378,Dan Dickau,2753218.00,2006,2007,POR,Portland Trail Blazers
6760,Dan Dickau,2990028.00,2007,2008,NYK,New York Knicks
6761,Dan Dickau,926678.00,2007,2008,LAC,Los Angeles Clippers
4676,Dan Gadzuric,349458.00,2002,2003,MIL,Milwaukee Bucks
5098,Dan Gadzuric,563679.00,2003,2004,MIL,Milwaukee Bucks
5512,Dan Gadzuric,695046.00,2004,2005,MIL,Milwaukee Bucks
5936,Dan Gadzuric,4750000.00,2005,2006,MIL,Milwaukee Bucks
6379,Dan Gadzuric,5252065.00,2006,2007,MIL,Milwaukee Bucks
6762,Dan Gadzuric,5751130.00,2007,2008,MIL,Milwaukee Bucks
7157,Dan Gadzuric,6250195.00,2008,2009,MIL,Milwaukee Bucks
7588,Dan Gadzuric,6749260.00,2009,2010,MIL,Milwaukee Bucks
8031,Dan Gadzuric,7248325.00,2010,2011,NJN,Brooklyn Nets
420,Dan Godfread,100000.00,1991,1992,MIN,Minnesota Timberwolves
3793,Dan Langhi,316969.00,2000,2001,HOU,Houston Rockets
4214,Dan Langhi,465850.00,2001,2002,HOU,Houston Rockets
4677,Dan Langhi,587435.00,2002,2003,PHO,Phoenix Suns
5099,Dan Langhi,530943.00,2003,2004,MIL,Milwaukee Bucks
5100,Dan Langhi,72843.00,2003,2004,GSW,Golden State Warriors
61,Dan Majerle,430000.00,1990,1991,PHO,Phoenix Suns
421,Dan Majerle,535000.00,1991,1992,PHO,Phoenix Suns
798,Dan Majerle,735000.00,1992,1993,PHO,Phoenix Suns
1176,Dan Majerle,2975000.00,1993,1994,PHO,Phoenix Suns
1565,Dan Majerle,3000000.00,1994,1995,PHO,Phoenix Suns
1923,Dan Majerle,3100000.00,1995,1996,CLE,Cleveland Caveliers
2291,Dan Majerle,2350000.00,1996,1997,MIA,Miami Heat
3069,Dan Majerle,3290000.00,1998,1999,MIA,Miami Heat
3794,Dan Majerle,4050000.00,2000,2001,MIA,Miami Heat
4215,Dan Majerle,1000000.00,2001,2002,PHO,Phoenix Suns
799,Dan O\'Sullivan,140000.00,1992,1993,NJN,Brooklyn Nets
62,Dana Barros,500000.00,1990,1991,OKC,Oklahoma City Thunder
422,Dana Barros,500000.00,1991,1992,OKC,Oklahoma City Thunder
800,Dana Barros,500000.00,1992,1993,OKC,Oklahoma City Thunder
1177,Dana Barros,750000.00,1993,1994,PHI,Philadelphia 76ers
1566,Dana Barros,937500.00,1994,1995,PHI,Philadelphia 76ers
1924,Dana Barros,3300000.00,1995,1996,BOS,Boston Celtic
2292,Dana Barros,3400000.00,1996,1997,BOS,Boston Celtic
2681,Dana Barros,3400000.00,1997,1998,BOS,Boston Celtic
3070,Dana Barros,3500000.00,1998,1999,BOS,Boston Celtic
3424,Dana Barros,3500000.00,1999,2000,BOS,Boston Celtic
3795,Dana Barros,3700000.00,2000,2001,DET,Detroit Pistons
4216,Dana Barros,1600000.00,2001,2002,DET,Detroit Pistons
5937,Daniel Ewing,450000.00,2005,2006,LAC,Los Angeles Clippers
6380,Daniel Ewing,664209.00,2006,2007,LAC,Los Angeles Clippers
6381,Daniel Gibson,412718.00,2006,2007,CLE,Cleveland Caveliers
6763,Daniel Gibson,687456.00,2007,2008,CLE,Cleveland Caveliers
7158,Daniel Gibson,3700000.00,2008,2009,CLE,Cleveland Caveliers
7589,Daniel Gibson,4088500.00,2009,2010,CLE,Cleveland Caveliers
8032,Daniel Gibson,4015334.00,2010,2011,CLE,Cleveland Caveliers
8440,Daniel Gibson,4403834.00,2011,2012,CLE,Cleveland Caveliers
8882,Daniel Gibson,4792332.00,2012,2013,CLE,Cleveland Caveliers
10841,Daniel Ochefu,543471.00,2016,2017,WAS,Washington Wizards
11418,Daniel Ochefu,50000.00,2017,2018,WAS,Washington Wizards
8033,Daniel Orton,1028400.00,2010,2011,ORL,Orlando Magic
8441,Daniel Orton,1105560.00,2011,2012,ORL,Orlando Magic
8883,Daniel Orton,757712.00,2012,2013,OKC,Oklahoma City Thunder
3796,Daniel Santiago,316969.00,2000,2001,PHO,Phoenix Suns
4217,Daniel Santiago,465850.00,2001,2002,PHO,Phoenix Suns
5101,Daniel Santiago,1200000.00,2003,2004,MIL,Milwaukee Bucks
5513,Daniel Santiago,1320000.00,2004,2005,MIL,Milwaukee Bucks
11419,Daniel Theis,815615.00,2017,2018,BOS,Boston Celtic
7159,Danilo Gallinari,2873520.00,2008,2009,NYK,New York Knicks
7590,Danilo Gallinari,3089040.00,2009,2010,NYK,New York Knicks
8034,Danilo Gallinari,3304560.00,2010,2011,DEN,Denver Nuggets
8442,Danilo Gallinari,4190182.00,2011,2012,DEN,Denver Nuggets
8884,Danilo Gallinari,9439000.00,2012,2013,DEN,Denver Nuggets
9309,Danilo Gallinari,10146925.00,2013,2014,DEN,Denver Nuggets
9731,Danilo Gallinari,10854850.00,2014,2015,DEN,Denver Nuggets
10267,Danilo Gallinari,14000000.00,2015,2016,DEN,Denver Nuggets
10842,Danilo Gallinari,15050000.00,2016,2017,DEN,Denver Nuggets
11420,Danilo Gallinari,20559599.00,2017,2018,LAC,Los Angeles Clippers
63,Danny Ainge,725000.00,1990,1991,POR,Portland Trail Blazers
423,Danny Ainge,725000.00,1991,1992,POR,Portland Trail Blazers
801,Danny Ainge,1330000.00,1992,1993,PHO,Phoenix Suns
1178,Danny Ainge,1690000.00,1993,1994,PHO,Phoenix Suns
1567,Danny Ainge,2080000.00,1994,1995,PHO,Phoenix Suns
64,Danny Ferry,2640000.00,1990,1991,CLE,Cleveland Caveliers
424,Danny Ferry,2843000.00,1991,1992,CLE,Cleveland Caveliers
802,Danny Ferry,3143000.00,1992,1993,CLE,Cleveland Caveliers
1179,Danny Ferry,3543000.00,1993,1994,CLE,Cleveland Caveliers
1568,Danny Ferry,4042000.00,1994,1995,CLE,Cleveland Caveliers
1925,Danny Ferry,4643000.00,1995,1996,CLE,Cleveland Caveliers
2293,Danny Ferry,4643000.00,1996,1997,CLE,Cleveland Caveliers
2682,Danny Ferry,4000000.00,1997,1998,CLE,Cleveland Caveliers
3071,Danny Ferry,4000000.00,1998,1999,CLE,Cleveland Caveliers
3425,Danny Ferry,4000000.00,1999,2000,CLE,Cleveland Caveliers
4218,Danny Ferry,1000000.00,2001,2002,SAS,San Antonio Spurs
4678,Danny Ferry,4546000.00,2002,2003,SAS,San Antonio Spurs
2683,Danny Fortson,1291440.00,1997,1998,DEN,Denver Nuggets
3072,Danny Fortson,1485000.00,1998,1999,DEN,Denver Nuggets
3426,Danny Fortson,1678800.00,1999,2000,BOS,Boston Celtic
3797,Danny Fortson,3950000.00,2000,2001,GSW,Golden State Warriors
4219,Danny Fortson,4649534.00,2001,2002,GSW,Golden State Warriors
4679,Danny Fortson,5039068.00,2002,2003,GSW,Golden State Warriors
5514,Danny Fortson,5818136.00,2004,2005,OKC,Oklahoma City Thunder
5938,Danny Fortson,6207670.00,2005,2006,OKC,Oklahoma City Thunder
6382,Danny Fortson,6596990.00,2006,2007,OKC,Oklahoma City Thunder
5939,Danny Granger,1318920.00,2005,2006,IND,Indiana Pacers
6764,Danny Granger,1516800.00,2007,2008,IND,Indiana Pacers
7160,Danny Granger,2329805.00,2008,2009,IND,Indiana Pacers
7591,Danny Granger,9930500.00,2009,2010,IND,Indiana Pacers
8035,Danny Granger,10973202.00,2010,2011,IND,Indiana Pacers
8443,Danny Granger,12015904.00,2011,2012,IND,Indiana Pacers
8885,Danny Granger,13058606.00,2012,2013,IND,Indiana Pacers
9310,Danny Granger,14021788.00,2013,2014,PHI,Philadelphia 76ers
9732,Danny Granger,2077000.00,2014,2015,PHO,Phoenix Suns
10268,Danny Granger,2170465.00,2015,2016,DET,Detroit Pistons
7592,Danny Green,457588.00,2009,2010,CLE,Cleveland Caveliers
8036,Danny Green,94154.00,2010,2011,SAS,San Antonio Spurs
8444,Danny Green,854389.00,2011,2012,SAS,San Antonio Spurs
8886,Danny Green,3500000.00,2012,2013,SAS,San Antonio Spurs
9311,Danny Green,3762500.00,2013,2014,SAS,San Antonio Spurs
9733,Danny Green,4025000.00,2014,2015,SAS,San Antonio Spurs
10269,Danny Green,10000000.00,2015,2016,SAS,San Antonio Spurs
10843,Danny Green,10000000.00,2016,2017,SAS,San Antonio Spurs
11421,Danny Green,10000000.00,2017,2018,SAS,San Antonio Spurs
65,Danny Manning,2200000.00,1990,1991,LAC,Los Angeles Clippers
425,Danny Manning,2300000.00,1991,1992,LAC,Los Angeles Clippers
803,Danny Manning,2600000.00,1992,1993,LAC,Los Angeles Clippers
1180,Danny Manning,3250000.00,1993,1994,LAC,Los Angeles Clippers
1569,Danny Manning,1000000.00,1994,1995,PHO,Phoenix Suns
1926,Danny Manning,6833000.00,1995,1996,PHO,Phoenix Suns
2294,Danny Manning,6833000.00,1996,1997,PHO,Phoenix Suns
2684,Danny Manning,6833333.00,1997,1998,PHO,Phoenix Suns
3073,Danny Manning,6833000.00,1998,1999,PHO,Phoenix Suns
3427,Danny Manning,6833333.00,1999,2000,MIL,Milwaukee Bucks
3798,Danny Manning,6830000.00,2000,2001,MIL,Milwaukee Bucks
3799,Danny Manning,1200000.00,2000,2001,UTA,Utah Jazz
4220,Danny Manning,1500000.00,2001,2002,DAL,Dallas Mavericks
4680,Danny Manning,900000.00,2002,2003,DAL,Dallas Mavericks
66,Danny Schayes,1500000.00,1990,1991,MIL,Milwaukee Bucks
426,Danny Schayes,1600000.00,1991,1992,MIL,Milwaukee Bucks
804,Danny Schayes,1600000.00,1992,1993,MIL,Milwaukee Bucks
1181,Danny Schayes,1750000.00,1993,1994,MIL,Milwaukee Bucks
1570,Danny Schayes,672000.00,1994,1995,PHO,Phoenix Suns
2295,Danny Schayes,575000.00,1996,1997,ORL,Orlando Magic
2685,Danny Schayes,690000.00,1997,1998,ORL,Orlando Magic
3074,Danny Schayes,1000000.00,1998,1999,ORL,Orlando Magic
3428,Danny Schayes,211765.00,1999,2000,MIN,Minnesota Timberwolves
67,Danny Young,450000.00,1990,1991,POR,Portland Trail Blazers
427,Danny Young,550000.00,1991,1992,POR,Portland Trail Blazers
1571,Danny Young,150000.00,1994,1995,MIL,Milwaukee Bucks
7593,Dante Cunningham,457588.00,2009,2010,POR,Portland Trail Blazers
8445,Dante Cunningham,2000000.00,2011,2012,MEM,Memphis Grizzlies
8887,Dante Cunningham,2090000.00,2012,2013,MIN,Minnesota Timberwolves
9312,Dante Cunningham,2180000.00,2013,2014,MIN,Minnesota Timberwolves
9734,Dante Cunningham,831942.00,2014,2015,NOH,New Orleans Pelicans
10270,Dante Cunningham,3000000.00,2015,2016,NOH,New Orleans Pelicans
10844,Dante Cunningham,2978250.00,2016,2017,NOH,New Orleans Pelicans
11422,Dante Cunningham,2300000.00,2017,2018,NOH,New Orleans Pelicans
9735,Dante Exum,3615000.00,2014,2015,UTA,Utah Jazz
10271,Dante Exum,3777720.00,2015,2016,UTA,Utah Jazz
10845,Dante Exum,3940320.00,2016,2017,UTA,Utah Jazz
11423,Dante Exum,4992385.00,2017,2018,UTA,Utah Jazz
10846,Danuel House,543471.00,2016,2017,WAS,Washington Wizards
8037,Darington Hobson,103078.00,2010,2011,MIL,Milwaukee Bucks
8446,Darington Hobson,245884.00,2011,2012,MIL,Milwaukee Bucks
10847,Dario Saric,2318280.00,2016,2017,PHI,Philadelphia 76ers
11424,Dario Saric,2422560.00,2017,2018,PHI,Philadelphia 76ers
10272,Darion Atkins,75000.00,2015,2016,NYK,New York Knicks
8888,Darius Johnson-Odom,192228.00,2012,2013,LAL,Los Angeles Lakers
3800,Darius Miles,2841720.00,2000,2001,LAC,Los Angeles Clippers
4221,Darius Miles,3054840.00,2001,2002,LAC,Los Angeles Clippers
4681,Darius Miles,3267960.00,2002,2003,CLE,Cleveland Caveliers
5102,Darius Miles,4130701.00,2003,2004,CLE,Cleveland Caveliers
5515,Darius Miles,6750000.00,2004,2005,POR,Portland Trail Blazers
5940,Darius Miles,7250000.00,2005,2006,POR,Portland Trail Blazers
6383,Darius Miles,7750000.00,2006,2007,POR,Portland Trail Blazers
6765,Darius Miles,8250000.00,2007,2008,POR,Portland Trail Blazers
7161,Darius Miles,9000000.00,2008,2009,POR,Portland Trail Blazers
7162,Darius Miles,704752.00,2008,2009,MEM,Memphis Grizzlies
7594,Darius Miles,9000000.00,2009,2010,POR,Portland Trail Blazers
8889,Darius Miller,473604.00,2012,2013,NOH,New Orleans Pelicans
9313,Darius Miller,788872.00,2013,2014,NOH,New Orleans Pelicans
9736,Darius Miller,400000.00,2014,2015,NOH,New Orleans Pelicans
11425,Darius Miller,2100000.00,2017,2018,NOH,New Orleans Pelicans
8447,Darius Morris,473604.00,2011,2012,LAL,Los Angeles Lakers
8890,Darius Morris,962195.00,2012,2013,LAL,Los Angeles Lakers
9314,Darius Morris,1046269.00,2013,2014,PHI,Philadelphia 76ers
9737,Darius Morris,702756.00,2014,2015,NJN,Brooklyn Nets
5103,Darius Songaila,366931.00,2003,2004,SAC,Sacramento Kings
5516,Darius Songaila,1600000.00,2004,2005,SAC,Sacramento Kings
5941,Darius Songaila,2200000.00,2005,2006,CHI,Chicago Bulls
6384,Darius Songaila,3650000.00,2006,2007,WAS,Washington Wizards
6766,Darius Songaila,3942000.00,2007,2008,WAS,Washington Wizards
7163,Darius Songaila,4235000.00,2008,2009,WAS,Washington Wizards
7595,Darius Songaila,4526000.00,2009,2010,NOH,New Orleans Pelicans
8038,Darius Songaila,4818000.00,2010,2011,PHI,Philadelphia 76ers
6767,Darius Washington,154847.00,2007,2008,SAS,San Antonio Spurs
5104,Darko Milicic,3595800.00,2003,2004,DET,Detroit Pistons
5517,Darko Milicic,3865440.00,2004,2005,DET,Detroit Pistons
5942,Darko Milicic,4135200.00,2005,2006,DET,Detroit Pistons
6385,Darko Milicic,5218622.00,2006,2007,ORL,Orlando Magic
6768,Darko Milicic,6500000.00,2007,2008,MEM,Memphis Grizzlies
7164,Darko Milicic,7020000.00,2008,2009,MEM,Memphis Grizzlies
7596,Darko Milicic,7500000.00,2009,2010,MIN,Minnesota Timberwolves
8039,Darko Milicic,4325000.00,2010,2011,MIN,Minnesota Timberwolves
8448,Darko Milicic,4776500.00,2011,2012,MIN,Minnesota Timberwolves
8891,Darko Milicic,5228000.00,2012,2013,MIN,Minnesota Timberwolves
7165,Darnell Jackson,450000.00,2008,2009,CLE,Cleveland Caveliers
7597,Darnell Jackson,736420.00,2009,2010,CLE,Cleveland Caveliers
8040,Darnell Jackson,854389.00,2010,2011,SAC,Sacramento Kings
1182,Darnell Mee,150000.00,1993,1994,DEN,Denver Nuggets
1572,Darnell Mee,250000.00,1994,1995,DEN,Denver Nuggets
68,Darnell Valentine,100000.00,1990,1991,CLE,Cleveland Caveliers
428,Darnell Valentine,130000.00,1991,1992,CLE,Cleveland Caveliers
1927,Darrell Armstrong,350000.00,1995,1996,ORL,Orlando Magic
2296,Darrell Armstrong,410000.00,1996,1997,ORL,Orlando Magic
2686,Darrell Armstrong,350000.00,1997,1998,ORL,Orlando Magic
3075,Darrell Armstrong,2900000.00,1998,1999,ORL,Orlando Magic
3801,Darrell Armstrong,3100000.00,2000,2001,ORL,Orlando Magic
4222,Darrell Armstrong,4005000.00,2001,2002,ORL,Orlando Magic
4682,Darrell Armstrong,4010000.00,2002,2003,ORL,Orlando Magic
5105,Darrell Armstrong,2475000.00,2003,2004,NOH,New Orleans Pelicans
5518,Darrell Armstrong,2275000.00,2004,2005,DAL,Dallas Mavericks
5943,Darrell Armstrong,1138500.00,2005,2006,DAL,Dallas Mavericks
6769,Darrell Armstrong,1219590.00,2007,2008,NJN,Brooklyn Nets
7166,Darrell Arthur,977160.00,2008,2009,MEM,Memphis Grizzlies
7598,Darrell Arthur,1050480.00,2009,2010,MEM,Memphis Grizzlies
8041,Darrell Arthur,1123680.00,2010,2011,MEM,Memphis Grizzlies
8449,Darrell Arthur,2027119.00,2011,2012,MEM,Memphis Grizzlies
8892,Darrell Arthur,3006217.00,2012,2013,MEM,Memphis Grizzlies
9315,Darrell Arthur,3231683.00,2013,2014,DEN,Denver Nuggets
9738,Darrell Arthur,3457149.00,2014,2015,DEN,Denver Nuggets
10273,Darrell Arthur,2814000.00,2015,2016,DEN,Denver Nuggets
10848,Darrell Arthur,8070175.00,2016,2017,DEN,Denver Nuggets
11426,Darrell Arthur,7464912.00,2017,2018,DEN,Denver Nuggets
69,Darrell Griffith,850000.00,1990,1991,UTA,Utah Jazz
429,Darrell Griffith,850000.00,1991,1992,UTA,Utah Jazz
70,Darrell Walker,610000.00,1990,1991,WAS,Washington Wizards
805,Darrell Walker,735000.00,1992,1993,DET,Detroit Pistons
7599,Darren Collison,1266120.00,2009,2010,NOH,New Orleans Pelicans
8042,Darren Collison,1361040.00,2010,2011,IND,Indiana Pacers
8450,Darren Collison,1455960.00,2011,2012,IND,Indiana Pacers
8893,Darren Collison,2319344.00,2012,2013,DAL,Dallas Mavericks
9316,Darren Collison,1900000.00,2013,2014,LAC,Los Angeles Clippers
9739,Darren Collison,4797664.00,2014,2015,SAC,Sacramento Kings
10274,Darren Collison,5013559.00,2015,2016,SAC,Sacramento Kings
10849,Darren Collison,5229454.00,2016,2017,SAC,Sacramento Kings
11427,Darren Collison,10000000.00,2017,2018,IND,Indiana Pacers
1183,Darren Morningstar,43000.00,1993,1994,DAL,Dallas Mavericks
1928,Darrick Martin,425000.00,1995,1996,MEM,Memphis Grizzlies
2297,Darrick Martin,375000.00,1996,1997,LAC,Los Angeles Clippers
2687,Darrick Martin,431250.00,1997,1998,LAC,Los Angeles Clippers
3429,Darrick Martin,572500.00,1999,2000,SAC,Sacramento Kings
3802,Darrick Martin,673500.00,2000,2001,SAC,Sacramento Kings
4223,Darrick Martin,778350.00,2001,2002,DAL,Dallas Mavericks
5944,Darrick Martin,946646.00,2005,2006,TOR,Toronto Raptors 
6386,Darrick Martin,1178348.00,2006,2007,TOR,Toronto Raptors 
6770,Darrick Martin,1219590.00,2007,2008,TOR,Toronto Raptors 
1573,Darrin Hancock,150000.00,1994,1995,CHA,Charlotte Hornets
1929,Darrin Hancock,225000.00,1995,1996,CHA,Charlotte Hornets
2298,Darrin Hancock,247500.00,1996,1997,PHO,Phoenix Suns
10275,Darrun Hilliard,525093.00,2015,2016,DET,Detroit Pistons
10850,Darrun Hilliard,874636.00,2016,2017,DET,Detroit Pistons
2299,Darvin Ham,220000.00,1996,1997,DEN,Denver Nuggets
2688,Darvin Ham,272250.00,1997,1998,WAS,Washington Wizards
3430,Darvin Ham,460000.00,1999,2000,MIL,Milwaukee Bucks
3803,Darvin Ham,1700000.00,2000,2001,MIL,Milwaukee Bucks
4224,Darvin Ham,1760000.00,2001,2002,MIL,Milwaukee Bucks
4683,Darvin Ham,699935.00,2002,2003,ATL,Atlanta Hawks
5106,Darvin Ham,813679.00,2003,2004,DET,Detroit Pistons
5519,Darvin Ham,932546.00,2004,2005,DET,Detroit Pistons
71,Dave Corzine,300000.00,1990,1991,OKC,Oklahoma City Thunder
430,Dave Corzine,300000.00,1991,1992,OKC,Oklahoma City Thunder
72,Dave Feitl,275000.00,1990,1991,HOU,Houston Rockets
431,Dave Feitl,135000.00,1991,1992,NJN,Brooklyn Nets
73,Dave Greenwood,650000.00,1990,1991,SAS,San Antonio Spurs
432,Dave Greenwood,100000.00,1991,1992,SAS,San Antonio Spurs
74,Dave Hoppen,400000.00,1990,1991,PHI,Philadelphia 76ers
433,Dave Hoppen,500000.00,1991,1992,PHI,Philadelphia 76ers
75,Dave Jamerson,650000.00,1990,1991,HOU,Houston Rockets
434,Dave Jamerson,840000.00,1991,1992,HOU,Houston Rockets
1184,Dave Jamerson,780000.00,1993,1994,HOU,Houston Rockets
1574,Dave Jamerson,104000.00,1994,1995,HOU,Houston Rockets
806,Dave Johnson,500000.00,1992,1993,POR,Portland Trail Blazers
1185,Dave Johnson,650000.00,1993,1994,POR,Portland Trail Blazers
76,Dave Popson,80000.00,1990,1991,BOS,Boston Celtic
7600,David Andersen,2300000.00,2009,2010,HOU,Houston Rockets
8043,David Andersen,2500000.00,2010,2011,NOH,New Orleans Pelicans
435,David Benoit,230000.00,1991,1992,UTA,Utah Jazz
807,David Benoit,300000.00,1992,1993,UTA,Utah Jazz
1186,David Benoit,810000.00,1993,1994,UTA,Utah Jazz
1575,David Benoit,1000000.00,1994,1995,UTA,Utah Jazz
1930,David Benoit,1200000.00,1995,1996,UTA,Utah Jazz
2300,David Benoit,508000.00,1996,1997,NJN,Brooklyn Nets
2689,David Benoit,609096.00,1997,1998,NJN,Brooklyn Nets
3804,David Benoit,736000.00,2000,2001,UTA,Utah Jazz
5520,David Harrison,835560.00,2004,2005,IND,Indiana Pacers
5945,David Harrison,898200.00,2005,2006,IND,Indiana Pacers
6771,David Harrison,1734316.00,2007,2008,IND,Indiana Pacers
5946,David Lee,861360.00,2005,2006,NYK,New York Knicks
6772,David Lee,990600.00,2007,2008,NYK,New York Knicks
7167,David Lee,1788033.00,2008,2009,NYK,New York Knicks
7601,David Lee,7000000.00,2009,2010,NYK,New York Knicks
8044,David Lee,10800000.00,2010,2011,GSW,Golden State Warriors
8451,David Lee,11610000.00,2011,2012,GSW,Golden State Warriors
8894,David Lee,12744000.00,2012,2013,GSW,Golden State Warriors
9317,David Lee,13878000.00,2013,2014,GSW,Golden State Warriors
9740,David Lee,15012000.00,2014,2015,GSW,Golden State Warriors
10276,David Lee,15493680.00,2015,2016,BOS,Boston Celtic
10277,David Lee,2102224.00,2015,2016,DAL,Dallas Mavericks
10851,David Lee,1551659.00,2016,2017,SAS,San Antonio Spurs
6387,David Noel,412718.00,2006,2007,MIL,Milwaukee Bucks
6773,David Noel,687456.00,2007,2008,MIL,Milwaukee Bucks
10852,David Nwaba,137466.00,2016,2017,LAL,Los Angeles Lakers
11428,David Nwaba,1312611.00,2017,2018,CHI,Chicago Bulls
77,David Robinson,2265000.00,1990,1991,SAS,San Antonio Spurs
436,David Robinson,2240000.00,1991,1992,SAS,San Antonio Spurs
808,David Robinson,5720000.00,1992,1993,SAS,San Antonio Spurs
1187,David Robinson,5740000.00,1993,1994,SAS,San Antonio Spurs
1576,David Robinson,7300000.00,1994,1995,SAS,San Antonio Spurs
1931,David Robinson,7700000.00,1995,1996,SAS,San Antonio Spurs
2301,David Robinson,9952000.00,1996,1997,SAS,San Antonio Spurs
2690,David Robinson,12397440.00,1997,1998,SAS,San Antonio Spurs
3431,David Robinson,11592683.00,1999,2000,SAS,San Antonio Spurs
4225,David Robinson,9500000.00,2001,2002,SAS,San Antonio Spurs
4684,David Robinson,10500000.00,2002,2003,SAS,San Antonio Spurs
9741,David Stockton,29843.00,2014,2015,SAC,Sacramento Kings
1932,David Vaughn,534000.00,1995,1996,ORL,Orlando Magic
2302,David Vaughn,614000.00,1996,1997,ORL,Orlando Magic
2691,David Vaughn,693840.00,1997,1998,GSW,Golden State Warriors
3076,David Vaughn,450000.00,1998,1999,NJN,Brooklyn Nets
9742,David Wear,29843.00,2014,2015,SAC,Sacramento Kings
1188,David Wesley,150000.00,1993,1994,NJN,Brooklyn Nets
1577,David Wesley,250000.00,1994,1995,BOS,Boston Celtic
1933,David Wesley,300000.00,1995,1996,BOS,Boston Celtic
2303,David Wesley,350000.00,1996,1997,BOS,Boston Celtic
2692,David Wesley,1800000.00,1997,1998,CHA,Charlotte Hornets
3077,David Wesley,2160000.00,1998,1999,CHA,Charlotte Hornets
3805,David Wesley,2880000.00,2000,2001,CHA,Charlotte Hornets
4226,David Wesley,3240000.00,2001,2002,CHA,Charlotte Hornets
4685,David Wesley,3600000.00,2002,2003,NOH,New Orleans Pelicans
5107,David Wesley,3960000.00,2003,2004,NOH,New Orleans Pelicans
5521,David Wesley,4455000.00,2004,2005,NOH,New Orleans Pelicans
5947,David Wesley,5070000.00,2005,2006,HOU,Houston Rockets
6388,David Wesley,1750000.00,2006,2007,CLE,Cleveland Caveliers
6774,David Wesley,250000.00,2007,2008,NJN,Brooklyn Nets
5108,David West,1160160.00,2003,2004,NOH,New Orleans Pelicans
5522,David West,1247160.00,2004,2005,NOH,New Orleans Pelicans
5948,David West,1334160.00,2005,2006,NOH,New Orleans Pelicans
6389,David West,2051938.00,2006,2007,NOH,New Orleans Pelicans
6775,David West,10650000.00,2007,2008,NOH,New Orleans Pelicans
7168,David West,9862500.00,2008,2009,NOH,New Orleans Pelicans
7602,David West,9075000.00,2009,2010,NOH,New Orleans Pelicans
8045,David West,8287500.00,2010,2011,NOH,New Orleans Pelicans
8452,David West,10000000.00,2011,2012,IND,Indiana Pacers
8895,David West,10000000.00,2012,2013,IND,Indiana Pacers
9318,David West,12000000.00,2013,2014,IND,Indiana Pacers
9743,David West,12000000.00,2014,2015,IND,Indiana Pacers
10278,David West,1499000.00,2015,2016,SAS,San Antonio Spurs
10853,David West,1551659.00,2016,2017,GSW,Golden State Warriors
11429,David West,2328652.00,2017,2018,GSW,Golden State Warriors
78,David Wingate,750000.00,1990,1991,SAS,San Antonio Spurs
437,David Wingate,250000.00,1991,1992,WAS,Washington Wizards
809,David Wingate,129000.00,1992,1993,CHA,Charlotte Hornets
1189,David Wingate,570000.00,1993,1994,CHA,Charlotte Hornets
1578,David Wingate,570000.00,1994,1995,CHA,Charlotte Hornets
1934,David Wingate,560000.00,1995,1996,OKC,Oklahoma City Thunder
2304,David Wingate,560000.00,1996,1997,OKC,Oklahoma City Thunder
2693,David Wingate,570000.00,1997,1998,OKC,Oklahoma City Thunder
3078,David Wingate,1000000.00,1998,1999,NYK,New York Knicks
3806,David Wingate,1000000.00,2000,2001,OKC,Oklahoma City Thunder
79,David Wood,300000.00,1990,1991,HOU,Houston Rockets
810,David Wood,375000.00,1992,1993,SAS,San Antonio Spurs
1190,David Wood,488000.00,1993,1994,DET,Detroit Pistons
1579,David Wood,150000.00,1994,1995,GSW,Golden State Warriors
1935,David Wood,350000.00,1995,1996,GSW,Golden State Warriors
2305,David Wood,247500.00,1996,1997,MIL,Milwaukee Bucks
10854,Davis Bertans,543471.00,2016,2017,SAS,San Antonio Spurs
11430,Davis Bertans,1312611.00,2017,2018,SAS,San Antonio Spurs
11431,Davon Reed,815615.00,2017,2018,PHO,Phoenix Suns
11432,De\'Aaron Fox,4609200.00,2017,2018,SAC,Sacramento Kings
2694,Dean Garrett,1800000.00,1997,1998,DEN,Denver Nuggets
3079,Dean Garrett,2160000.00,1998,1999,MIN,Minnesota Timberwolves
3432,Dean Garrett,2520000.00,1999,2000,MIN,Minnesota Timberwolves
3807,Dean Garrett,2880000.00,2000,2001,MIN,Minnesota Timberwolves
4227,Dean Garrett,3240000.00,2001,2002,MIN,Minnesota Timberwolves
4228,Dean Oliver,332817.00,2001,2002,GSW,Golden State Warriors
4686,Dean Oliver,118735.00,2002,2003,GSW,Golden State Warriors
7169,DeAndre Jordan,550000.00,2008,2009,LAC,Los Angeles Clippers
7603,DeAndre Jordan,736420.00,2009,2010,LAC,Los Angeles Clippers
8046,DeAndre Jordan,854389.00,2010,2011,LAC,Los Angeles Clippers
8453,DeAndre Jordan,10079404.00,2011,2012,LAC,Los Angeles Clippers
8896,DeAndre Jordan,10532977.00,2012,2013,LAC,Los Angeles Clippers
9319,DeAndre Jordan,10986550.00,2013,2014,LAC,Los Angeles Clippers
9744,DeAndre Jordan,11440124.00,2014,2015,LAC,Los Angeles Clippers
10279,DeAndre Jordan,19500000.00,2015,2016,LAC,Los Angeles Clippers
10855,DeAndre Jordan,21165675.00,2016,2017,LAC,Los Angeles Clippers
11433,DeAndre Jordan,22642350.00,2017,2018,LAC,Los Angeles Clippers
8454,DeAndre Liggins,473604.00,2011,2012,ORL,Orlando Magic
8897,DeAndre Liggins,762195.00,2012,2013,OKC,Oklahoma City Thunder
10856,DeAndre Liggins,1015696.00,2016,2017,DAL,Dallas Mavericks
11434,DeAndre Liggins,1577230.00,2017,2018,MIL,Milwaukee Bucks
11435,DeAndre Liggins,26773.00,2017,2018,ATL,Atlanta Hawks
10857,DeAndre\' Bembry,1499760.00,2016,2017,ATL,Atlanta Hawks
11436,DeAndre\' Bembry,1567200.00,2017,2018,ATL,Atlanta Hawks
9745,Dee Bost,65000.00,2014,2015,UTA,Utah Jazz
80,Dee Brown,547000.00,1990,1991,BOS,Boston Celtic
438,Dee Brown,705000.00,1991,1992,BOS,Boston Celtic
811,Dee Brown,865000.00,1992,1993,BOS,Boston Celtic
1191,Dee Brown,1025000.00,1993,1994,BOS,Boston Celtic
1580,Dee Brown,2500000.00,1994,1995,BOS,Boston Celtic
1936,Dee Brown,3000000.00,1995,1996,BOS,Boston Celtic
2306,Dee Brown,3250000.00,1996,1997,BOS,Boston Celtic
2695,Dee Brown,3500000.00,1997,1998,BOS,Boston Celtic
3433,Dee Brown,4000000.00,1999,2000,TOR,Toronto Raptors 
3808,Dee Brown,1000000.00,2000,2001,ORL,Orlando Magic
7170,Dee Brown,184157.00,2008,2009,WAS,Washington Wizards
7171,Dee Brown,54410.00,2008,2009,PHO,Phoenix Suns
10858,Dejounte Murray,1180080.00,2016,2017,SAS,San Antonio Spurs
11437,Dejounte Murray,1312611.00,2017,2018,SAS,San Antonio Spurs
7604,DeJuan Blair,850000.00,2009,2010,SAS,San Antonio Spurs
8047,DeJuan Blair,918000.00,2010,2011,SAS,San Antonio Spurs
8455,DeJuan Blair,986000.00,2011,2012,SAS,San Antonio Spurs
8898,DeJuan Blair,1054000.00,2012,2013,SAS,San Antonio Spurs
9320,DeJuan Blair,947907.00,2013,2014,DAL,Dallas Mavericks
9746,DeJuan Blair,2000000.00,2014,2015,WAS,Washington Wizards
10280,DeJuan Blair,2000000.00,2015,2016,PHO,Phoenix Suns
2696,DeJuan Wheat,242000.00,1997,1998,MIN,Minnesota Timberwolves
2697,DeJuan Wheat,20000.00,1997,1998,LAL,Los Angeles Lakers
3080,DeJuan Wheat,350000.00,1998,1999,MEM,Memphis Grizzlies
3434,DeJuan Wheat,460000.00,1999,2000,MEM,Memphis Grizzlies
81,Delaney Rudd,215000.00,1990,1991,UTA,Utah Jazz
439,Delaney Rudd,240000.00,1991,1992,UTA,Utah Jazz
82,Dell Curry,900000.00,1990,1991,CHA,Charlotte Hornets
440,Dell Curry,1006000.00,1991,1992,CHA,Charlotte Hornets
812,Dell Curry,750000.00,1992,1993,CHA,Charlotte Hornets
1192,Dell Curry,1040000.00,1993,1994,CHA,Charlotte Hornets
1581,Dell Curry,1340000.00,1994,1995,CHA,Charlotte Hornets
1937,Dell Curry,1570000.00,1995,1996,CHA,Charlotte Hornets
2698,Dell Curry,3660000.00,1997,1998,CHA,Charlotte Hornets
3081,Dell Curry,1000000.00,1998,1999,MIL,Milwaukee Bucks
3435,Dell Curry,2100000.00,1999,2000,TOR,Toronto Raptors 
3809,Dell Curry,2000000.00,2000,2001,TOR,Toronto Raptors 
4229,Dell Curry,2100000.00,2001,2002,TOR,Toronto Raptors 
1938,Dell Demps,225000.00,1995,1996,SAS,San Antonio Spurs
10281,Delon Wright,1509360.00,2015,2016,TOR,Toronto Raptors 
10859,Delon Wright,1577280.00,2016,2017,TOR,Toronto Raptors 
11438,Delon Wright,1645200.00,2017,2018,TOR,Toronto Raptors 
5523,Delonte West,939480.00,2004,2005,BOS,Boston Celtic
5949,Delonte West,1010040.00,2005,2006,BOS,Boston Celtic
6776,Delonte West,1889760.00,2007,2008,CLE,Cleveland Caveliers
7172,Delonte West,3850000.00,2008,2009,CLE,Cleveland Caveliers
7605,Delonte West,4254250.00,2009,2010,CLE,Cleveland Caveliers
8048,Delonte West,1069509.00,2010,2011,BOS,Boston Celtic
8456,Delonte West,1146337.00,2011,2012,DAL,Dallas Mavericks
8899,Delonte West,992680.00,2012,2013,DAL,Dallas Mavericks
7606,DeMar DeRozan,2282640.00,2009,2010,TOR,Toronto Raptors 
8049,DeMar DeRozan,2453880.00,2010,2011,TOR,Toronto Raptors 
8457,DeMar DeRozan,2625000.00,2011,2012,TOR,Toronto Raptors 
8900,DeMar DeRozan,3344250.00,2012,2013,TOR,Toronto Raptors 
9321,DeMar DeRozan,9500000.00,2013,2014,TOR,Toronto Raptors 
9747,DeMar DeRozan,9500000.00,2014,2015,TOR,Toronto Raptors 
10282,DeMar DeRozan,9500000.00,2015,2016,TOR,Toronto Raptors 
10860,DeMar DeRozan,26540100.00,2016,2017,TOR,Toronto Raptors 
11439,DeMar DeRozan,27739975.00,2017,2018,TOR,Toronto Raptors 
8050,DeMarcus Cousins,3374640.00,2010,2011,SAC,Sacramento Kings
8458,DeMarcus Cousins,3627720.00,2011,2012,SAC,Sacramento Kings
8901,DeMarcus Cousins,3880800.00,2012,2013,SAC,Sacramento Kings
9322,DeMarcus Cousins,4916974.00,2013,2014,SAC,Sacramento Kings
9748,DeMarcus Cousins,13701250.00,2014,2015,SAC,Sacramento Kings
10283,DeMarcus Cousins,14728844.00,2015,2016,SAC,Sacramento Kings
10861,DeMarcus Cousins,16957900.00,2016,2017,NOH,New Orleans Pelicans
11440,DeMarcus Cousins,18063850.00,2017,2018,NOH,New Orleans Pelicans
7607,DeMarre Carroll,1009680.00,2009,2010,MEM,Memphis Grizzlies
8051,DeMarre Carroll,1085400.00,2010,2011,HOU,Houston Rockets
8459,DeMarre Carroll,544331.00,2011,2012,UTA,Utah Jazz
8460,DeMarre Carroll,289382.00,2011,2012,DEN,Denver Nuggets
9323,DeMarre Carroll,2557545.00,2013,2014,ATL,Atlanta Hawks
9749,DeMarre Carroll,2442455.00,2014,2015,ATL,Atlanta Hawks
10284,DeMarre Carroll,13500000.00,2015,2016,TOR,Toronto Raptors 
10862,DeMarre Carroll,14200000.00,2016,2017,TOR,Toronto Raptors 
11441,DeMarre Carroll,14800000.00,2017,2018,NJN,Brooklyn Nets
6777,Demetris Nichols,427163.00,2007,2008,CHI,Chicago Bulls
7173,Demetris Nichols,87893.00,2008,2009,CHI,Chicago Bulls
10863,Demetrius Jackson,1450000.00,2016,2017,BOS,Boston Celtic
11442,Demetrius Jackson,92858.00,2017,2018,BOS,Boston Celtic
5950,Deng Gai,92396.00,2005,2006,PHI,Philadelphia 76ers
83,Dennis Hopson,915000.00,1990,1991,CHI,Chicago Bulls
441,Dennis Hopson,950000.00,1991,1992,SAC,Sacramento Kings
8461,Dennis Horner,91642.00,2011,2012,NJN,Brooklyn Nets
84,Dennis Rodman,880000.00,1990,1991,DET,Detroit Pistons
813,Dennis Rodman,2350000.00,1992,1993,DET,Detroit Pistons
1193,Dennis Rodman,2450000.00,1993,1994,SAS,San Antonio Spurs
1582,Dennis Rodman,2500000.00,1994,1995,SAS,San Antonio Spurs
1939,Dennis Rodman,2500000.00,1995,1996,CHI,Chicago Bulls
2307,Dennis Rodman,9000000.00,1996,1997,CHI,Chicago Bulls
2699,Dennis Rodman,4500000.00,1997,1998,CHI,Chicago Bulls
3082,Dennis Rodman,1000000.00,1998,1999,LAL,Los Angeles Lakers
9750,Dennis Schroder,1690680.00,2014,2015,ATL,Atlanta Hawks
10285,Dennis Schroder,1763400.00,2015,2016,ATL,Atlanta Hawks
10864,Dennis Schroder,2708582.00,2016,2017,ATL,Atlanta Hawks
11443,Dennis Schroder,15500000.00,2017,2018,ATL,Atlanta Hawks
9324,Dennis Schroeder,1348200.00,2013,2014,ATL,Atlanta Hawks
85,Dennis Scott,1560000.00,1990,1991,ORL,Orlando Magic
442,Dennis Scott,1980000.00,1991,1992,ORL,Orlando Magic
814,Dennis Scott,2400000.00,1992,1993,ORL,Orlando Magic
1194,Dennis Scott,2820000.00,1993,1994,ORL,Orlando Magic
1940,Dennis Scott,3150000.00,1995,1996,ORL,Orlando Magic
2308,Dennis Scott,3000000.00,1996,1997,ORL,Orlando Magic
3083,Dennis Scott,1000000.00,1998,1999,NYK,New York Knicks
3084,Dennis Scott,725000.00,1998,1999,MIN,Minnesota Timberwolves
3436,Dennis Scott,1100000.00,1999,2000,MEM,Memphis Grizzlies
3810,Dennis Scott,1200000.00,2000,2001,WAS,Washington Wizards
11444,Dennis Smith,3218280.00,2017,2018,DAL,Dallas Mavericks
10865,Denzel Valentine,2092200.00,2016,2017,CHI,Chicago Bulls
11445,Denzel Valentine,2186400.00,2017,2018,CHI,Chicago Bulls
8902,DeQuan Jones,473504.00,2012,2013,ORL,Orlando Magic
2700,Derek Anderson,1107240.00,1997,1998,CLE,Cleveland Caveliers
3085,Derek Anderson,1273000.00,1998,1999,CLE,Cleveland Caveliers
3437,Derek Anderson,1439400.00,1999,2000,LAC,Los Angeles Clippers
4230,Derek Anderson,6495000.00,2001,2002,POR,Portland Trail Blazers
4687,Derek Anderson,7144500.00,2002,2003,POR,Portland Trail Blazers
5109,Derek Anderson,7794000.00,2003,2004,POR,Portland Trail Blazers
5524,Derek Anderson,8443500.00,2004,2005,POR,Portland Trail Blazers
5951,Derek Anderson,9093000.00,2005,2006,POR,Portland Trail Blazers
5952,Derek Anderson,1670000.00,2005,2006,HOU,Houston Rockets
6390,Derek Anderson,9742500.00,2006,2007,POR,Portland Trail Blazers
2309,Derek Fisher,612000.00,1996,1997,LAL,Los Angeles Lakers
2701,Derek Fisher,703200.00,1997,1998,LAL,Los Angeles Lakers
3086,Derek Fisher,795000.00,1998,1999,LAL,Los Angeles Lakers
3438,Derek Fisher,3000000.00,1999,2000,LAL,Los Angeles Lakers
3811,Derek Fisher,3380000.00,2000,2001,LAL,Los Angeles Lakers
4231,Derek Fisher,3000000.00,2001,2002,LAL,Los Angeles Lakers
4688,Derek Fisher,3000000.00,2002,2003,LAL,Los Angeles Lakers
5110,Derek Fisher,3000000.00,2003,2004,LAL,Los Angeles Lakers
5525,Derek Fisher,4903000.00,2004,2005,GSW,Golden State Warriors
5953,Derek Fisher,5393300.00,2005,2006,GSW,Golden State Warriors
6778,Derek Fisher,6373900.00,2007,2008,UTA,Utah Jazz
6779,Derek Fisher,4350000.00,2007,2008,LAL,Los Angeles Lakers
7174,Derek Fisher,4700000.00,2008,2009,LAL,Los Angeles Lakers
7608,Derek Fisher,5048000.00,2009,2010,LAL,Los Angeles Lakers
8052,Derek Fisher,3700000.00,2010,2011,LAL,Los Angeles Lakers
8462,Derek Fisher,3400000.00,2011,2012,LAL,Los Angeles Lakers
8903,Derek Fisher,413608.00,2012,2013,OKC,Oklahoma City Thunder
8904,Derek Fisher,182942.00,2012,2013,DAL,Dallas Mavericks
9325,Derek Fisher,1399507.00,2013,2014,OKC,Oklahoma City Thunder
2702,Derek Grimm,242000.00,1997,1998,SAC,Sacramento Kings
86,Derek Harper,1519000.00,1990,1991,DAL,Dallas Mavericks
443,Derek Harper,1725000.00,1991,1992,DAL,Dallas Mavericks
815,Derek Harper,2069000.00,1992,1993,DAL,Dallas Mavericks
1195,Derek Harper,1927000.00,1993,1994,NYK,New York Knicks
1583,Derek Harper,2382700.00,1994,1995,NYK,New York Knicks
1941,Derek Harper,2837000.00,1995,1996,NYK,New York Knicks
2310,Derek Harper,1300000.00,1996,1997,DAL,Dallas Mavericks
2703,Derek Harper,1560000.00,1997,1998,ORL,Orlando Magic
3087,Derek Harper,1000000.00,1998,1999,LAL,Los Angeles Lakers
3439,Derek Harper,1100000.00,1999,2000,DET,Detroit Pistons
87,Derek Smith,315000.00,1990,1991,BOS,Boston Celtic
444,Derek Strong,130000.00,1991,1992,PHI,Philadelphia 76ers
1196,Derek Strong,420000.00,1993,1994,MIL,Milwaukee Bucks
1584,Derek Strong,500000.00,1994,1995,BOS,Boston Celtic
1942,Derek Strong,1000000.00,1995,1996,LAL,Los Angeles Lakers
2311,Derek Strong,247500.00,1996,1997,ORL,Orlando Magic
2704,Derek Strong,326700.00,1997,1998,ORL,Orlando Magic
3088,Derek Strong,3000000.00,1998,1999,ORL,Orlando Magic
3812,Derek Strong,3510000.00,2000,2001,LAC,Los Angeles Clippers
4232,Derek Strong,3861000.00,2001,2002,LAC,Los Angeles Clippers
4689,Derek Strong,4212000.00,2002,2003,LAC,Los Angeles Clippers
3813,DerMarr Johnson,2107200.00,2000,2001,ATL,Atlanta Hawks
4233,DerMarr Johnson,2265240.00,2001,2002,ATL,Atlanta Hawks
4690,DerMarr Johnson,2423280.00,2002,2003,ATL,Atlanta Hawks
5954,DerMarr Johnson,835810.00,2005,2006,DEN,Denver Nuggets
6780,DerMarr Johnson,42203.00,2007,2008,SAS,San Antonio Spurs
5955,Deron Williams,3487400.00,2005,2006,UTA,Utah Jazz
6781,Deron Williams,4010640.00,2007,2008,UTA,Utah Jazz
7175,Deron Williams,5069449.00,2008,2009,UTA,Utah Jazz
7609,Deron Williams,12323900.00,2009,2010,UTA,Utah Jazz
8053,Deron Williams,14940152.00,2010,2011,NJN,Brooklyn Nets
8463,Deron Williams,16359805.00,2011,2012,NJN,Brooklyn Nets
8905,Deron Williams,17177795.00,2012,2013,NJN,Brooklyn Nets
9326,Deron Williams,18466130.00,2013,2014,NJN,Brooklyn Nets
9751,Deron Williams,19754465.00,2014,2015,NJN,Brooklyn Nets
10286,Deron Williams,5500000.00,2015,2016,DAL,Dallas Mavericks
10287,Deron Williams,5500000.00,2015,2016,NJN,Brooklyn Nets
10866,Deron Williams,9000000.00,2016,2017,DAL,Dallas Mavericks
10867,Deron Williams,5500000.00,2016,2017,NJN,Brooklyn Nets
10868,Deron Williams,259626.00,2016,2017,CLE,Cleveland Caveliers
11446,Deron Williams,5500000.00,2017,2018,NJN,Brooklyn Nets
1585,Derrick Alston,150000.00,1994,1995,PHI,Philadelphia 76ers
1943,Derrick Alston,350000.00,1995,1996,PHI,Philadelphia 76ers
8054,Derrick Caracter,473604.00,2010,2011,LAL,Los Angeles Lakers
8464,Derrick Caracter,270427.00,2011,2012,LAL,Los Angeles Lakers
88,Derrick Chievous,525000.00,1990,1991,CLE,Cleveland Caveliers
89,Derrick Coleman,2100000.00,1990,1991,NJN,Brooklyn Nets
445,Derrick Coleman,2300000.00,1991,1992,NJN,Brooklyn Nets
816,Derrick Coleman,2870000.00,1992,1993,NJN,Brooklyn Nets
1197,Derrick Coleman,3440000.00,1993,1994,NJN,Brooklyn Nets
1944,Derrick Coleman,5476000.00,1995,1996,PHI,Philadelphia 76ers
2312,Derrick Coleman,6739000.00,1996,1997,PHI,Philadelphia 76ers
2705,Derrick Coleman,8002800.00,1997,1998,PHI,Philadelphia 76ers
3089,Derrick Coleman,6667000.00,1998,1999,CHA,Charlotte Hornets
3090,Derrick Coleman,5600000.00,1998,1999,PHI,Philadelphia 76ers
3814,Derrick Coleman,8000000.00,2000,2001,CHA,Charlotte Hornets
4234,Derrick Coleman,8710000.00,2001,2002,PHI,Philadelphia 76ers
5526,Derrick Coleman,4500000.00,2004,2005,DET,Detroit Pistons
5956,Derrick Coleman,2000000.00,2005,2006,DET,Detroit Pistons
3440,Derrick Dial,301875.00,1999,2000,SAS,San Antonio Spurs
4235,Derrick Dial,540850.00,2001,2002,NJN,Brooklyn Nets
5111,Derrick Dial,32375.00,2003,2004,ORL,Orlando Magic
8055,Derrick Favors,4133280.00,2010,2011,UTA,Utah Jazz
8465,Derrick Favors,4443360.00,2011,2012,UTA,Utah Jazz
8906,Derrick Favors,4753320.00,2012,2013,UTA,Utah Jazz
9327,Derrick Favors,6008196.00,2013,2014,UTA,Utah Jazz
9752,Derrick Favors,12833333.00,2014,2015,UTA,Utah Jazz
10288,Derrick Favors,11933333.00,2015,2016,UTA,Utah Jazz
10869,Derrick Favors,11050000.00,2016,2017,UTA,Utah Jazz
11447,Derrick Favors,12000000.00,2017,2018,UTA,Utah Jazz
90,Derrick Gervin,155000.00,1990,1991,NJN,Brooklyn Nets
10870,Derrick Jones,543471.00,2016,2017,PHO,Phoenix Suns
11448,Derrick Jones,1312611.00,2017,2018,PHO,Phoenix Suns
91,Derrick McKey,962000.00,1990,1991,OKC,Oklahoma City Thunder
446,Derrick McKey,1112000.00,1991,1992,OKC,Oklahoma City Thunder
817,Derrick McKey,1162000.00,1992,1993,OKC,Oklahoma City Thunder
1198,Derrick McKey,1262000.00,1993,1994,IND,Indiana Pacers
1945,Derrick McKey,2800000.00,1995,1996,IND,Indiana Pacers
2313,Derrick McKey,3000000.00,1996,1997,IND,Indiana Pacers
3815,Derrick McKey,5400000.00,2000,2001,IND,Indiana Pacers
4236,Derrick McKey,6000000.00,2001,2002,IND,Indiana Pacers
7176,Derrick Rose,4822800.00,2008,2009,CHI,Chicago Bulls
7610,Derrick Rose,5184480.00,2009,2010,CHI,Chicago Bulls
8056,Derrick Rose,5546160.00,2010,2011,CHI,Chicago Bulls
8466,Derrick Rose,6993708.00,2011,2012,CHI,Chicago Bulls
8907,Derrick Rose,16402500.00,2012,2013,CHI,Chicago Bulls
9328,Derrick Rose,17632688.00,2013,2014,CHI,Chicago Bulls
10289,Derrick Rose,20093063.00,2015,2016,CHI,Chicago Bulls
10871,Derrick Rose,21323250.00,2016,2017,NYK,New York Knicks
11449,Derrick Rose,2116955.00,2017,2018,CLE,Cleveland Caveliers
11450,Derrick White,1404600.00,2017,2018,SAS,San Antonio Spurs
8467,Derrick Williams,4602720.00,2011,2012,MIN,Minnesota Timberwolves
8908,Derrick Williams,4947840.00,2012,2013,MIN,Minnesota Timberwolves
9329,Derrick Williams,5016960.00,2013,2014,MIN,Minnesota Timberwolves
9753,Derrick Williams,6331404.00,2014,2015,SAC,Sacramento Kings
10290,Derrick Williams,4900000.00,2015,2016,NYK,New York Knicks
10872,Derrick Williams,4598000.00,2016,2017,MIA,Miami Heat
10873,Derrick Williams,402043.00,2016,2017,CLE,Cleveland Caveliers
4237,DeSagana Diop,1842480.00,2001,2002,CLE,Cleveland Caveliers
4691,DeSagana Diop,1980600.00,2002,2003,CLE,Cleveland Caveliers
5112,DeSagana Diop,2118840.00,2003,2004,CLE,Cleveland Caveliers
5527,DeSagana Diop,2695164.00,2004,2005,CLE,Cleveland Caveliers
5957,DeSagana Diop,1850000.00,2005,2006,DAL,Dallas Mavericks
6782,DeSagana Diop,2146000.00,2007,2008,NJN,Brooklyn Nets
3816,DeShawn Stevenson,828120.00,2000,2001,UTA,Utah Jazz
4238,DeShawn Stevenson,890280.00,2001,2002,UTA,Utah Jazz
4692,DeShawn Stevenson,952320.00,2002,2003,UTA,Utah Jazz
5113,DeShawn Stevenson,1616087.00,2003,2004,UTA,Utah Jazz
5528,DeShawn Stevenson,2500000.00,2004,2005,ORL,Orlando Magic
5958,DeShawn Stevenson,2750000.00,2005,2006,ORL,Orlando Magic
6391,DeShawn Stevenson,932015.00,2006,2007,WAS,Washington Wizards
6783,DeShawn Stevenson,1033930.00,2007,2008,WAS,Washington Wizards
7177,DeShawn Stevenson,3616072.00,2008,2009,WAS,Washington Wizards
7611,DeShawn Stevenson,3886928.00,2009,2010,DAL,Dallas Mavericks
8057,DeShawn Stevenson,4151786.00,2010,2011,DAL,Dallas Mavericks
8468,DeShawn Stevenson,2500000.00,2011,2012,NJN,Brooklyn Nets
8909,DeShawn Stevenson,2240450.00,2012,2013,ATL,Atlanta Hawks
6392,Desmon Farmer,275404.00,2006,2007,OKC,Oklahoma City Thunder
7178,Desmon Farmer,83708.00,2008,2009,SAS,San Antonio Spurs
3817,Desmond Mason,1074720.00,2000,2001,OKC,Oklahoma City Thunder
4239,Desmond Mason,1155240.00,2001,2002,OKC,Oklahoma City Thunder
4693,Desmond Mason,1235880.00,2002,2003,OKC,Oklahoma City Thunder
5114,Desmond Mason,1898312.00,2003,2004,MIL,Milwaukee Bucks
5529,Desmond Mason,6529630.00,2004,2005,MIL,Milwaukee Bucks
5959,Desmond Mason,7333333.00,2005,2006,NOH,New Orleans Pelicans
6393,Desmond Mason,8037037.00,2006,2007,NOH,New Orleans Pelicans
6784,Desmond Mason,5000000.00,2007,2008,MIL,Milwaukee Bucks
7179,Desmond Mason,5300000.00,2008,2009,OKC,Oklahoma City Thunder
7612,Desmond Mason,76850.00,2009,2010,SAC,Sacramento Kings
92,Detlef Schrempf,1160000.00,1990,1991,IND,Indiana Pacers
447,Detlef Schrempf,1278000.00,1991,1992,IND,Indiana Pacers
818,Detlef Schrempf,1393000.00,1992,1993,IND,Indiana Pacers
1199,Detlef Schrempf,1308000.00,1993,1994,OKC,Oklahoma City Thunder
1586,Detlef Schrempf,5000000.00,1994,1995,OKC,Oklahoma City Thunder
1946,Detlef Schrempf,5000000.00,1995,1996,OKC,Oklahoma City Thunder
2314,Detlef Schrempf,3333000.00,1996,1997,OKC,Oklahoma City Thunder
2706,Detlef Schrempf,3333333.00,1997,1998,OKC,Oklahoma City Thunder
3091,Detlef Schrempf,3333000.00,1998,1999,OKC,Oklahoma City Thunder
3818,Detlef Schrempf,2200000.00,2000,2001,POR,Portland Trail Blazers
3441,Devean George,790440.00,1999,2000,LAL,Los Angeles Lakers
3819,Devean George,849720.00,2000,2001,LAL,Los Angeles Lakers
4240,Devean George,834250.00,2001,2002,LAL,Los Angeles Lakers
4694,Devean George,4546000.00,2002,2003,LAL,Los Angeles Lakers
5115,Devean George,4546000.00,2003,2004,LAL,Los Angeles Lakers
5530,Devean George,4546000.00,2004,2005,LAL,Los Angeles Lakers
5960,Devean George,5000600.00,2005,2006,LAL,Los Angeles Lakers
6785,Devean George,2369111.00,2007,2008,DAL,Dallas Mavericks
7180,Devean George,1600000.00,2008,2009,DAL,Dallas Mavericks
7613,Devean George,1600000.00,2009,2010,GSW,Golden State Warriors
10291,Devin Booker,2127840.00,2015,2016,PHO,Phoenix Suns
10874,Devin Booker,2223600.00,2016,2017,PHO,Phoenix Suns
11451,Devin Booker,2319360.00,2017,2018,PHO,Phoenix Suns
4695,Devin Brown,34946.00,2002,2003,SAS,San Antonio Spurs
5116,Devin Brown,563679.00,2003,2004,SAS,San Antonio Spurs
5961,Devin Brown,2500000.00,2005,2006,UTA,Utah Jazz
6394,Devin Brown,564518.00,2006,2007,NOH,New Orleans Pelicans
6395,Devin Brown,500000.00,2006,2007,GSW,Golden State Warriors
6786,Devin Brown,1200000.00,2007,2008,CLE,Cleveland Caveliers
7181,Devin Brown,998398.00,2008,2009,NOH,New Orleans Pelicans
7614,Devin Brown,1100000.00,2009,2010,CHI,Chicago Bulls
8058,Devin Ebanks,473604.00,2010,2011,LAL,Los Angeles Lakers
8469,Devin Ebanks,762195.00,2011,2012,LAL,Los Angeles Lakers
8910,Devin Ebanks,1054389.00,2012,2013,LAL,Los Angeles Lakers
2315,Devin Gray,150200.00,1996,1997,SAC,Sacramento Kings
3442,Devin Gray,88223.00,1999,2000,HOU,Houston Rockets
5962,Devin Green,398762.00,2005,2006,LAL,Los Angeles Lakers
5531,Devin Harris,2741880.00,2004,2005,DAL,Dallas Mavericks
5963,Devin Harris,2947440.00,2005,2006,DAL,Dallas Mavericks
6787,Devin Harris,3995003.00,2007,2008,NJN,Brooklyn Nets
7182,Devin Harris,7800000.00,2008,2009,NJN,Brooklyn Nets
7615,Devin Harris,8400000.00,2009,2010,NJN,Brooklyn Nets
8059,Devin Harris,8981000.00,2010,2011,UTA,Utah Jazz
8470,Devin Harris,9319000.00,2011,2012,UTA,Utah Jazz
8911,Devin Harris,8500000.00,2012,2013,ATL,Atlanta Hawks
9330,Devin Harris,1272279.00,2013,2014,DAL,Dallas Mavericks
9754,Devin Harris,3878000.00,2014,2015,DAL,Dallas Mavericks
10292,Devin Harris,4053000.00,2015,2016,DAL,Dallas Mavericks
10875,Devin Harris,4228000.00,2016,2017,DAL,Dallas Mavericks
11452,Devin Harris,4402546.00,2017,2018,DAL,Dallas Mavericks
9755,Devyn Marble,884879.00,2014,2015,ORL,Orlando Magic
10293,Devyn Marble,845059.00,2015,2016,ORL,Orlando Magic
9756,Dewayne Dedmon,816482.00,2014,2015,ORL,Orlando Magic
10294,Dewayne Dedmon,947278.00,2015,2016,ORL,Orlando Magic
10876,Dewayne Dedmon,2898000.00,2016,2017,SAS,San Antonio Spurs
11453,Dewayne Dedmon,6000000.00,2017,2018,ATL,Atlanta Hawks
819,Dexter Cambridge,150000.00,1992,1993,DAL,Dallas Mavericks
8471,Dexter Pittman,762195.00,2011,2012,MIA,Miami Heat
8912,Dexter Pittman,854389.00,2012,2013,MEM,Memphis Grizzlies
10877,Deyonta Davis,1369229.00,2016,2017,MEM,Memphis Grizzlies
11454,Deyonta Davis,1312611.00,2017,2018,MEM,Memphis Grizzlies
10878,Diamond Stone,543471.00,2016,2017,LAC,Los Angeles Clippers
11455,Diamond Stone,1312611.00,2017,2018,ATL,Atlanta Hawks
11456,Diamond Stone,50000.00,2017,2018,CHI,Chicago Bulls
8913,Diante Garrett,473604.00,2012,2013,PHO,Phoenix Suns
9757,Diante Garrett,915243.00,2014,2015,POR,Portland Trail Blazers
1947,Dickey Simpkins,845000.00,1995,1996,CHI,Chicago Bulls
2316,Dickey Simpkins,1040000.00,1996,1997,CHI,Chicago Bulls
2707,Dickey Simpkins,1235000.00,1997,1998,GSW,Golden State Warriors
4241,Dickey Simpkins,26190.00,2001,2002,ATL,Atlanta Hawks
5532,Didier Ilunga-Mbenga,800000.00,2004,2005,DAL,Dallas Mavericks
5964,Didier Ilunga-Mbenga,880000.00,2005,2006,DAL,Dallas Mavericks
6788,Didier Ilunga-Mbenga,1800000.00,2007,2008,DAL,Dallas Mavericks
6789,Didier Ilunga-Mbenga,434091.00,2007,2008,LAL,Los Angeles Lakers
6790,Didier Ilunga-Mbenga,249478.00,2007,2008,GSW,Golden State Warriors
7183,Didier Ilunga-Mbenga,1971941.00,2008,2009,DAL,Dallas Mavericks
7184,Didier Ilunga-Mbenga,880658.00,2008,2009,LAL,Los Angeles Lakers
7616,Didier Ilunga-Mbenga,959111.00,2009,2010,LAL,Los Angeles Lakers
8060,Didier Ilunga-Mbenga,1069509.00,2010,2011,NOH,New Orleans Pelicans
6396,Dijon Thompson,89101.00,2006,2007,ATL,Atlanta Hawks
448,Dikembe Mutombo,2005000.00,1991,1992,DEN,Denver Nuggets
820,Dikembe Mutombo,2400000.00,1992,1993,DEN,Denver Nuggets
1200,Dikembe Mutombo,3000000.00,1993,1994,DEN,Denver Nuggets
1587,Dikembe Mutombo,3100000.00,1994,1995,DEN,Denver Nuggets
1948,Dikembe Mutombo,3250000.00,1995,1996,DEN,Denver Nuggets
2317,Dikembe Mutombo,8013000.00,1996,1997,ATL,Atlanta Hawks
2708,Dikembe Mutombo,9615187.00,1997,1998,ATL,Atlanta Hawks
3092,Dikembe Mutombo,11218000.00,1998,1999,ATL,Atlanta Hawks
3443,Dikembe Mutombo,12820249.00,1999,2000,ATL,Atlanta Hawks
3820,Dikembe Mutombo,14400000.00,2000,2001,ATL,Atlanta Hawks
4242,Dikembe Mutombo,14315790.00,2001,2002,PHI,Philadelphia 76ers
4696,Dikembe Mutombo,16105264.00,2002,2003,NJN,Brooklyn Nets
5117,Dikembe Mutombo,13626624.00,2003,2004,NJN,Brooklyn Nets
5118,Dikembe Mutombo,4087667.00,2003,2004,NYK,New York Knicks
5533,Dikembe Mutombo,14989285.00,2004,2005,NJN,Brooklyn Nets
5534,Dikembe Mutombo,4496434.00,2004,2005,HOU,Houston Rockets
5965,Dikembe Mutombo,2000000.00,2005,2006,HOU,Houston Rockets
6397,Dikembe Mutombo,2210000.00,2006,2007,HOU,Houston Rockets
7185,Dikembe Mutombo,794491.00,2008,2009,HOU,Houston Rockets
11457,Dillon Brooks,815615.00,2017,2018,MEM,Memphis Grizzlies
821,Dino Radja,711000.00,1992,1993,BOS,Boston Celtic
1201,Dino Radja,1650000.00,1993,1994,BOS,Boston Celtic
1588,Dino Radja,2145000.00,1994,1995,BOS,Boston Celtic
1949,Dino Radja,2640000.00,1995,1996,BOS,Boston Celtic
2318,Dino Radja,5313000.00,1996,1997,BOS,Boston Celtic
2709,Dino Radja,2500000.00,1997,1998,BOS,Boston Celtic
3093,Dino Radja,2500000.00,1998,1999,BOS,Boston Celtic
3444,Dino Radja,2270500.00,1999,2000,BOS,Boston Celtic
3445,Dion Glover,893400.00,1999,2000,ATL,Atlanta Hawks
3821,Dion Glover,960480.00,2000,2001,ATL,Atlanta Hawks
4243,Dion Glover,1027440.00,2001,2002,ATL,Atlanta Hawks
4697,Dion Glover,1584312.00,2002,2003,ATL,Atlanta Hawks
5119,Dion Glover,1000000.00,2003,2004,ATL,Atlanta Hawks
5966,Dion Glover,163085.00,2005,2006,HOU,Houston Rockets
8914,Dion Waiters,3726600.00,2012,2013,CLE,Cleveland Caveliers
9331,Dion Waiters,3894240.00,2013,2014,CLE,Cleveland Caveliers
9758,Dion Waiters,4062000.00,2014,2015,OKC,Oklahoma City Thunder
10295,Dion Waiters,5138430.00,2015,2016,OKC,Oklahoma City Thunder
10879,Dion Waiters,2898000.00,2016,2017,MIA,Miami Heat
11458,Dion Waiters,11000000.00,2017,2018,MIA,Miami Heat
10880,Dionte Christmas,50000.00,2016,2017,PHI,Philadelphia 76ers
3094,Dirk Nowitzki,1472640.00,1998,1999,DAL,Dallas Mavericks
3446,Dirk Nowitzki,1583040.00,1999,2000,DAL,Dallas Mavericks
3822,Dirk Nowitzki,1693560.00,2000,2001,DAL,Dallas Mavericks
4244,Dirk Nowitzki,2157595.00,2001,2002,DAL,Dallas Mavericks
4698,Dirk Nowitzki,10067750.00,2002,2003,DAL,Dallas Mavericks
5535,Dirk Nowitzki,12584688.00,2004,2005,DAL,Dallas Mavericks
5967,Dirk Nowitzki,13843156.00,2005,2006,DAL,Dallas Mavericks
6791,Dirk Nowitzki,16360094.00,2007,2008,DAL,Dallas Mavericks
7186,Dirk Nowitzki,18077904.00,2008,2009,DAL,Dallas Mavericks
7617,Dirk Nowitzki,19795714.00,2009,2010,DAL,Dallas Mavericks
8061,Dirk Nowitzki,17278618.00,2010,2011,DAL,Dallas Mavericks
8472,Dirk Nowitzki,19092873.00,2011,2012,DAL,Dallas Mavericks
8915,Dirk Nowitzki,20907128.00,2012,2013,DAL,Dallas Mavericks
9332,Dirk Nowitzki,22721381.00,2013,2014,DAL,Dallas Mavericks
9759,Dirk Nowitzki,7974482.00,2014,2015,DAL,Dallas Mavericks
10296,Dirk Nowitzki,8333334.00,2015,2016,DAL,Dallas Mavericks
10881,Dirk Nowitzki,25000000.00,2016,2017,DAL,Dallas Mavericks
11459,Dirk Nowitzki,5000000.00,2017,2018,DAL,Dallas Mavericks
93,Doc Rivers,895000.00,1990,1991,ATL,Atlanta Hawks
449,Doc Rivers,1195000.00,1991,1992,LAC,Los Angeles Clippers
822,Doc Rivers,895000.00,1992,1993,NYK,New York Knicks
1202,Doc Rivers,1110000.00,1993,1994,NYK,New York Knicks
1589,Doc Rivers,1405000.00,1994,1995,NYK,New York Knicks
1590,Doc Rivers,109750.00,1994,1995,SAS,San Antonio Spurs
1950,Doc Rivers,1150000.00,1995,1996,SAS,San Antonio Spurs
10882,Domantas Sabonis,2440200.00,2016,2017,OKC,Oklahoma City Thunder
11460,Domantas Sabonis,2550000.00,2017,2018,IND,Indiana Pacers
6792,Dominic McGuire,427163.00,2007,2008,WAS,Washington Wizards
7187,Dominic McGuire,711517.00,2008,2009,WAS,Washington Wizards
7618,Dominic McGuire,825497.00,2009,2010,SAC,Sacramento Kings
8473,Dominic McGuire,915852.00,2011,2012,GSW,Golden State Warriors
8916,Dominic McGuire,181018.00,2012,2013,TOR,Toronto Raptors 
8917,Dominic McGuire,122625.00,2012,2013,IND,Indiana Pacers
8918,Dominic McGuire,110947.00,2012,2013,NOH,New Orleans Pelicans
8062,Dominique Jones,1110120.00,2010,2011,DAL,Dallas Mavericks
8474,Dominique Jones,1193280.00,2011,2012,DAL,Dallas Mavericks
8919,Dominique Jones,1276560.00,2012,2013,DAL,Dallas Mavericks
94,Dominique Wilkins,2065000.00,1990,1991,ATL,Atlanta Hawks
450,Dominique Wilkins,3100000.00,1991,1992,ATL,Atlanta Hawks
823,Dominique Wilkins,3500000.00,1992,1993,ATL,Atlanta Hawks
1203,Dominique Wilkins,3500000.00,1993,1994,ATL,Atlanta Hawks
1591,Dominique Wilkins,2820000.00,1994,1995,BOS,Boston Celtic
2319,Dominique Wilkins,247500.00,1996,1997,SAS,San Antonio Spurs
3095,Dominique Wilkins,1000000.00,1998,1999,ORL,Orlando Magic
824,Don MacLean,463000.00,1992,1993,WAS,Washington Wizards
1204,Don MacLean,601000.00,1993,1994,WAS,Washington Wizards
1592,Don MacLean,740000.00,1994,1995,WAS,Washington Wizards
1951,Don MacLean,925000.00,1995,1996,DEN,Denver Nuggets
2320,Don MacLean,1780000.00,1996,1997,PHI,Philadelphia 76ers
2710,Don MacLean,2120000.00,1997,1998,NJN,Brooklyn Nets
3096,Don MacLean,2460000.00,1998,1999,OKC,Oklahoma City Thunder
3447,Don MacLean,2800000.00,1999,2000,HOU,Houston Rockets
3823,Don MacLean,2380000.00,2000,2001,HOU,Houston Rockets
3824,Don MacLean,798500.00,2000,2001,MIA,Miami Heat
4245,Don MacLean,965850.00,2001,2002,TOR,Toronto Raptors 
2321,Don Reid,400000.00,1996,1997,DET,Detroit Pistons
2711,Don Reid,1000000.00,1997,1998,DET,Detroit Pistons
3097,Don Reid,800000.00,1998,1999,DET,Detroit Pistons
3448,Don Reid,1000000.00,1999,2000,DET,Detroit Pistons
3825,Don Reid,611000.00,2000,2001,ORL,Orlando Magic
4246,Don Reid,1000000.00,2001,2002,ORL,Orlando Magic
4699,Don Reid,1100000.00,2002,2003,DET,Detroit Pistons
451,Donald Hodge,130000.00,1991,1992,DAL,Dallas Mavericks
825,Donald Hodge,650000.00,1992,1993,DAL,Dallas Mavericks
1205,Donald Hodge,845000.00,1993,1994,DAL,Dallas Mavericks
1593,Donald Hodge,1005000.00,1994,1995,DAL,Dallas Mavericks
1952,Donald Hodge,1200000.00,1995,1996,DAL,Dallas Mavericks
452,Donald Royal,130000.00,1991,1992,SAS,San Antonio Spurs
826,Donald Royal,140000.00,1992,1993,ORL,Orlando Magic
1206,Donald Royal,890000.00,1993,1994,ORL,Orlando Magic
1953,Donald Royal,1500000.00,1995,1996,ORL,Orlando Magic
2322,Donald Royal,1700000.00,1996,1997,GSW,Golden State Warriors
8475,Donald Sloan,122237.00,2011,2012,ATL,Atlanta Hawks
8476,Donald Sloan,76392.00,2011,2012,NOH,New Orleans Pelicans
8920,Donald Sloan,251076.00,2012,2013,CLE,Cleveland Caveliers
8921,Donald Sloan,44835.00,2012,2013,NOH,New Orleans Pelicans
9333,Donald Sloan,884293.00,2013,2014,IND,Indiana Pacers
9760,Donald Sloan,948163.00,2014,2015,IND,Indiana Pacers
10297,Donald Sloan,1015421.00,2015,2016,NJN,Brooklyn Nets
2323,Donald Whiteside,220000.00,1996,1997,TOR,Toronto Raptors 
2712,Donald Whiteside,272250.00,1997,1998,ATL,Atlanta Hawks
9334,Donatas Motiejunas,1422720.00,2013,2014,HOU,Houston Rockets
9761,Donatas Motiejunas,1483920.00,2014,2015,HOU,Houston Rockets
10298,Donatas Motiejunas,2288205.00,2015,2016,HOU,Houston Rockets
10883,Donatas Motiejunas,576724.00,2016,2017,NOH,New Orleans Pelicans
5968,Donell Taylor,398762.00,2005,2006,WAS,Washington Wizards
6398,Donell Taylor,664209.00,2006,2007,WAS,Washington Wizards
3826,Donnell Harvey,862560.00,2000,2001,DAL,Dallas Mavericks
4247,Donnell Harvey,927360.00,2001,2002,DAL,Dallas Mavericks
4700,Donnell Harvey,992040.00,2002,2003,DEN,Denver Nuggets
5120,Donnell Harvey,663679.00,2003,2004,PHO,Phoenix Suns
1954,Donnie Boyce,250000.00,1995,1996,ATL,Atlanta Hawks
2324,Donnie Boyce,247500.00,1996,1997,ATL,Atlanta Hawks
1955,Donny Marshall,200000.00,1995,1996,CLE,Cleveland Caveliers
2325,Donny Marshall,450000.00,1996,1997,CLE,Cleveland Caveliers
2713,Donny Marshall,540000.00,1997,1998,CLE,Cleveland Caveliers
11461,Donovan Mitchell,2621280.00,2017,2018,UTA,Utah Jazz
5536,Donta Smith,425000.00,2004,2005,ATL,Atlanta Hawks
5969,Donta Smith,641748.00,2005,2006,ATL,Atlanta Hawks
2326,Dontae\' Jones,691000.00,1996,1997,NYK,New York Knicks
2714,Dontae\' Jones,794880.00,1997,1998,BOS,Boston Celtic
3098,Dontae\' Jones,953856.00,1998,1999,BOS,Boston Celtic
7188,Donte Greene,971160.00,2008,2009,SAC,Sacramento Kings
7619,Donte Greene,1044000.00,2009,2010,SAC,Sacramento Kings
8063,Donte Greene,1116840.00,2010,2011,SAC,Sacramento Kings
8477,Donte Greene,2015896.00,2011,2012,SAC,Sacramento Kings
1594,Dontonio Wingfield,150000.00,1994,1995,OKC,Oklahoma City Thunder
1956,Dontonio Wingfield,225000.00,1995,1996,POR,Portland Trail Blazers
2327,Dontonio Wingfield,500000.00,1996,1997,POR,Portland Trail Blazers
2715,Dontonio Wingfield,600000.00,1997,1998,POR,Portland Trail Blazers
1957,Donyell Marshall,2730000.00,1995,1996,GSW,Golden State Warriors
2328,Donyell Marshall,3360000.00,1996,1997,GSW,Golden State Warriors
2716,Donyell Marshall,3990000.00,1997,1998,GSW,Golden State Warriors
3099,Donyell Marshall,4370000.00,1998,1999,GSW,Golden State Warriors
3449,Donyell Marshall,5250000.00,1999,2000,GSW,Golden State Warriors
3827,Donyell Marshall,5630000.00,2000,2001,UTA,Utah Jazz
4248,Donyell Marshall,6510000.00,2001,2002,UTA,Utah Jazz
4701,Donyell Marshall,4186542.00,2002,2003,CHI,Chicago Bulls
4702,Donyell Marshall,1000000.00,2002,2003,UTA,Utah Jazz
5121,Donyell Marshall,4605196.00,2003,2004,TOR,Toronto Raptors 
5537,Donyell Marshall,5023850.00,2004,2005,TOR,Toronto Raptors 
5970,Donyell Marshall,4799108.00,2005,2006,CLE,Cleveland Caveliers
6399,Donyell Marshall,5633037.00,2006,2007,CLE,Cleveland Caveliers
6793,Donyell Marshall,6016965.00,2007,2008,OKC,Oklahoma City Thunder
7189,Donyell Marshall,5950894.00,2008,2009,OKC,Oklahoma City Thunder
7190,Donyell Marshall,1262275.00,2008,2009,PHI,Philadelphia 76ers
5538,Dorell Wright,1152240.00,2004,2005,MIA,Miami Heat
5971,Dorell Wright,1238640.00,2005,2006,MIA,Miami Heat
6794,Dorell Wright,2040746.00,2007,2008,MIA,Miami Heat
7620,Dorell Wright,2750000.00,2009,2010,MIA,Miami Heat
8064,Dorell Wright,3500000.00,2010,2011,GSW,Golden State Warriors
8478,Dorell Wright,3823000.00,2011,2012,GSW,Golden State Warriors
8922,Dorell Wright,4106000.00,2012,2013,PHI,Philadelphia 76ers
9335,Dorell Wright,3000000.00,2013,2014,POR,Portland Trail Blazers
9762,Dorell Wright,3150000.00,2014,2015,POR,Portland Trail Blazers
10299,Dorell Wright,17637.00,2015,2016,MIA,Miami Heat
10884,Dorian Finney-Smith,543471.00,2016,2017,DAL,Dallas Mavericks
11462,Dorian Finney-Smith,1312611.00,2017,2018,DAL,Dallas Mavericks
8923,Doron Lamb,650000.00,2012,2013,ORL,Orlando Magic
9336,Doron Lamb,788872.00,2013,2014,ORL,Orlando Magic
1207,Doug Christie,1445000.00,1993,1994,LAL,Los Angeles Lakers
1595,Doug Christie,1244000.00,1994,1995,NYK,New York Knicks
1958,Doug Christie,1466000.00,1995,1996,NYK,New York Knicks
2329,Doug Christie,1355000.00,1996,1997,TOR,Toronto Raptors 
2717,Doug Christie,2012767.00,1997,1998,TOR,Toronto Raptors 
3450,Doug Christie,2742600.00,1999,2000,TOR,Toronto Raptors 
3828,Doug Christie,3140000.00,2000,2001,SAC,Sacramento Kings
4249,Doug Christie,5200000.00,2001,2002,SAC,Sacramento Kings
4703,Doug Christie,6250000.00,2002,2003,SAC,Sacramento Kings
5122,Doug Christie,6900000.00,2003,2004,SAC,Sacramento Kings
5539,Doug Christie,7550000.00,2004,2005,SAC,Sacramento Kings
5972,Doug Christie,8200000.00,2005,2006,ORL,Orlando Magic
5973,Doug Christie,1575000.00,2005,2006,DAL,Dallas Mavericks
6400,Doug Christie,158071.00,2006,2007,LAC,Los Angeles Clippers
1208,Doug Edwards,650000.00,1993,1994,ATL,Atlanta Hawks
1596,Doug Edwards,845000.00,1994,1995,ATL,Atlanta Hawks
1959,Doug Edwards,1040000.00,1995,1996,MEM,Memphis Grizzlies
2330,Doug Edwards,247500.00,1996,1997,MEM,Memphis Grizzlies
2718,Doug Edwards,1430000.00,1997,1998,MEM,Memphis Grizzlies
3100,Doug Edwards,1625000.00,1998,1999,MEM,Memphis Grizzlies
453,Doug Lee,150000.00,1991,1992,NJN,Brooklyn Nets
827,Doug Lee,125000.00,1992,1993,NJN,Brooklyn Nets
1597,Doug Lee,150000.00,1994,1995,SAC,Sacramento Kings
10300,Doug McDermott,2380440.00,2015,2016,CHI,Chicago Bulls
10885,Doug McDermott,2483040.00,2016,2017,OKC,Oklahoma City Thunder
11463,Doug McDermott,3294994.00,2017,2018,NYK,New York Knicks
828,Doug Overton,140000.00,1992,1993,WAS,Washington Wizards
1209,Doug Overton,500000.00,1993,1994,WAS,Washington Wizards
1598,Doug Overton,550000.00,1994,1995,WAS,Washington Wizards
1960,Doug Overton,600000.00,1995,1996,DEN,Denver Nuggets
2331,Doug Overton,247500.00,1996,1997,PHI,Philadelphia 76ers
2719,Doug Overton,326700.00,1997,1998,PHI,Philadelphia 76ers
3101,Doug Overton,600000.00,1998,1999,PHI,Philadelphia 76ers
3451,Doug Overton,492000.00,1999,2000,BOS,Boston Celtic
3452,Doug Overton,100000.00,1999,2000,PHI,Philadelphia 76ers
3829,Doug Overton,548500.00,2000,2001,BOS,Boston Celtic
5123,Doug Overton,104390.00,2003,2004,NJN,Brooklyn Nets
454,Doug Smith,1500000.00,1991,1992,DAL,Dallas Mavericks
829,Doug Smith,1845000.00,1992,1993,DAL,Dallas Mavericks
1210,Doug Smith,1650000.00,1993,1994,DAL,Dallas Mavericks
1599,Doug Smith,1950000.00,1994,1995,DAL,Dallas Mavericks
1961,Doug Smith,450000.00,1995,1996,BOS,Boston Celtic
95,Doug West,230000.00,1990,1991,MIN,Minnesota Timberwolves
455,Doug West,310000.00,1991,1992,MIN,Minnesota Timberwolves
1211,Doug West,1275000.00,1993,1994,MIN,Minnesota Timberwolves
1962,Doug West,1900000.00,1995,1996,MIN,Minnesota Timberwolves
2720,Doug West,2535000.00,1997,1998,MIN,Minnesota Timberwolves
3102,Doug West,2915000.00,1998,1999,MEM,Memphis Grizzlies
3453,Doug West,3295000.00,1999,2000,MEM,Memphis Grizzlies
3830,Doug West,3680000.00,2000,2001,MEM,Memphis Grizzlies
10886,Dragan Bender,4276320.00,2016,2017,PHO,Phoenix Suns
11464,Dragan Bender,4468800.00,2017,2018,PHO,Phoenix Suns
3831,Dragan Tarlac,2500000.00,2000,2001,CHI,Chicago Bulls
8924,Draymond Green,850000.00,2012,2013,GSW,Golden State Warriors
9337,Draymond Green,875500.00,2013,2014,GSW,Golden State Warriors
9763,Draymond Green,915243.00,2014,2015,GSW,Golden State Warriors
10301,Draymond Green,14300000.00,2015,2016,GSW,Golden State Warriors
10887,Draymond Green,15330435.00,2016,2017,GSW,Golden State Warriors
11465,Draymond Green,16400000.00,2017,2018,GSW,Golden State Warriors
96,Drazen Petrovic,1200000.00,1990,1991,NJN,Brooklyn Nets
456,Drazen Petrovic,1375000.00,1991,1992,NJN,Brooklyn Nets
830,Drazen Petrovic,1615000.00,1992,1993,NJN,Brooklyn Nets
3103,Drew Barry,350000.00,1998,1999,OKC,Oklahoma City Thunder
3454,Drew Barry,62765.00,1999,2000,GSW,Golden State Warriors
4704,Drew Gooden,2794920.00,2002,2003,MEM,Memphis Grizzlies
5124,Drew Gooden,3004560.00,2003,2004,ORL,Orlando Magic
5540,Drew Gooden,3214080.00,2004,2005,CLE,Cleveland Caveliers
5974,Drew Gooden,4065811.00,2005,2006,CLE,Cleveland Caveliers
6401,Drew Gooden,6645402.00,2006,2007,CLE,Cleveland Caveliers
6795,Drew Gooden,6453416.00,2007,2008,CHI,Chicago Bulls
7191,Drew Gooden,7151183.00,2008,2009,SAC,Sacramento Kings
7621,Drew Gooden,4500000.00,2009,2010,LAC,Los Angeles Clippers
8065,Drew Gooden,5760000.00,2010,2011,MIL,Milwaukee Bucks
8479,Drew Gooden,6226200.00,2011,2012,MIL,Milwaukee Bucks
8925,Drew Gooden,6687400.00,2012,2013,MIL,Milwaukee Bucks
9764,Drew Gooden,6680000.00,2014,2015,MIL,Milwaukee Bucks
9765,Drew Gooden,1448000.00,2014,2015,WAS,Washington Wizards
10302,Drew Gooden,3300000.00,2015,2016,WAS,Washington Wizards
9766,Drew Gordon,40000.00,2014,2015,PHI,Philadelphia 76ers
97,Duane Causwell,650000.00,1990,1991,SAC,Sacramento Kings
457,Duane Causwell,820000.00,1991,1992,SAC,Sacramento Kings
831,Duane Causwell,950000.00,1992,1993,SAC,Sacramento Kings
1212,Duane Causwell,1260000.00,1993,1994,SAC,Sacramento Kings
1600,Duane Causwell,1545000.00,1994,1995,SAC,Sacramento Kings
1963,Duane Causwell,1830000.00,1995,1996,SAC,Sacramento Kings
2332,Duane Causwell,2215000.00,1996,1997,SAC,Sacramento Kings
3104,Duane Causwell,1454000.00,1998,1999,MIA,Miami Heat
3832,Duane Causwell,4000000.00,2000,2001,MIA,Miami Heat
832,Duane Cooper,140000.00,1992,1993,LAL,Los Angeles Lakers
1213,Duane Cooper,150000.00,1993,1994,PHO,Phoenix Suns
98,Duane Ferrell,125000.00,1990,1991,ATL,Atlanta Hawks
458,Duane Ferrell,500000.00,1991,1992,ATL,Atlanta Hawks
833,Duane Ferrell,825000.00,1992,1993,ATL,Atlanta Hawks
1214,Duane Ferrell,1025000.00,1993,1994,ATL,Atlanta Hawks
1964,Duane Ferrell,845000.00,1995,1996,IND,Indiana Pacers
2333,Duane Ferrell,1040000.00,1996,1997,IND,Indiana Pacers
2721,Duane Ferrell,1235000.00,1997,1998,GSW,Golden State Warriors
3105,Duane Ferrell,1430000.00,1998,1999,GSW,Golden State Warriors
3455,Duane Ferrell,1625000.00,1999,2000,ATL,Atlanta Hawks
10303,Duje Dukan,525093.00,2015,2016,SAC,Sacramento Kings
11466,Dwayne Bacon,815615.00,2017,2018,CHA,Charlotte Hornets
5975,Dwayne Jones,398762.00,2005,2006,MIN,Minnesota Timberwolves
6402,Dwayne Jones,664209.00,2006,2007,CLE,Cleveland Caveliers
6796,Dwayne Jones,770610.00,2007,2008,CLE,Cleveland Caveliers
1601,Dwayne Morton,150000.00,1994,1995,GSW,Golden State Warriors
99,Dwayne Schintzius,520000.00,1990,1991,SAS,San Antonio Spurs
459,Dwayne Schintzius,650000.00,1991,1992,SAC,Sacramento Kings
834,Dwayne Schintzius,140000.00,1992,1993,NJN,Brooklyn Nets
1215,Dwayne Schintzius,921000.00,1993,1994,NJN,Brooklyn Nets
1965,Dwayne Schintzius,225000.00,1995,1996,IND,Indiana Pacers
2334,Dwayne Schintzius,625000.00,1996,1997,LAC,Los Angeles Clippers
3106,Dwayne Schintzius,662500.00,1998,1999,BOS,Boston Celtic
3456,Dwayne Schintzius,550000.00,1999,2000,DEN,Denver Nuggets
9767,Dwight Buycks,48028.00,2014,2015,LAL,Los Angeles Lakers
5541,Dwight Howard,4179720.00,2004,2005,ORL,Orlando Magic
5976,Dwight Howard,4493160.00,2005,2006,ORL,Orlando Magic
6403,Dwight Howard,4806720.00,2006,2007,ORL,Orlando Magic
6797,Dwight Howard,6061274.00,2007,2008,ORL,Orlando Magic
7192,Dwight Howard,13758000.00,2008,2009,ORL,Orlando Magic
7622,Dwight Howard,15202590.00,2009,2010,ORL,Orlando Magic
8066,Dwight Howard,16647180.00,2010,2011,ORL,Orlando Magic
8480,Dwight Howard,18091770.00,2011,2012,ORL,Orlando Magic
8926,Dwight Howard,19536360.00,2012,2013,LAL,Los Angeles Lakers
9338,Dwight Howard,20513178.00,2013,2014,HOU,Houston Rockets
9768,Dwight Howard,21436271.00,2014,2015,HOU,Houston Rockets
10304,Dwight Howard,22359364.00,2015,2016,HOU,Houston Rockets
10888,Dwight Howard,23180275.00,2016,2017,ATL,Atlanta Hawks
11467,Dwight Howard,23500000.00,2017,2018,CHA,Charlotte Hornets
9769,Dwight Powell,507336.00,2014,2015,DAL,Dallas Mavericks
10305,Dwight Powell,845059.00,2015,2016,DAL,Dallas Mavericks
10889,Dwight Powell,8375000.00,2016,2017,DAL,Dallas Mavericks
11468,Dwight Powell,9003125.00,2017,2018,DAL,Dallas Mavericks
5125,Dwyane Wade,2636400.00,2003,2004,MIA,Miami Heat
5542,Dwyane Wade,2834160.00,2004,2005,MIA,Miami Heat
5977,Dwyane Wade,3031920.00,2005,2006,MIA,Miami Heat
6798,Dwyane Wade,13041250.00,2007,2008,MIA,Miami Heat
7623,Dwyane Wade,15779912.00,2009,2010,MIA,Miami Heat
8481,Dwyane Wade,15691000.00,2011,2012,MIA,Miami Heat
8927,Dwyane Wade,17182000.00,2012,2013,MIA,Miami Heat
9339,Dwyane Wade,18673000.00,2013,2014,MIA,Miami Heat
9770,Dwyane Wade,15000000.00,2014,2015,MIA,Miami Heat
10306,Dwyane Wade,20000000.00,2015,2016,MIA,Miami Heat
10890,Dwyane Wade,23200000.00,2016,2017,CHI,Chicago Bulls
11469,Dwyane Wade,15550000.00,2017,2018,CHI,Chicago Bulls
11470,Dwyane Wade,2328652.00,2017,2018,CLE,Cleveland Caveliers
10307,E.J. Singler,50000.00,2015,2016,UTA,Utah Jazz
10891,E.J. Singler,50000.00,2016,2017,TOR,Toronto Raptors 
8482,E\'Twaun Moore,473604.00,2011,2012,BOS,Boston Celtic
8928,E\'Twaun Moore,762195.00,2012,2013,ORL,Orlando Magic
9340,E\'Twaun Moore,884293.00,2013,2014,ORL,Orlando Magic
10308,E\'Twaun Moore,1015421.00,2015,2016,CHI,Chicago Bulls
10892,E\'Twaun Moore,8081363.00,2016,2017,NOH,New Orleans Pelicans
11471,E\'Twaun Moore,8445024.00,2017,2018,NOH,New Orleans Pelicans
5978,Earl Barron,398762.00,2005,2006,MIA,Miami Heat
6799,Earl Barron,973328.00,2007,2008,MIA,Miami Heat
8483,Earl Barron,185588.00,2011,2012,GSW,Golden State Warriors
8929,Earl Barron,358600.00,2012,2013,WAS,Washington Wizards
9771,Earl Barron,107676.00,2014,2015,PHO,Phoenix Suns
3107,Earl Boykins,287500.00,1998,1999,CLE,Cleveland Caveliers
3833,Earl Boykins,498500.00,2000,2001,LAC,Los Angeles Clippers
4250,Earl Boykins,650000.00,2001,2002,LAC,Los Angeles Clippers
4705,Earl Boykins,715000.00,2002,2003,LAC,Los Angeles Clippers
4706,Earl Boykins,528605.00,2002,2003,GSW,Golden State Warriors
5126,Earl Boykins,2500000.00,2003,2004,DEN,Denver Nuggets
5979,Earl Boykins,2750000.00,2005,2006,DEN,Denver Nuggets
6404,Earl Boykins,2950000.00,2006,2007,MIL,Milwaukee Bucks
7624,Earl Boykins,1191180.00,2009,2010,WAS,Washington Wizards
8067,Earl Boykins,1352181.00,2010,2011,MIL,Milwaukee Bucks
7625,Earl Clark,1766280.00,2009,2010,PHO,Phoenix Suns
8068,Earl Clark,1898760.00,2010,2011,ORL,Orlando Magic
8484,Earl Clark,1160000.00,2011,2012,ORL,Orlando Magic
8930,Earl Clark,1240000.00,2012,2013,LAL,Los Angeles Lakers
9341,Earl Clark,4250000.00,2013,2014,CLE,Cleveland Caveliers
9772,Earl Clark,62552.00,2014,2015,NJN,Brooklyn Nets
2335,Earl Cureton,205200.00,1996,1997,TOR,Toronto Raptors 
4251,Earl Watson,332817.00,2001,2002,OKC,Oklahoma City Thunder
4707,Earl Watson,1215000.00,2002,2003,MEM,Memphis Grizzlies
5127,Earl Watson,1336500.00,2003,2004,MEM,Memphis Grizzlies
5543,Earl Watson,1458000.00,2004,2005,MEM,Memphis Grizzlies
5980,Earl Watson,5000000.00,2005,2006,DEN,Denver Nuggets
6405,Earl Watson,5400000.00,2006,2007,OKC,Oklahoma City Thunder
6800,Earl Watson,5800000.00,2007,2008,OKC,Oklahoma City Thunder
7193,Earl Watson,6200000.00,2008,2009,OKC,Oklahoma City Thunder
7626,Earl Watson,6600000.00,2009,2010,OKC,Oklahoma City Thunder
7627,Earl Watson,2800000.00,2009,2010,IND,Indiana Pacers
8069,Earl Watson,1229255.00,2010,2011,UTA,Utah Jazz
8485,Earl Watson,2000000.00,2011,2012,UTA,Utah Jazz
8931,Earl Watson,2000000.00,2012,2013,UTA,Utah Jazz
9342,Earl Watson,1399507.00,2013,2014,POR,Portland Trail Blazers
8070,Ed Davis,1919160.00,2010,2011,TOR,Toronto Raptors 
8486,Ed Davis,2063040.00,2011,2012,TOR,Toronto Raptors 
8932,Ed Davis,2207040.00,2012,2013,MEM,Memphis Grizzlies
9343,Ed Davis,3153860.00,2013,2014,MEM,Memphis Grizzlies
9773,Ed Davis,981084.00,2014,2015,LAL,Los Angeles Lakers
10309,Ed Davis,7000000.00,2015,2016,POR,Portland Trail Blazers
10893,Ed Davis,6666667.00,2016,2017,POR,Portland Trail Blazers
11472,Ed Davis,6352531.00,2017,2018,POR,Portland Trail Blazers
2722,Ed Gray,723840.00,1997,1998,ATL,Atlanta Hawks
3108,Ed Gray,832440.00,1998,1999,ATL,Atlanta Hawks
3457,Ed Gray,941040.00,1999,2000,HOU,Houston Rockets
100,Ed Nealy,550000.00,1990,1991,PHO,Phoenix Suns
460,Ed Nealy,650000.00,1991,1992,PHO,Phoenix Suns
835,Ed Nealy,800000.00,1992,1993,PHO,Phoenix Suns
1966,Ed O\'Bannon,1133000.00,1995,1996,NJN,Brooklyn Nets
2336,Ed O\'Bannon,1303000.00,1996,1997,NJN,Brooklyn Nets
2723,Ed O\'Bannon,1472640.00,1997,1998,ORL,Orlando Magic
101,Ed Pinckney,750000.00,1990,1991,BOS,Boston Celtic
461,Ed Pinckney,900000.00,1991,1992,BOS,Boston Celtic
836,Ed Pinckney,1150000.00,1992,1993,BOS,Boston Celtic
1216,Ed Pinckney,1470000.00,1993,1994,BOS,Boston Celtic
1602,Ed Pinckney,1485000.00,1994,1995,MIL,Milwaukee Bucks
1967,Ed Pinckney,1926000.00,1995,1996,TOR,Toronto Raptors 
2337,Ed Pinckney,300000.00,1996,1997,MIA,Miami Heat
2724,Ed Stokes,272500.00,1997,1998,TOR,Toronto Raptors 
5981,Eddie Basden,398762.00,2005,2006,CHI,Chicago Bulls
5544,Eddie Gill,720046.00,2004,2005,IND,Indiana Pacers
5982,Eddie Gill,819551.00,2005,2006,IND,Indiana Pacers
6801,Eddie Gill,151089.00,2007,2008,NJN,Brooklyn Nets
7194,Eddie Gill,387613.00,2008,2009,MIL,Milwaukee Bucks
4252,Eddie Griffin,2011080.00,2001,2002,HOU,Houston Rockets
5128,Eddie Griffin,2312760.00,2003,2004,HOU,Houston Rockets
5545,Eddie Griffin,695046.00,2004,2005,MIN,Minnesota Timberwolves
5983,Eddie Griffin,2500000.00,2005,2006,MIN,Minnesota Timberwolves
6406,Eddie Griffin,2700000.00,2006,2007,MIN,Minnesota Timberwolves
6802,Eddie Griffin,2900000.00,2007,2008,MIN,Minnesota Timberwolves
3834,Eddie House,316969.00,2000,2001,MIA,Miami Heat
4253,Eddie House,465850.00,2001,2002,MIA,Miami Heat
4708,Eddie House,637435.00,2002,2003,MIA,Miami Heat
5546,Eddie House,563327.00,2004,2005,MIL,Milwaukee Bucks
6407,Eddie House,1400000.00,2006,2007,NJN,Brooklyn Nets
7195,Eddie House,2650000.00,2008,2009,BOS,Boston Celtic
7628,Eddie House,2862000.00,2009,2010,NYK,New York Knicks
102,Eddie Johnson,1000000.00,1990,1991,OKC,Oklahoma City Thunder
462,Eddie Johnson,1050000.00,1991,1992,OKC,Oklahoma City Thunder
837,Eddie Johnson,1100000.00,1992,1993,OKC,Oklahoma City Thunder
1217,Eddie Johnson,1150000.00,1993,1994,CHA,Charlotte Hornets
1968,Eddie Johnson,1000000.00,1995,1996,IND,Indiana Pacers
2338,Eddie Johnson,1200000.00,1996,1997,IND,Indiana Pacers
2725,Eddie Johnson,300000.00,1997,1998,DEN,Denver Nuggets
3458,Eddie Johnson,1000000.00,1999,2000,HOU,Houston Rockets
1603,Eddie Jones,1300000.00,1994,1995,LAL,Los Angeles Lakers
1969,Eddie Jones,1600000.00,1995,1996,LAL,Los Angeles Lakers
2339,Eddie Jones,1800000.00,1996,1997,LAL,Los Angeles Lakers
2726,Eddie Jones,2000000.00,1997,1998,LAL,Los Angeles Lakers
3109,Eddie Jones,2200000.00,1998,1999,CHA,Charlotte Hornets
3835,Eddie Jones,8960000.00,2000,2001,MIA,Miami Heat
4254,Eddie Jones,10091250.00,2001,2002,MIA,Miami Heat
4709,Eddie Jones,11212500.00,2002,2003,MIA,Miami Heat
5129,Eddie Jones,12333750.00,2003,2004,MIA,Miami Heat
5547,Eddie Jones,13455000.00,2004,2005,MIA,Miami Heat
5984,Eddie Jones,14576250.00,2005,2006,MEM,Memphis Grizzlies
6408,Eddie Jones,14863778.00,2006,2007,MEM,Memphis Grizzlies
6803,Eddie Jones,1830000.00,2007,2008,DAL,Dallas Mavericks
7196,Eddie Jones,2000000.00,2008,2009,IND,Indiana Pacers
103,Eddie Lee Wilkins,400000.00,1990,1991,NYK,New York Knicks
838,Eddie Lee Wilkins,500000.00,1992,1993,PHI,Philadelphia 76ers
1218,Eddie Lee Wilkins,100000.00,1993,1994,PHI,Philadelphia 76ers
3836,Eddie Robinson,600000.00,2000,2001,CHA,Charlotte Hornets
4255,Eddie Robinson,5170000.00,2001,2002,CHI,Chicago Bulls
4710,Eddie Robinson,5687000.00,2002,2003,CHI,Chicago Bulls
5130,Eddie Robinson,6204000.00,2003,2004,CHI,Chicago Bulls
5985,Eddie Robinson,5444444.00,2005,2006,CHI,Chicago Bulls
4256,Eddy Curry,2678400.00,2001,2002,CHI,Chicago Bulls
4711,Eddy Curry,2879280.00,2002,2003,CHI,Chicago Bulls
5131,Eddy Curry,3080160.00,2003,2004,CHI,Chicago Bulls
5986,Eddy Curry,7390000.00,2005,2006,NYK,New York Knicks
6804,Eddy Curry,8947543.00,2007,2008,NYK,New York Knicks
7197,Eddy Curry,9723983.00,2008,2009,NYK,New York Knicks
7629,Eddy Curry,10500423.00,2009,2010,NYK,New York Knicks
8071,Eddy Curry,11530592.00,2010,2011,MIN,Minnesota Timberwolves
8487,Eddy Curry,1229255.00,2011,2012,MIA,Miami Heat
8933,Eddy Curry,23852.00,2012,2013,DAL,Dallas Mavericks
3837,Eduardo Najera,316969.00,2000,2001,DAL,Dallas Mavericks
4257,Eduardo Najera,465850.00,2001,2002,DAL,Dallas Mavericks
4712,Eduardo Najera,3047620.00,2002,2003,DAL,Dallas Mavericks
5548,Eduardo Najera,3809524.00,2004,2005,GSW,Golden State Warriors
5987,Eduardo Najera,4190476.00,2005,2006,DEN,Denver Nuggets
6805,Eduardo Najera,4952380.00,2007,2008,DEN,Denver Nuggets
7198,Eduardo Najera,3250000.00,2008,2009,NJN,Brooklyn Nets
7630,Eduardo Najera,3100000.00,2009,2010,DAL,Dallas Mavericks
10894,Edy Tavares,1000000.00,2016,2017,ATL,Atlanta Hawks
10895,Edy Tavares,5145.00,2016,2017,CLE,Cleveland Caveliers
3459,Efthimi Rentzias,658700.00,1999,2000,ATL,Atlanta Hawks
5549,Efthimi Rentzias,516865.00,2004,2005,PHI,Philadelphia 76ers
10896,Egidijus Mockevicius,100000.00,2016,2017,NJN,Brooklyn Nets
8072,Ekpe Udoh,3065040.00,2010,2011,GSW,Golden State Warriors
8488,Ekpe Udoh,3294960.00,2011,2012,GSW,Golden State Warriors
8934,Ekpe Udoh,3524880.00,2012,2013,MIL,Milwaukee Bucks
9344,Ekpe Udoh,4469548.00,2013,2014,MIL,Milwaukee Bucks
9774,Ekpe Udoh,981084.00,2014,2015,LAC,Los Angeles Clippers
11473,Ekpe Udoh,3200000.00,2017,2018,UTA,Utah Jazz
104,Elden Campbell,575000.00,1990,1991,LAL,Los Angeles Lakers
463,Elden Campbell,575000.00,1991,1992,LAL,Los Angeles Lakers
839,Elden Campbell,575000.00,1992,1993,LAL,Los Angeles Lakers
1219,Elden Campbell,1700000.00,1993,1994,LAL,Los Angeles Lakers
1604,Elden Campbell,2100000.00,1994,1995,LAL,Los Angeles Lakers
1970,Elden Campbell,2200000.00,1995,1996,LAL,Los Angeles Lakers
2340,Elden Campbell,7000000.00,1996,1997,LAL,Los Angeles Lakers
2727,Elden Campbell,7000000.00,1997,1998,LAL,Los Angeles Lakers
3110,Elden Campbell,7000000.00,1998,1999,CHA,Charlotte Hornets
3838,Elden Campbell,8050000.00,2000,2001,CHA,Charlotte Hornets
4258,Elden Campbell,7975000.00,2001,2002,CHA,Charlotte Hornets
4713,Elden Campbell,8050000.00,2002,2003,NOH,New Orleans Pelicans
5132,Elden Campbell,4000000.00,2003,2004,DET,Detroit Pistons
5550,Elden Campbell,4400000.00,2004,2005,DET,Detroit Pistons
1971,Eldridge Recasner,225000.00,1995,1996,HOU,Houston Rockets
2341,Eldridge Recasner,247500.00,1996,1997,ATL,Atlanta Hawks
2728,Eldridge Recasner,326700.00,1997,1998,ATL,Atlanta Hawks
3839,Eldridge Recasner,1200000.00,2000,2001,CHA,Charlotte Hornets
4259,Eldridge Recasner,1300000.00,2001,2002,CHA,Charlotte Hornets
9775,Elfrid Payton,2397840.00,2014,2015,ORL,Orlando Magic
10310,Elfrid Payton,2505720.00,2015,2016,ORL,Orlando Magic
10897,Elfrid Payton,2613600.00,2016,2017,ORL,Orlando Magic
11474,Elfrid Payton,3332340.00,2017,2018,ORL,Orlando Magic
10898,Elgin Cook,50000.00,2016,2017,GSW,Golden State Warriors
9776,Elijah Millsap,241731.00,2014,2015,UTA,Utah Jazz
10311,Elijah Millsap,362878.00,2015,2016,UTA,Utah Jazz
10899,Elijah Millsap,23069.00,2016,2017,PHO,Phoenix Suns
464,Elliot Perry,130000.00,1991,1992,LAC,Los Angeles Clippers
1220,Elliot Perry,150000.00,1993,1994,POR,Portland Trail Blazers
1605,Elliot Perry,250000.00,1994,1995,PHO,Phoenix Suns
1972,Elliot Perry,2025000.00,1995,1996,PHO,Phoenix Suns
2342,Elliot Perry,2000000.00,1996,1997,MIL,Milwaukee Bucks
2729,Elliot Perry,2000000.00,1997,1998,MIL,Milwaukee Bucks
3111,Elliot Perry,2000000.00,1998,1999,NJN,Brooklyn Nets
3460,Elliot Perry,2000000.00,1999,2000,NJN,Brooklyn Nets
3840,Elliot Perry,1050000.00,2000,2001,NJN,Brooklyn Nets
3841,Elliot Perry,94000.00,2000,2001,ORL,Orlando Magic
8073,Elliot Williams,1254720.00,2010,2011,POR,Portland Trail Blazers
8489,Elliot Williams,1348800.00,2011,2012,POR,Portland Trail Blazers
8935,Elliot Williams,1442880.00,2012,2013,POR,Portland Trail Blazers
9777,Elliot Williams,107676.00,2014,2015,NOH,New Orleans Pelicans
9778,Elliot Williams,53838.00,2014,2015,UTA,Utah Jazz
10312,Elliot Williams,80000.00,2015,2016,CHA,Charlotte Hornets
10313,Elliot Williams,55722.00,2015,2016,MEM,Memphis Grizzlies
10900,Elliot Williams,250000.00,2016,2017,GSW,Golden State Warriors
840,Elmore Spencer,438000.00,1992,1993,LAC,Los Angeles Clippers
1221,Elmore Spencer,569000.00,1993,1994,LAC,Los Angeles Clippers
1606,Elmore Spencer,700000.00,1994,1995,LAC,Los Angeles Clippers
2730,Elmore Spencer,2050000.00,1997,1998,DEN,Denver Nuggets
3842,Elton Brand,3629160.00,2000,2001,CHI,Chicago Bulls
4260,Elton Brand,3882360.00,2001,2002,LAC,Los Angeles Clippers
4714,Elton Brand,4895656.00,2002,2003,LAC,Los Angeles Clippers
5551,Elton Brand,12056000.00,2004,2005,LAC,Los Angeles Clippers
5988,Elton Brand,13152000.00,2005,2006,LAC,Los Angeles Clippers
6409,Elton Brand,14248000.00,2006,2007,LAC,Los Angeles Clippers
6806,Elton Brand,15344000.00,2007,2008,LAC,Los Angeles Clippers
7199,Elton Brand,13757844.00,2008,2009,PHI,Philadelphia 76ers
7631,Elton Brand,14858471.00,2009,2010,PHI,Philadelphia 76ers
8074,Elton Brand,15959099.00,2010,2011,PHI,Philadelphia 76ers
8490,Elton Brand,17059727.00,2011,2012,PHI,Philadelphia 76ers
8936,Elton Brand,16059854.00,2012,2013,PHI,Philadelphia 76ers
8937,Elton Brand,2100500.00,2012,2013,DAL,Dallas Mavericks
9345,Elton Brand,4000000.00,2013,2014,ATL,Atlanta Hawks
9779,Elton Brand,2000000.00,2014,2015,ATL,Atlanta Hawks
10314,Elton Brand,890693.00,2015,2016,PHI,Philadelphia 76ers
10901,Elton Brand,1000000.00,2016,2017,PHI,Philadelphia 76ers
2343,Emanual Davis,220000.00,1996,1997,HOU,Houston Rockets
3461,Emanual Davis,510000.00,1999,2000,OKC,Oklahoma City Thunder
3843,Emanual Davis,610000.00,2000,2001,OKC,Oklahoma City Thunder
4261,Emanual Davis,715850.00,2001,2002,ATL,Atlanta Hawks
4715,Emanual Davis,824935.00,2002,2003,ATL,Atlanta Hawks
7632,Emeka Okafor,10538937.00,2009,2010,NOH,New Orleans Pelicans
8075,Emeka Okafor,11495000.00,2010,2011,NOH,New Orleans Pelicans
8491,Emeka Okafor,12541812.00,2011,2012,NOH,New Orleans Pelicans
8938,Emeka Okafor,13490000.00,2012,2013,WAS,Washington Wizards
9346,Emeka Okafor,14487500.00,2013,2014,PHO,Phoenix Suns
10315,Emmanuel Mudiay,3102240.00,2015,2016,DEN,Denver Nuggets
10902,Emmanuel Mudiay,3241800.00,2016,2017,DEN,Denver Nuggets
11475,Emmanuel Mudiay,3381480.00,2017,2018,DEN,Denver Nuggets
8492,Enes Kanter,4133280.00,2011,2012,UTA,Utah Jazz
8939,Enes Kanter,4443360.00,2012,2013,UTA,Utah Jazz
9347,Enes Kanter,4505280.00,2013,2014,UTA,Utah Jazz
9780,Enes Kanter,5694674.00,2014,2015,OKC,Oklahoma City Thunder
10316,Enes Kanter,16400000.00,2015,2016,OKC,Oklahoma City Thunder
10903,Enes Kanter,17145838.00,2016,2017,OKC,Oklahoma City Thunder
11476,Enes Kanter,20566802.00,2017,2018,NYK,New York Knicks
465,Ennis Whatley,130000.00,1991,1992,POR,Portland Trail Blazers
1222,Ennis Whatley,150000.00,1993,1994,ATL,Atlanta Hawks
841,Eric Anderson,140000.00,1992,1993,NYK,New York Knicks
1223,Eric Anderson,250000.00,1993,1994,NYK,New York Knicks
8076,Eric Bledsoe,1485000.00,2010,2011,LAC,Los Angeles Clippers
8493,Eric Bledsoe,1596360.00,2011,2012,LAC,Los Angeles Clippers
8940,Eric Bledsoe,1707720.00,2012,2013,LAC,Los Angeles Clippers
9348,Eric Bledsoe,2626473.00,2013,2014,PHO,Phoenix Suns
9781,Eric Bledsoe,12173913.00,2014,2015,PHO,Phoenix Suns
10317,Eric Bledsoe,13086957.00,2015,2016,PHO,Phoenix Suns
10904,Eric Bledsoe,14000000.00,2016,2017,PHO,Phoenix Suns
11477,Eric Bledsoe,14500000.00,2017,2018,MIL,Milwaukee Bucks
8494,Eric Dawson,38172.00,2011,2012,SAS,San Antonio Spurs
7200,Eric Gordon,2623200.00,2008,2009,LAC,Los Angeles Clippers
7633,Eric Gordon,2819880.00,2009,2010,LAC,Los Angeles Clippers
8077,Eric Gordon,3016680.00,2010,2011,LAC,Los Angeles Clippers
8495,Eric Gordon,3831184.00,2011,2012,NOH,New Orleans Pelicans
8941,Eric Gordon,13668750.00,2012,2013,NOH,New Orleans Pelicans
9349,Eric Gordon,14283844.00,2013,2014,NOH,New Orleans Pelicans
9782,Eric Gordon,14898938.00,2014,2015,NOH,New Orleans Pelicans
10318,Eric Gordon,15514031.00,2015,2016,NOH,New Orleans Pelicans
10905,Eric Gordon,12385364.00,2016,2017,HOU,Houston Rockets
11478,Eric Gordon,12943020.00,2017,2018,HOU,Houston Rockets
9783,Eric Griffin,150000.00,2014,2015,DAL,Dallas Mavericks
105,Eric Leckner,485000.00,1990,1991,CHA,Charlotte Hornets
466,Eric Leckner,618000.00,1991,1992,CHA,Charlotte Hornets
1224,Eric Leckner,300000.00,1993,1994,PHI,Philadelphia 76ers
1607,Eric Leckner,350000.00,1994,1995,DET,Detroit Pistons
2344,Eric Leckner,247500.00,1996,1997,NYK,New York Knicks
7634,Eric Maynor,1318920.00,2009,2010,OKC,Oklahoma City Thunder
8078,Eric Maynor,1417800.00,2010,2011,OKC,Oklahoma City Thunder
8496,Eric Maynor,1516680.00,2011,2012,OKC,Oklahoma City Thunder
8942,Eric Maynor,2338721.00,2012,2013,POR,Portland Trail Blazers
9350,Eric Maynor,2016000.00,2013,2014,WAS,Washington Wizards
9784,Eric Maynor,2106720.00,2014,2015,PHI,Philadelphia 76ers
1608,Eric Mobley,620000.00,1994,1995,MIL,Milwaukee Bucks
1973,Eric Mobley,1328000.00,1995,1996,MEM,Memphis Grizzlies
2345,Eric Mobley,992000.00,1996,1997,MEM,Memphis Grizzlies
2731,Eric Mobley,1178000.00,1997,1998,MEM,Memphis Grizzlies
1609,Eric Montross,800000.00,1994,1995,BOS,Boston Celtic
1974,Eric Montross,1040000.00,1995,1996,BOS,Boston Celtic
2346,Eric Montross,1280000.00,1996,1997,DAL,Dallas Mavericks
2732,Eric Montross,1520000.00,1997,1998,PHI,Philadelphia 76ers
3112,Eric Montross,1760000.00,1998,1999,DET,Detroit Pistons
3462,Eric Montross,2000000.00,1999,2000,DET,Detroit Pistons
3844,Eric Montross,2240000.00,2000,2001,DET,Detroit Pistons
4262,Eric Montross,2480000.00,2001,2002,TOR,Toronto Raptors 
4716,Eric Montross,2720000.00,2002,2003,TOR,Toronto Raptors 
5133,Eric Montross,2960000.00,2003,2004,TOR,Toronto Raptors 
9785,Eric Moreland,507336.00,2014,2015,SAC,Sacramento Kings
10319,Eric Moreland,845059.00,2015,2016,SAC,Sacramento Kings
11479,Eric Moreland,1739333.00,2017,2018,DET,Detroit Pistons
467,Eric Murdock,600000.00,1991,1992,UTA,Utah Jazz
842,Eric Murdock,700000.00,1992,1993,MIL,Milwaukee Bucks
1225,Eric Murdock,800000.00,1993,1994,MIL,Milwaukee Bucks
1610,Eric Murdock,1000000.00,1994,1995,MIL,Milwaukee Bucks
1975,Eric Murdock,2000000.00,1995,1996,MEM,Memphis Grizzlies
3113,Eric Murdock,1750000.00,1998,1999,NJN,Brooklyn Nets
3463,Eric Murdock,1925000.00,1999,2000,LAC,Los Angeles Clippers
3845,Eric Murdock,2100000.00,2000,2001,DET,Detroit Pistons
1611,Eric Piatkowski,962500.00,1994,1995,LAC,Los Angeles Clippers
1976,Eric Piatkowski,1138000.00,1995,1996,LAC,Los Angeles Clippers
2347,Eric Piatkowski,1363000.00,1996,1997,LAC,Los Angeles Clippers
2733,Eric Piatkowski,1587500.00,1997,1998,LAC,Los Angeles Clippers
3114,Eric Piatkowski,1650000.00,1998,1999,LAC,Los Angeles Clippers
3464,Eric Piatkowski,2000000.00,1999,2000,LAC,Los Angeles Clippers
3846,Eric Piatkowski,2200000.00,2000,2001,LAC,Los Angeles Clippers
4263,Eric Piatkowski,3000000.00,2001,2002,LAC,Los Angeles Clippers
4717,Eric Piatkowski,3000000.00,2002,2003,LAC,Los Angeles Clippers
5134,Eric Piatkowski,2500000.00,2003,2004,HOU,Houston Rockets
5989,Eric Piatkowski,3000000.00,2005,2006,CHI,Chicago Bulls
6410,Eric Piatkowski,1178348.00,2006,2007,PHO,Phoenix Suns
6807,Eric Piatkowski,1219590.00,2007,2008,PHO,Phoenix Suns
1226,Eric Riley,150000.00,1993,1994,HOU,Houston Rockets
1612,Eric Riley,305000.00,1994,1995,HOU,Houston Rockets
1977,Eric Riley,300000.00,1995,1996,MIN,Minnesota Timberwolves
3115,Eric Riley,537500.00,1998,1999,BOS,Boston Celtic
3465,Eric Riley,50206.00,1999,2000,MIN,Minnesota Timberwolves
1978,Eric Snow,200000.00,1995,1996,OKC,Oklahoma City Thunder
2348,Eric Snow,247500.00,1996,1997,OKC,Oklahoma City Thunder
2734,Eric Snow,706300.00,1997,1998,OKC,Oklahoma City Thunder
3116,Eric Snow,846300.00,1998,1999,PHI,Philadelphia 76ers
3466,Eric Snow,3000000.00,1999,2000,PHI,Philadelphia 76ers
4264,Eric Snow,3750000.00,2001,2002,PHI,Philadelphia 76ers
5552,Eric Snow,4875000.00,2004,2005,CLE,Cleveland Caveliers
5990,Eric Snow,5484375.00,2005,2006,CLE,Cleveland Caveliers
6411,Eric Snow,6093750.00,2006,2007,CLE,Cleveland Caveliers
6808,Eric Snow,6703125.00,2007,2008,CLE,Cleveland Caveliers
7201,Eric Snow,7312500.00,2008,2009,CLE,Cleveland Caveliers
2735,Eric Washington,242000.00,1997,1998,DEN,Denver Nuggets
3117,Eric Washington,520000.00,1998,1999,DEN,Denver Nuggets
3467,Eric Washington,550000.00,1999,2000,BOS,Boston Celtic
1979,Eric Williams,876000.00,1995,1996,BOS,Boston Celtic
2349,Eric Williams,1008000.00,1996,1997,BOS,Boston Celtic
2736,Eric Williams,1139520.00,1997,1998,DEN,Denver Nuggets
3118,Eric Williams,2780000.00,1998,1999,DEN,Denver Nuggets
3468,Eric Williams,3336000.00,1999,2000,BOS,Boston Celtic
3847,Eric Williams,3890000.00,2000,2001,BOS,Boston Celtic
4265,Eric Williams,4448000.00,2001,2002,BOS,Boston Celtic
4718,Eric Williams,5004000.00,2002,2003,BOS,Boston Celtic
5135,Eric Williams,5540000.00,2003,2004,CLE,Cleveland Caveliers
5553,Eric Williams,3580000.00,2004,2005,TOR,Toronto Raptors 
5991,Eric Williams,3938000.00,2005,2006,TOR,Toronto Raptors 
3848,Erick Barkley,712200.00,2000,2001,POR,Portland Trail Blazers
4266,Erick Barkley,638000.00,2001,2002,POR,Portland Trail Blazers
4719,Erick Barkley,682500.00,2002,2003,CHI,Chicago Bulls
2350,Erick Dampier,1184000.00,1996,1997,IND,Indiana Pacers
2737,Erick Dampier,1478880.00,1997,1998,GSW,Golden State Warriors
3119,Erick Dampier,1538000.00,1998,1999,GSW,Golden State Warriors
3469,Erick Dampier,4988000.00,1999,2000,GSW,Golden State Warriors
3849,Erick Dampier,5610000.00,2000,2001,GSW,Golden State Warriors
4267,Erick Dampier,6235000.00,2001,2002,GSW,Golden State Warriors
4720,Erick Dampier,6858500.00,2002,2003,GSW,Golden State Warriors
5136,Erick Dampier,7842000.00,2003,2004,GSW,Golden State Warriors
5554,Erick Dampier,7700000.00,2004,2005,DAL,Dallas Mavericks
5992,Erick Dampier,8662500.00,2005,2006,DAL,Dallas Mavericks
6809,Erick Dampier,10590500.00,2007,2008,DAL,Dallas Mavericks
7202,Erick Dampier,11553000.00,2008,2009,DAL,Dallas Mavericks
7635,Erick Dampier,12115500.00,2009,2010,DAL,Dallas Mavericks
8497,Erick Dampier,850522.00,2011,2012,ATL,Atlanta Hawks
9786,Erick Green,507336.00,2014,2015,DEN,Denver Nuggets
10320,Erick Green,100000.00,2015,2016,DEN,Denver Nuggets
10321,Erick Green,99418.00,2015,2016,UTA,Utah Jazz
2351,Erick Strickland,220000.00,1996,1997,DAL,Dallas Mavericks
3120,Erick Strickland,1920000.00,1998,1999,DAL,Dallas Mavericks
3470,Erick Strickland,2240000.00,1999,2000,DAL,Dallas Mavericks
4268,Erick Strickland,637415.00,2001,2002,BOS,Boston Celtic
4721,Erick Strickland,762435.00,2002,2003,IND,Indiana Pacers
5137,Erick Strickland,1500000.00,2003,2004,MIL,Milwaukee Bucks
5555,Erick Strickland,1650000.00,2004,2005,MIL,Milwaukee Bucks
5556,Erik Daniels,385277.00,2004,2005,SAC,Sacramento Kings
9787,Erik Murphy,100000.00,2014,2015,BOS,Boston Celtic
4269,Ernest Brown,332817.00,2001,2002,MIA,Miami Heat
5993,Ersan Ilyasova,398762.00,2005,2006,MIL,Milwaukee Bucks
6412,Ersan Ilyasova,664209.00,2006,2007,MIL,Milwaukee Bucks
7636,Ersan Ilyasova,2100000.00,2009,2010,MIL,Milwaukee Bucks
8079,Ersan Ilyasova,2320500.00,2010,2011,MIL,Milwaukee Bucks
8498,Ersan Ilyasova,2541000.00,2011,2012,MIL,Milwaukee Bucks
8943,Ersan Ilyasova,7900000.00,2012,2013,MIL,Milwaukee Bucks
9351,Ersan Ilyasova,7900000.00,2013,2014,MIL,Milwaukee Bucks
9788,Ersan Ilyasova,7900000.00,2014,2015,DET,Detroit Pistons
10322,Ersan Ilyasova,7900000.00,2015,2016,ORL,Orlando Magic
10906,Ersan Ilyasova,8400000.00,2016,2017,ATL,Atlanta Hawks
11480,Ersan Ilyasova,6000000.00,2017,2018,ATL,Atlanta Hawks
1227,Ervin Johnson,617000.00,1993,1994,OKC,Oklahoma City Thunder
1613,Ervin Johnson,716600.00,1994,1995,OKC,Oklahoma City Thunder
1980,Ervin Johnson,767000.00,1995,1996,OKC,Oklahoma City Thunder
2352,Ervin Johnson,1636000.00,1996,1997,DEN,Denver Nuggets
2738,Ervin Johnson,2281128.00,1997,1998,MIL,Milwaukee Bucks
3121,Ervin Johnson,2594000.00,1998,1999,MIL,Milwaukee Bucks
3471,Ervin Johnson,2951029.00,1999,2000,MIL,Milwaukee Bucks
3850,Ervin Johnson,2700000.00,2000,2001,MIL,Milwaukee Bucks
4270,Ervin Johnson,3670929.00,2001,2002,MIL,Milwaukee Bucks
4722,Ervin Johnson,3998679.00,2002,2003,MIL,Milwaukee Bucks
5138,Ervin Johnson,4418156.00,2003,2004,MIN,Minnesota Timberwolves
5557,Ervin Johnson,4837633.00,2004,2005,MIN,Minnesota Timberwolves
5994,Ervin Johnson,1138500.00,2005,2006,MIL,Milwaukee Bucks
5995,Esteban Batista,398762.00,2005,2006,ATL,Atlanta Hawks
6413,Esteban Batista,664209.00,2006,2007,ATL,Atlanta Hawks
3851,Etan Thomas,1388880.00,2000,2001,DAL,Dallas Mavericks
4271,Etan Thomas,1493040.00,2001,2002,WAS,Washington Wizards
4723,Etan Thomas,1597200.00,2002,2003,WAS,Washington Wizards
5139,Etan Thomas,2200942.00,2003,2004,WAS,Washington Wizards
5558,Etan Thomas,4903000.00,2004,2005,WAS,Washington Wizards
5996,Etan Thomas,5393300.00,2005,2006,WAS,Washington Wizards
6414,Etan Thomas,5883600.00,2006,2007,WAS,Washington Wizards
6810,Etan Thomas,6373900.00,2007,2008,WAS,Washington Wizards
7203,Etan Thomas,6864200.00,2008,2009,WAS,Washington Wizards
7637,Etan Thomas,7350000.00,2009,2010,OKC,Oklahoma City Thunder
8080,Etan Thomas,1223166.00,2010,2011,ATL,Atlanta Hawks
3852,Etdrick Bohannon,523500.00,2000,2001,LAC,Los Angeles Clippers
8081,Eugene Jeter,473604.00,2010,2011,SAC,Sacramento Kings
3472,Evan Eschmeyer,301875.00,1999,2000,NJN,Brooklyn Nets
3853,Evan Eschmeyer,423500.00,2000,2001,NJN,Brooklyn Nets
4272,Evan Eschmeyer,3038000.00,2001,2002,DAL,Dallas Mavericks
4724,Evan Eschmeyer,3103800.00,2002,2003,DAL,Dallas Mavericks
5140,Evan Eschmeyer,3017266.00,2003,2004,GSW,Golden State Warriors
5559,Evan Eschmeyer,3407655.00,2004,2005,DAL,Dallas Mavericks
5997,Evan Eschmeyer,3711400.00,2005,2006,DAL,Dallas Mavericks
8944,Evan Fournier,1361400.00,2012,2013,DEN,Denver Nuggets
9352,Evan Fournier,1422720.00,2013,2014,DEN,Denver Nuggets
9789,Evan Fournier,1483920.00,2014,2015,ORL,Orlando Magic
10323,Evan Fournier,2288205.00,2015,2016,ORL,Orlando Magic
10907,Evan Fournier,17000000.00,2016,2017,ORL,Orlando Magic
11481,Evan Fournier,17000000.00,2017,2018,ORL,Orlando Magic
8082,Evan Turner,4602720.00,2010,2011,PHI,Philadelphia 76ers
8499,Evan Turner,4947840.00,2011,2012,PHI,Philadelphia 76ers
8945,Evan Turner,5293080.00,2012,2013,PHI,Philadelphia 76ers
9353,Evan Turner,6679867.00,2013,2014,PHI,Philadelphia 76ers
9790,Evan Turner,3278000.00,2014,2015,BOS,Boston Celtic
10324,Evan Turner,3425510.00,2015,2016,BOS,Boston Celtic
10908,Evan Turner,16393443.00,2016,2017,POR,Portland Trail Blazers
11482,Evan Turner,17131148.00,2017,2018,POR,Portland Trail Blazers
1228,Evers Burns,1616000.00,1993,1994,SAC,Sacramento Kings
9354,Fab Melo,1311240.00,2013,2014,MEM,Memphis Grizzlies
9355,Fab Melo,788872.00,2013,2014,DAL,Dallas Mavericks
9791,Fab Melo,437080.00,2014,2015,MEM,Memphis Grizzlies
6415,Fabricio Oberto,2500000.00,2006,2007,SAS,San Antonio Spurs
6811,Fabricio Oberto,3600000.00,2007,2008,SAS,San Antonio Spurs
7204,Fabricio Oberto,3600000.00,2008,2009,SAS,San Antonio Spurs
7638,Fabricio Oberto,2100000.00,2009,2010,WAS,Washington Wizards
7639,Fabricio Oberto,1800000.00,2009,2010,DET,Detroit Pistons
8083,Fabricio Oberto,992680.00,2010,2011,POR,Portland Trail Blazers
106,Fat Lever,1519000.00,1990,1991,DAL,Dallas Mavericks
468,Fat Lever,1619000.00,1991,1992,DAL,Dallas Mavericks
843,Fat Lever,1802000.00,1992,1993,DAL,Dallas Mavericks
1229,Fat Lever,2203000.00,1993,1994,DAL,Dallas Mavericks
3122,Felipe Lopez,600000.00,1998,1999,MEM,Memphis Grizzlies
3854,Felipe Lopez,831120.00,2000,2001,WAS,Washington Wizards
4273,Felipe Lopez,565850.00,2001,2002,MIN,Minnesota Timberwolves
4725,Felipe Lopez,637435.00,2002,2003,MIN,Minnesota Timberwolves
107,Felton Spencer,1070000.00,1990,1991,MIN,Minnesota Timberwolves
469,Felton Spencer,1340000.00,1991,1992,MIN,Minnesota Timberwolves
1230,Felton Spencer,1581000.00,1993,1994,UTA,Utah Jazz
1614,Felton Spencer,1881250.00,1994,1995,UTA,Utah Jazz
1981,Felton Spencer,2181000.00,1995,1996,UTA,Utah Jazz
2353,Felton Spencer,2694000.00,1996,1997,GSW,Golden State Warriors
2739,Felton Spencer,2178099.00,1997,1998,GSW,Golden State Warriors
3123,Felton Spencer,1650000.00,1998,1999,GSW,Golden State Warriors
3473,Felton Spencer,510000.00,1999,2000,SAS,San Antonio Spurs
4274,Felton Spencer,1000000.00,2001,2002,NYK,New York Knicks
8946,Festus Ezeli,1020960.00,2012,2013,GSW,Golden State Warriors
9356,Festus Ezeli,1066920.00,2013,2014,GSW,Golden State Warriors
9792,Festus Ezeli,1112880.00,2014,2015,GSW,Golden State Warriors
10325,Festus Ezeli,2008748.00,2015,2016,GSW,Golden State Warriors
10909,Festus Ezeli,7400000.00,2016,2017,POR,Portland Trail Blazers
11483,Festus Ezeli,333334.00,2017,2018,POR,Portland Trail Blazers
5141,Francisco Elson,366931.00,2003,2004,DEN,Denver Nuggets
5998,Francisco Elson,719373.00,2005,2006,DEN,Denver Nuggets
6416,Francisco Elson,3000000.00,2006,2007,SAS,San Antonio Spurs
6812,Francisco Elson,3000000.00,2007,2008,OKC,Oklahoma City Thunder
7205,Francisco Elson,1700000.00,2008,2009,MIL,Milwaukee Bucks
7640,Francisco Elson,1700000.00,2009,2010,PHI,Philadelphia 76ers
8084,Francisco Elson,1146337.00,2010,2011,UTA,Utah Jazz
8500,Francisco Elson,305792.00,2011,2012,PHI,Philadelphia 76ers
5999,Francisco Garcia,1016400.00,2005,2006,SAC,Sacramento Kings
6417,Francisco Garcia,1092600.00,2006,2007,SAC,Sacramento Kings
7206,Francisco Garcia,1983454.00,2008,2009,SAC,Sacramento Kings
7641,Francisco Garcia,5800000.00,2009,2010,SAC,Sacramento Kings
8085,Francisco Garcia,5500000.00,2010,2011,SAC,Sacramento Kings
8501,Francisco Garcia,5800000.00,2011,2012,SAC,Sacramento Kings
9357,Francisco Garcia,1265977.00,2013,2014,HOU,Houston Rockets
9793,Francisco Garcia,1316809.00,2014,2015,HOU,Houston Rockets
108,Frank Brickowski,905000.00,1990,1991,MIL,Milwaukee Bucks
470,Frank Brickowski,1055000.00,1991,1992,MIL,Milwaukee Bucks
844,Frank Brickowski,1800000.00,1992,1993,MIL,Milwaukee Bucks
1231,Frank Brickowski,1850000.00,1993,1994,MIL,Milwaukee Bucks
1615,Frank Brickowski,2233000.00,1994,1995,SAC,Sacramento Kings
1982,Frank Brickowski,3250000.00,1995,1996,OKC,Oklahoma City Thunder
2354,Frank Brickowski,1500000.00,1996,1997,BOS,Boston Celtic
11484,Frank Jackson,815615.00,2017,2018,NOH,New Orleans Pelicans
845,Frank Johnson,140000.00,1992,1993,PHO,Phoenix Suns
1232,Frank Johnson,500000.00,1993,1994,PHO,Phoenix Suns
10326,Frank Kaminsky,2612500.00,2015,2016,CHA,Charlotte Hornets
10910,Frank Kaminsky,2730000.00,2016,2017,CHA,Charlotte Hornets
11485,Frank Kaminsky,2847600.00,2017,2018,CHA,Charlotte Hornets
109,Frank Kornet,225000.00,1990,1991,MIL,Milwaukee Bucks
11486,Frank Mason,1184385.00,2017,2018,SAC,Sacramento Kings
11487,Frank Ntilikina,3501120.00,2017,2018,NYK,New York Knicks
4726,Frank Williams,832560.00,2002,2003,NYK,New York Knicks
5142,Frank Williams,894960.00,2003,2004,NYK,New York Knicks
1983,Frankie King,200000.00,1995,1996,LAL,Los Angeles Lakers
1984,Fred Hoiberg,200000.00,1995,1996,IND,Indiana Pacers
2355,Fred Hoiberg,297000.00,1996,1997,IND,Indiana Pacers
3855,Fred Hoiberg,880000.00,2000,2001,CHI,Chicago Bulls
4275,Fred Hoiberg,1600000.00,2001,2002,CHI,Chicago Bulls
4727,Fred Hoiberg,1400000.00,2002,2003,CHI,Chicago Bulls
5143,Fred Hoiberg,938679.00,2003,2004,MIN,Minnesota Timberwolves
5560,Fred Hoiberg,1600000.00,2004,2005,MIN,Minnesota Timberwolves
6000,Fred Hoiberg,1760000.00,2005,2006,MIN,Minnesota Timberwolves
4728,Fred Jones,1367400.00,2002,2003,IND,Indiana Pacers
5144,Fred Jones,1506000.00,2003,2004,IND,Indiana Pacers
5561,Fred Jones,1572480.00,2004,2005,IND,Indiana Pacers
6001,Fred Jones,2328843.00,2005,2006,IND,Indiana Pacers
6418,Fred Jones,3100000.00,2006,2007,POR,Portland Trail Blazers
6813,Fred Jones,3300000.00,2007,2008,NYK,New York Knicks
7207,Fred Jones,622531.00,2008,2009,LAC,Los Angeles Clippers
110,Fred Roberts,690000.00,1990,1991,MIL,Milwaukee Bucks
471,Fred Roberts,791000.00,1991,1992,MIL,Milwaukee Bucks
846,Fred Roberts,866000.00,1992,1993,MIL,Milwaukee Bucks
1985,Fred Roberts,225000.00,1995,1996,LAL,Los Angeles Lakers
2356,Fred Roberts,247500.00,1996,1997,DAL,Dallas Mavericks
10911,Fred VanVleet,543471.00,2016,2017,TOR,Toronto Raptors 
11488,Fred VanVleet,1312611.00,2017,2018,TOR,Toronto Raptors 
1616,Fred Vinson,150000.00,1994,1995,ATL,Atlanta Hawks
3474,Fred Vinson,485000.00,1999,2000,OKC,Oklahoma City Thunder
9794,Furkan Aldemir,3000000.00,2014,2015,PHI,Philadelphia 76ers
10327,Furkan Aldemir,3000000.00,2015,2016,PHI,Philadelphia 76ers
11489,Furkan Korkmaz,1465920.00,2017,2018,PHI,Philadelphia 76ers
7208,Gabe Pruitt,711517.00,2008,2009,BOS,Boston Celtic
9795,Gal Mekel,816482.00,2014,2015,DAL,Dallas Mavericks
9796,Gal Mekel,633974.00,2014,2015,NOH,New Orleans Pelicans
10328,Gal Mekel,315760.00,2015,2016,DAL,Dallas Mavericks
10912,Gal Mekel,315760.00,2016,2017,DAL,Dallas Mavericks
11490,Gal Mekel,315760.00,2017,2018,DAL,Dallas Mavericks
8502,Garret Siler,51097.00,2011,2012,PHO,Phoenix Suns
8086,Garrett Temple,98637.00,2010,2011,MIL,Milwaukee Bucks
8087,Garrett Temple,71736.00,2010,2011,SAS,San Antonio Spurs
8947,Garrett Temple,572943.00,2012,2013,WAS,Washington Wizards
9358,Garrett Temple,916099.00,2013,2014,WAS,Washington Wizards
9797,Garrett Temple,981084.00,2014,2015,WAS,Washington Wizards
10329,Garrett Temple,1100602.00,2015,2016,WAS,Washington Wizards
10913,Garrett Temple,8000000.00,2016,2017,SAC,Sacramento Kings
11491,Garrett Temple,8000000.00,2017,2018,SAC,Sacramento Kings
3856,Garth Joseph,316969.00,2000,2001,TOR,Toronto Raptors 
1617,Gary Alexander,150000.00,1994,1995,CLE,Cleveland Caveliers
8088,Gary Forbes,473604.00,2010,2011,DEN,Denver Nuggets
8503,Gary Forbes,1500000.00,2011,2012,TOR,Toronto Raptors 
111,Gary Grant,530000.00,1990,1991,LAC,Los Angeles Clippers
472,Gary Grant,928000.00,1991,1992,LAC,Los Angeles Clippers
847,Gary Grant,1128000.00,1992,1993,LAC,Los Angeles Clippers
1233,Gary Grant,1128000.00,1993,1994,LAC,Los Angeles Clippers
1618,Gary Grant,1100000.00,1994,1995,LAC,Los Angeles Clippers
1986,Gary Grant,500000.00,1995,1996,NYK,New York Knicks
2357,Gary Grant,500000.00,1996,1997,MIA,Miami Heat
2740,Gary Grant,600000.00,1997,1998,SAC,Sacramento Kings
3857,Gary Grant,1000000.00,2000,2001,POR,Portland Trail Blazers
3858,Gary Grant,316969.00,2000,2001,CLE,Cleveland Caveliers
9798,Gary Harris,1519200.00,2014,2015,DEN,Denver Nuggets
10330,Gary Harris,1587480.00,2015,2016,DEN,Denver Nuggets
10914,Gary Harris,1655880.00,2016,2017,DEN,Denver Nuggets
11492,Gary Harris,2550055.00,2017,2018,DEN,Denver Nuggets
112,Gary Leonard,200000.00,1990,1991,ATL,Atlanta Hawks
473,Gary Leonard,130000.00,1991,1992,ATL,Atlanta Hawks
8089,Gary Neal,525000.00,2010,2011,SAS,San Antonio Spurs
8504,Gary Neal,762195.00,2011,2012,SAS,San Antonio Spurs
8948,Gary Neal,854389.00,2012,2013,SAS,San Antonio Spurs
9359,Gary Neal,3250000.00,2013,2014,MIL,Milwaukee Bucks
9799,Gary Neal,3250000.00,2014,2015,MIN,Minnesota Timberwolves
10331,Gary Neal,2100000.00,2015,2016,WAS,Washington Wizards
10915,Gary Neal,72193.00,2016,2017,ATL,Atlanta Hawks
113,Gary Payton,1685000.00,1990,1991,OKC,Oklahoma City Thunder
474,Gary Payton,1883000.00,1991,1992,OKC,Oklahoma City Thunder
848,Gary Payton,2183000.00,1992,1993,OKC,Oklahoma City Thunder
1234,Gary Payton,2383000.00,1993,1994,OKC,Oklahoma City Thunder
1619,Gary Payton,2583300.00,1994,1995,OKC,Oklahoma City Thunder
1987,Gary Payton,2783000.00,1995,1996,OKC,Oklahoma City Thunder
2358,Gary Payton,10212000.00,1996,1997,OKC,Oklahoma City Thunder
2741,Gary Payton,10514688.00,1997,1998,OKC,Oklahoma City Thunder
3124,Gary Payton,8715000.00,1998,1999,OKC,Oklahoma City Thunder
3475,Gary Payton,11020473.00,1999,2000,OKC,Oklahoma City Thunder
3859,Gary Payton,12200000.00,2000,2001,OKC,Oklahoma City Thunder
4276,Gary Payton,12926493.00,2001,2002,OKC,Oklahoma City Thunder
4729,Gary Payton,12636117.00,2002,2003,OKC,Oklahoma City Thunder
5145,Gary Payton,4917000.00,2003,2004,LAL,Los Angeles Lakers
5562,Gary Payton,5408700.00,2004,2005,BOS,Boston Celtic
6002,Gary Payton,1138500.00,2005,2006,MIA,Miami Heat
10916,Gary Payton,543471.00,2016,2017,HOU,Houston Rockets
10917,Gary Payton,35166.00,2016,2017,MIL,Milwaukee Bucks
849,Gary Plummer,140000.00,1992,1993,DEN,Denver Nuggets
1988,Gary Trent,1022000.00,1995,1996,POR,Portland Trail Blazers
2359,Gary Trent,1176000.00,1996,1997,POR,Portland Trail Blazers
2742,Gary Trent,1329009.00,1997,1998,POR,Portland Trail Blazers
3125,Gary Trent,1000000.00,1998,1999,DAL,Dallas Mavericks
3476,Gary Trent,2000000.00,1999,2000,DAL,Dallas Mavericks
3860,Gary Trent,2400000.00,2000,2001,DAL,Dallas Mavericks
4277,Gary Trent,715850.00,2001,2002,MIN,Minnesota Timberwolves
4730,Gary Trent,824935.00,2002,2003,MIN,Minnesota Timberwolves
5146,Gary Trent,938679.00,2003,2004,MIN,Minnesota Timberwolves
2360,Gaylon Nickerson,152900.00,1996,1997,SAS,San Antonio Spurs
5563,Geno Carlisle,65779.00,2004,2005,POR,Portland Trail Blazers
7209,George Hill,1006200.00,2008,2009,SAS,San Antonio Spurs
7642,George Hill,1081680.00,2009,2010,SAS,San Antonio Spurs
8090,George Hill,1157160.00,2010,2011,SAS,San Antonio Spurs
8505,George Hill,2086360.00,2011,2012,IND,Indiana Pacers
8949,George Hill,8000000.00,2012,2013,IND,Indiana Pacers
9360,George Hill,8000000.00,2013,2014,IND,Indiana Pacers
9800,George Hill,8000000.00,2014,2015,IND,Indiana Pacers
10332,George Hill,8000000.00,2015,2016,IND,Indiana Pacers
10918,George Hill,8000000.00,2016,2017,UTA,Utah Jazz
11493,George Hill,20000000.00,2017,2018,SAC,Sacramento Kings
1235,George Lynch,1100000.00,1993,1994,LAL,Los Angeles Lakers
1620,George Lynch,1430000.00,1994,1995,LAL,Los Angeles Lakers
1989,George Lynch,1760000.00,1995,1996,LAL,Los Angeles Lakers
2361,George Lynch,2090000.00,1996,1997,MEM,Memphis Grizzlies
2743,George Lynch,2115000.00,1997,1998,MEM,Memphis Grizzlies
3126,George Lynch,1000000.00,1998,1999,PHI,Philadelphia 76ers
3477,George Lynch,2000000.00,1999,2000,PHI,Philadelphia 76ers
4278,George Lynch,2400000.00,2001,2002,CHA,Charlotte Hornets
4731,George Lynch,2600000.00,2002,2003,NOH,New Orleans Pelicans
5147,George Lynch,2800000.00,2003,2004,NOH,New Orleans Pelicans
5564,George Lynch,3000000.00,2004,2005,NOH,New Orleans Pelicans
6003,George Lynch,3200000.00,2005,2006,NOH,New Orleans Pelicans
114,George McCloud,940000.00,1990,1991,IND,Indiana Pacers
475,George McCloud,990000.00,1991,1992,IND,Indiana Pacers
850,George McCloud,1040000.00,1992,1993,IND,Indiana Pacers
1990,George McCloud,950000.00,1995,1996,DAL,Dallas Mavericks
2362,George McCloud,1100000.00,1996,1997,DAL,Dallas Mavericks
2744,George McCloud,272250.00,1997,1998,PHO,Phoenix Suns
3127,George McCloud,750000.00,1998,1999,PHO,Phoenix Suns
3478,George McCloud,2000000.00,1999,2000,DEN,Denver Nuggets
3861,George McCloud,2200000.00,2000,2001,DEN,Denver Nuggets
4279,George McCloud,2400000.00,2001,2002,DEN,Denver Nuggets
4732,George McCloud,2599900.00,2002,2003,WAS,Washington Wizards
1991,George Zidek,603000.00,1995,1996,CHA,Charlotte Hornets
2745,George Zidek,784200.00,1997,1998,DEN,Denver Nuggets
10919,Georges Niang,650000.00,2016,2017,IND,Indiana Pacers
11494,Georges Niang,100000.00,2017,2018,IND,Indiana Pacers
10920,Georgios Papagiannis,2202240.00,2016,2017,SAC,Sacramento Kings
11495,Georgios Papagiannis,2301360.00,2017,2018,SAC,Sacramento Kings
3128,Gerald Brown,287500.00,1998,1999,PHO,Phoenix Suns
6004,Gerald Fitch,359858.00,2005,2006,MIA,Miami Heat
115,Gerald Glass,575000.00,1990,1991,MIN,Minnesota Timberwolves
476,Gerald Glass,705000.00,1991,1992,MIN,Minnesota Timberwolves
851,Gerald Glass,903000.00,1992,1993,DET,Detroit Pistons
1992,Gerald Glass,475000.00,1995,1996,NJN,Brooklyn Nets
6005,Gerald Green,1253040.00,2005,2006,BOS,Boston Celtic
7210,Gerald Green,854957.00,2008,2009,DAL,Dallas Mavericks
8506,Gerald Green,443181.00,2011,2012,NJN,Brooklyn Nets
8507,Gerald Green,73818.00,2011,2012,LAL,Los Angeles Lakers
8950,Gerald Green,3500000.00,2012,2013,IND,Indiana Pacers
9361,Gerald Green,3500000.00,2013,2014,PHO,Phoenix Suns
9801,Gerald Green,3500000.00,2014,2015,PHO,Phoenix Suns
10333,Gerald Green,1356000.00,2015,2016,MIA,Miami Heat
10921,Gerald Green,1410598.00,2016,2017,BOS,Boston Celtic
116,Gerald Henderson,125000.00,1990,1991,DET,Detroit Pistons
10334,Gerald Henderson,6000000.00,2015,2016,POR,Portland Trail Blazers
10922,Gerald Henderson,9000000.00,2016,2017,PHI,Philadelphia 76ers
11496,Gerald Henderson,1000000.00,2017,2018,PHI,Philadelphia 76ers
1236,Gerald Madkins,475000.00,1993,1994,CLE,Cleveland Caveliers
1621,Gerald Madkins,615000.00,1994,1995,CLE,Cleveland Caveliers
117,Gerald Paddio,120000.00,1990,1991,CLE,Cleveland Caveliers
852,Gerald Paddio,190000.00,1992,1993,OKC,Oklahoma City Thunder
4280,Gerald Wallace,797880.00,2001,2002,SAC,Sacramento Kings
4733,Gerald Wallace,857760.00,2002,2003,SAC,Sacramento Kings
5148,Gerald Wallace,917520.00,2003,2004,SAC,Sacramento Kings
8091,Gerald Wallace,10500000.00,2010,2011,POR,Portland Trail Blazers
8508,Gerald Wallace,9500000.00,2011,2012,POR,Portland Trail Blazers
8951,Gerald Wallace,9682435.00,2012,2013,NJN,Brooklyn Nets
9362,Gerald Wallace,10105855.00,2013,2014,BOS,Boston Celtic
9802,Gerald Wallace,10105855.00,2014,2015,BOS,Boston Celtic
10335,Gerald Wallace,10105855.00,2015,2016,PHI,Philadelphia 76ers
118,Gerald Wilkins,725000.00,1990,1991,NYK,New York Knicks
477,Gerald Wilkins,795000.00,1991,1992,NYK,New York Knicks
853,Gerald Wilkins,500000.00,1992,1993,CLE,Cleveland Caveliers
1237,Gerald Wilkins,2278000.00,1993,1994,CLE,Cleveland Caveliers
1622,Gerald Wilkins,2478000.00,1994,1995,CLE,Cleveland Caveliers
1993,Gerald Wilkins,2478000.00,1995,1996,MEM,Memphis Grizzlies
2363,Gerald Wilkins,247500.00,1996,1997,ORL,Orlando Magic
2746,Gerald Wilkins,326700.00,1997,1998,ORL,Orlando Magic
3129,Gerald Wilkins,2000000.00,1998,1999,ORL,Orlando Magic
3479,Gerard King,460000.00,1999,2000,WAS,Washington Wizards
3862,Gerard King,489500.00,2000,2001,WAS,Washington Wizards
1238,Gheorghe Muresan,500000.00,1993,1994,WAS,Washington Wizards
1623,Gheorghe Muresan,1150000.00,1994,1995,WAS,Washington Wizards
1994,Gheorghe Muresan,1963000.00,1995,1996,WAS,Washington Wizards
2364,Gheorghe Muresan,2363000.00,1996,1997,WAS,Washington Wizards
2747,Gheorghe Muresan,1887500.00,1997,1998,WAS,Washington Wizards
3130,Gheorghe Muresan,475000.00,1998,1999,NJN,Brooklyn Nets
3480,Gheorghe Muresan,510000.00,1999,2000,NJN,Brooklyn Nets
11497,Gian Clavell,50000.00,2017,2018,DAL,Dallas Mavericks
9363,Giannis Antetokounmpo,1792560.00,2013,2014,MIL,Milwaukee Bucks
9803,Giannis Antetokounmpo,1873200.00,2014,2015,MIL,Milwaukee Bucks
10336,Giannis Antetokounmpo,1953960.00,2015,2016,MIL,Milwaukee Bucks
10923,Giannis Antetokounmpo,2995421.00,2016,2017,MIL,Milwaukee Bucks
11498,Giannis Antetokounmpo,22471910.00,2017,2018,MIL,Milwaukee Bucks
4281,Gilbert Arenas,332817.00,2001,2002,GSW,Golden State Warriors
4734,Gilbert Arenas,512435.00,2002,2003,GSW,Golden State Warriors
5149,Gilbert Arenas,8536000.00,2003,2004,WAS,Washington Wizards
5565,Gilbert Arenas,9389600.00,2004,2005,WAS,Washington Wizards
6006,Gilbert Arenas,10243200.00,2005,2006,WAS,Washington Wizards
6419,Gilbert Arenas,11096800.00,2006,2007,WAS,Washington Wizards
6814,Gilbert Arenas,11950400.00,2007,2008,WAS,Washington Wizards
7211,Gilbert Arenas,14653466.00,2008,2009,WAS,Washington Wizards
7643,Gilbert Arenas,16192080.00,2009,2010,WAS,Washington Wizards
8092,Gilbert Arenas,17730694.00,2010,2011,ORL,Orlando Magic
8509,Gilbert Arenas,19269307.00,2011,2012,ORL,Orlando Magic
8952,Gilbert Arenas,20807922.00,2012,2013,ORL,Orlando Magic
7212,Glen Davis,711517.00,2008,2009,BOS,Boston Celtic
7644,Glen Davis,3000000.00,2009,2010,BOS,Boston Celtic
8093,Glen Davis,3300000.00,2010,2011,BOS,Boston Celtic
8510,Glen Davis,6300000.00,2011,2012,ORL,Orlando Magic
8953,Glen Davis,6400000.00,2012,2013,ORL,Orlando Magic
9364,Glen Davis,6400000.00,2013,2014,ORL,Orlando Magic
9804,Glen Davis,6600000.00,2014,2015,ORL,Orlando Magic
9805,Glen Davis,1227985.00,2014,2015,LAC,Los Angeles Clippers
119,Glen Rice,1550000.00,1990,1991,MIA,Miami Heat
478,Glen Rice,1302000.00,1991,1992,MIA,Miami Heat
854,Glen Rice,1552000.00,1992,1993,MIA,Miami Heat
1239,Glen Rice,2002000.00,1993,1994,MIA,Miami Heat
1624,Glen Rice,2600000.00,1994,1995,MIA,Miami Heat
1995,Glen Rice,3302000.00,1995,1996,CHA,Charlotte Hornets
2748,Glen Rice,4702000.00,1997,1998,CHA,Charlotte Hornets
3131,Glen Rice,5248000.00,1998,1999,LAL,Los Angeles Lakers
3481,Glen Rice,7000000.00,1999,2000,LAL,Los Angeles Lakers
4282,Glen Rice,8800000.00,2001,2002,HOU,Houston Rockets
5150,Glen Rice,6815000.00,2003,2004,UTA,Utah Jazz
9806,Glen Rice,400000.00,2014,2015,WAS,Washington Wizards
1625,Glenn Robinson,2900000.00,1994,1995,MIL,Milwaukee Bucks
1996,Glenn Robinson,3770000.00,1995,1996,MIL,Milwaukee Bucks
2365,Glenn Robinson,4640000.00,1996,1997,MIL,Milwaukee Bucks
2749,Glenn Robinson,5510000.00,1997,1998,MIL,Milwaukee Bucks
3132,Glenn Robinson,6380000.00,1998,1999,MIL,Milwaukee Bucks
3482,Glenn Robinson,7250000.00,1999,2000,MIL,Milwaukee Bucks
3863,Glenn Robinson,8120000.00,2000,2001,MIL,Milwaukee Bucks
4283,Glenn Robinson,8990000.00,2001,2002,MIL,Milwaukee Bucks
4735,Glenn Robinson,9860000.00,2002,2003,ATL,Atlanta Hawks
5566,Glenn Robinson,12071250.00,2004,2005,PHI,Philadelphia 76ers
9807,Glenn Robinson,507336.00,2014,2015,PHI,Philadelphia 76ers
10337,Glenn Robinson,845000.00,2015,2016,IND,Indiana Pacers
10924,Glenn Robinson,1050500.00,2016,2017,IND,Indiana Pacers
11499,Glenn Robinson,1524305.00,2017,2018,IND,Indiana Pacers
2750,God Shammgod,242250.00,1997,1998,WAS,Washington Wizards
7213,Goran Dragic,1700000.00,2008,2009,PHO,Phoenix Suns
7645,Goran Dragic,1836000.00,2009,2010,PHO,Phoenix Suns
8094,Goran Dragic,1972000.00,2010,2011,HOU,Houston Rockets
8511,Goran Dragic,2108000.00,2011,2012,HOU,Houston Rockets
8954,Goran Dragic,7500000.00,2012,2013,PHO,Phoenix Suns
9365,Goran Dragic,7500000.00,2013,2014,PHO,Phoenix Suns
9808,Goran Dragic,7500000.00,2014,2015,MIA,Miami Heat
10338,Goran Dragic,14780000.00,2015,2016,MIA,Miami Heat
10925,Goran Dragic,15890000.00,2016,2017,MIA,Miami Heat
11500,Goran Dragic,17000450.00,2017,2018,MIA,Miami Heat
4736,Gordan Giricek,1400000.00,2002,2003,MEM,Memphis Grizzlies
5151,Gordan Giricek,1540000.00,2003,2004,ORL,Orlando Magic
5567,Gordan Giricek,4000000.00,2004,2005,UTA,Utah Jazz
6007,Gordan Giricek,4000000.00,2005,2006,UTA,Utah Jazz
8095,Gordon Hayward,2356320.00,2010,2011,UTA,Utah Jazz
8512,Gordon Hayward,2532960.00,2011,2012,UTA,Utah Jazz
8955,Gordon Hayward,2709720.00,2012,2013,UTA,Utah Jazz
9366,Gordon Hayward,3452183.00,2013,2014,UTA,Utah Jazz
9809,Gordon Hayward,14746000.00,2014,2015,UTA,Utah Jazz
10339,Gordon Hayward,15409570.00,2015,2016,UTA,Utah Jazz
10926,Gordon Hayward,16073140.00,2016,2017,UTA,Utah Jazz
11501,Gordon Hayward,29727900.00,2017,2018,BOS,Boston Celtic
9367,Gorgui Dieng,1352640.00,2013,2014,MIN,Minnesota Timberwolves
9810,Gorgui Dieng,1413480.00,2014,2015,MIN,Minnesota Timberwolves
10340,Gorgui Dieng,1474440.00,2015,2016,MIN,Minnesota Timberwolves
10927,Gorgui Dieng,2348783.00,2016,2017,MIN,Minnesota Timberwolves
11502,Gorgui Dieng,14112360.00,2017,2018,MIN,Minnesota Timberwolves
1626,Grant Hill,2750000.00,1994,1995,DET,Detroit Pistons
2366,Grant Hill,5025000.00,1996,1997,DET,Detroit Pistons
2751,Grant Hill,5850000.00,1997,1998,DET,Detroit Pistons
3133,Grant Hill,6675000.00,1998,1999,DET,Detroit Pistons
3483,Grant Hill,6939000.00,1999,2000,DET,Detroit Pistons
3864,Grant Hill,9660000.00,2000,2001,ORL,Orlando Magic
4284,Grant Hill,10865250.00,2001,2002,ORL,Orlando Magic
4737,Grant Hill,12072500.00,2002,2003,ORL,Orlando Magic
5152,Grant Hill,13279750.00,2003,2004,ORL,Orlando Magic
5568,Grant Hill,14487000.00,2004,2005,ORL,Orlando Magic
6008,Grant Hill,15694250.00,2005,2006,ORL,Orlando Magic
6420,Grant Hill,16901500.00,2006,2007,ORL,Orlando Magic
6815,Grant Hill,1830000.00,2007,2008,PHO,Phoenix Suns
7214,Grant Hill,1976400.00,2008,2009,PHO,Phoenix Suns
7646,Grant Hill,3000000.00,2009,2010,PHO,Phoenix Suns
8513,Grant Hill,6500000.00,2011,2012,PHO,Phoenix Suns
8956,Grant Hill,1975000.00,2012,2013,LAC,Los Angeles Clippers
9811,Grant Jerrett,816481.00,2014,2015,UTA,Utah Jazz
10341,Grant Jerrett,947276.00,2015,2016,UTA,Utah Jazz
120,Grant Long,300000.00,1990,1991,MIA,Miami Heat
479,Grant Long,252000.00,1991,1992,MIA,Miami Heat
855,Grant Long,1258000.00,1992,1993,MIA,Miami Heat
1240,Grant Long,1410000.00,1993,1994,MIA,Miami Heat
1627,Grant Long,1485300.00,1994,1995,ATL,Atlanta Hawks
1997,Grant Long,1860000.00,1995,1996,ATL,Atlanta Hawks
2367,Grant Long,2260000.00,1996,1997,DET,Detroit Pistons
2752,Grant Long,2610335.00,1997,1998,DET,Detroit Pistons
3134,Grant Long,2977000.00,1998,1999,ATL,Atlanta Hawks
3484,Grant Long,2000000.00,1999,2000,MEM,Memphis Grizzlies
3865,Grant Long,2200000.00,2000,2001,MEM,Memphis Grizzlies
4285,Grant Long,2400000.00,2001,2002,MEM,Memphis Grizzlies
121,Greg Anderson,1365000.00,1990,1991,DEN,Denver Nuggets
480,Greg Anderson,1465000.00,1991,1992,DEN,Denver Nuggets
1241,Greg Anderson,650000.00,1993,1994,DET,Detroit Pistons
1628,Greg Anderson,400000.00,1994,1995,DET,Detroit Pistons
1629,Greg Anderson,110000.00,1994,1995,ATL,Atlanta Hawks
1998,Greg Anderson,485000.00,1995,1996,SAS,San Antonio Spurs
2368,Greg Anderson,584000.00,1996,1997,SAS,San Antonio Spurs
2753,Greg Anderson,272250.00,1997,1998,ATL,Atlanta Hawks
481,Greg Anthony,865000.00,1991,1992,NYK,New York Knicks
856,Greg Anthony,1067000.00,1992,1993,NYK,New York Knicks
1242,Greg Anthony,1269000.00,1993,1994,NYK,New York Knicks
1630,Greg Anthony,1471000.00,1994,1995,NYK,New York Knicks
1999,Greg Anthony,1673000.00,1995,1996,MEM,Memphis Grizzlies
2369,Greg Anthony,1875000.00,1996,1997,MEM,Memphis Grizzlies
2754,Greg Anthony,272250.00,1997,1998,OKC,Oklahoma City Thunder
3866,Greg Anthony,3500000.00,2000,2001,POR,Portland Trail Blazers
4286,Greg Anthony,3000000.00,2001,2002,CHI,Chicago Bulls
4738,Greg Anthony,1500000.00,2002,2003,CHI,Chicago Bulls
3485,Greg Buckner,47647.00,1999,2000,DAL,Dallas Mavericks
3867,Greg Buckner,1100000.00,2000,2001,DAL,Dallas Mavericks
4287,Greg Buckner,1200000.00,2001,2002,DAL,Dallas Mavericks
5569,Greg Buckner,1777778.00,2004,2005,PHI,Philadelphia 76ers
6009,Greg Buckner,1925926.00,2005,2006,PHI,Philadelphia 76ers
6010,Greg Buckner,1670000.00,2005,2006,DEN,Denver Nuggets
6421,Greg Buckner,1941333.00,2006,2007,PHI,Philadelphia 76ers
6816,Greg Buckner,3750000.00,2007,2008,MIN,Minnesota Timberwolves
7215,Greg Buckner,4010005.00,2008,2009,MEM,Memphis Grizzlies
7647,Greg Buckner,1000000.00,2009,2010,DAL,Dallas Mavericks
122,Greg Dreiling,300000.00,1990,1991,IND,Indiana Pacers
482,Greg Dreiling,600000.00,1991,1992,IND,Indiana Pacers
857,Greg Dreiling,650000.00,1992,1993,IND,Indiana Pacers
1243,Greg Dreiling,300000.00,1993,1994,DAL,Dallas Mavericks
1631,Greg Dreiling,150000.00,1994,1995,CLE,Cleveland Caveliers
2370,Greg Dreiling,247500.00,1996,1997,DAL,Dallas Mavericks
123,Greg Foster,275000.00,1990,1991,WAS,Washington Wizards
483,Greg Foster,339000.00,1991,1992,WAS,Washington Wizards
858,Greg Foster,439000.00,1992,1993,WAS,Washington Wizards
1244,Greg Foster,250000.00,1993,1994,ATL,Atlanta Hawks
2000,Greg Foster,350000.00,1995,1996,UTA,Utah Jazz
2371,Greg Foster,420000.00,1996,1997,UTA,Utah Jazz
2755,Greg Foster,504000.00,1997,1998,UTA,Utah Jazz
3135,Greg Foster,588000.00,1998,1999,UTA,Utah Jazz
3486,Greg Foster,1603861.00,1999,2000,OKC,Oklahoma City Thunder
3868,Greg Foster,1760000.00,2000,2001,LAL,Los Angeles Lakers
4288,Greg Foster,1764247.00,2001,2002,MIL,Milwaukee Bucks
4739,Greg Foster,401951.00,2002,2003,TOR,Toronto Raptors 
1245,Greg Graham,700000.00,1993,1994,PHI,Philadelphia 76ers
1632,Greg Graham,910000.00,1994,1995,PHI,Philadelphia 76ers
2001,Greg Graham,1120000.00,1995,1996,NJN,Brooklyn Nets
2372,Greg Graham,1330000.00,1996,1997,OKC,Oklahoma City Thunder
2756,Greg Graham,1540000.00,1997,1998,CLE,Cleveland Caveliers
124,Greg Grant,300000.00,1990,1991,NYK,New York Knicks
859,Greg Grant,270000.00,1992,1993,PHI,Philadelphia 76ers
125,Greg Kite,480000.00,1990,1991,ORL,Orlando Magic
484,Greg Kite,700000.00,1991,1992,ORL,Orlando Magic
860,Greg Kite,775000.00,1992,1993,ORL,Orlando Magic
1246,Greg Kite,985000.00,1993,1994,ORL,Orlando Magic
1633,Greg Minor,250000.00,1994,1995,BOS,Boston Celtic
2002,Greg Minor,325000.00,1995,1996,BOS,Boston Celtic
2373,Greg Minor,1800000.00,1996,1997,BOS,Boston Celtic
2757,Greg Minor,2160000.00,1997,1998,BOS,Boston Celtic
3136,Greg Minor,2520000.00,1998,1999,BOS,Boston Celtic
3487,Greg Minor,2880000.00,1999,2000,BOS,Boston Celtic
3869,Greg Minor,3240000.00,2000,2001,BOS,Boston Celtic
8514,Greg Monroe,3007920.00,2011,2012,DET,Detroit Pistons
9368,Greg Monroe,4086454.00,2013,2014,DET,Detroit Pistons
9812,Greg Monroe,5479934.00,2014,2015,DET,Detroit Pistons
10342,Greg Monroe,16400000.00,2015,2016,MIL,Milwaukee Bucks
10928,Greg Monroe,17100000.00,2016,2017,MIL,Milwaukee Bucks
11503,Greg Monroe,17884176.00,2017,2018,PHO,Phoenix Suns
6817,Greg Oden,4662000.00,2007,2008,POR,Portland Trail Blazers
7216,Greg Oden,5011680.00,2008,2009,POR,Portland Trail Blazers
7648,Greg Oden,5361240.00,2009,2010,POR,Portland Trail Blazers
8096,Greg Oden,6760524.00,2010,2011,POR,Portland Trail Blazers
8515,Greg Oden,1500000.00,2011,2012,POR,Portland Trail Blazers
9369,Greg Oden,1027424.00,2013,2014,MIA,Miami Heat
2003,Greg Ostertag,498000.00,1995,1996,UTA,Utah Jazz
2374,Greg Ostertag,573000.00,1996,1997,UTA,Utah Jazz
2758,Greg Ostertag,647400.00,1997,1998,UTA,Utah Jazz
3137,Greg Ostertag,4333000.00,1998,1999,UTA,Utah Jazz
3870,Greg Ostertag,5200000.00,2000,2001,UTA,Utah Jazz
4289,Greg Ostertag,6933328.00,2001,2002,UTA,Utah Jazz
4740,Greg Ostertag,7799996.00,2002,2003,UTA,Utah Jazz
5153,Greg Ostertag,8666666.00,2003,2004,UTA,Utah Jazz
5570,Greg Ostertag,4000000.00,2004,2005,SAC,Sacramento Kings
6011,Greg Ostertag,4400000.00,2005,2006,UTA,Utah Jazz
8516,Greg Smith,301733.00,2011,2012,HOU,Houston Rockets
9370,Greg Smith,884293.00,2013,2014,HOU,Houston Rockets
9813,Greg Smith,948163.00,2014,2015,DAL,Dallas Mavericks
10343,Greg Smith,247623.00,2015,2016,MIN,Minnesota Timberwolves
8517,Greg Stiemsma,762195.00,2011,2012,BOS,Boston Celtic
8957,Greg Stiemsma,2575000.00,2012,2013,MIN,Minnesota Timberwolves
9371,Greg Stiemsma,2676000.00,2013,2014,NOH,New Orleans Pelicans
9814,Greg Stiemsma,981084.00,2014,2015,TOR,Toronto Raptors 
485,Greg Sutton,175000.00,1991,1992,SAS,San Antonio Spurs
1634,Greg Sutton,139500.00,1994,1995,CHA,Charlotte Hornets
2004,Greg Sutton,250000.00,1995,1996,CHA,Charlotte Hornets
8097,Greivis Vasquez,1035960.00,2010,2011,MEM,Memphis Grizzlies
8518,Greivis Vasquez,1113600.00,2011,2012,NOH,New Orleans Pelicans
8958,Greivis Vasquez,1191240.00,2012,2013,NOH,New Orleans Pelicans
9372,Greivis Vasquez,2150188.00,2013,2014,SAC,Sacramento Kings
9815,Greivis Vasquez,6400000.00,2014,2015,TOR,Toronto Raptors 
10344,Greivis Vasquez,6600000.00,2015,2016,MIL,Milwaukee Bucks
10929,Greivis Vasquez,4347826.00,2016,2017,NJN,Brooklyn Nets
11504,Guerschon Yabusele,2247480.00,2017,2018,BOS,Boston Celtic
6818,Guillermo Diaz,56065.00,2007,2008,LAC,Los Angeles Clippers
1247,Gundars Vetra,300000.00,1993,1994,MIN,Minnesota Timberwolves
8519,Gustavo Ayon,1567500.00,2011,2012,NOH,New Orleans Pelicans
8959,Gustavo Ayon,1500000.00,2012,2013,MIL,Milwaukee Bucks
9373,Gustavo Ayon,1500000.00,2013,2014,ATL,Atlanta Hawks
4741,Guy Rucker,34946.00,2002,2003,GSW,Golden State Warriors
6012,Ha Seung-Jin,641748.00,2005,2006,POR,Portland Trail Blazers
6422,Ha Seung-Jin,744551.00,2006,2007,MIL,Milwaukee Bucks
126,Hakeem Olajuwon,3175000.00,1990,1991,HOU,Houston Rockets
486,Hakeem Olajuwon,3170000.00,1991,1992,HOU,Houston Rockets
1248,Hakeem Olajuwon,3170000.00,1993,1994,HOU,Houston Rockets
1635,Hakeem Olajuwon,3169900.00,1994,1995,HOU,Houston Rockets
2005,Hakeem Olajuwon,5305000.00,1995,1996,HOU,Houston Rockets
2375,Hakeem Olajuwon,9655000.00,1996,1997,HOU,Houston Rockets
3138,Hakeem Olajuwon,12943000.00,1998,1999,HOU,Houston Rockets
3488,Hakeem Olajuwon,14302001.00,1999,2000,HOU,Houston Rockets
3871,Hakeem Olajuwon,16700000.00,2000,2001,HOU,Houston Rockets
4290,Hakeem Olajuwon,5061539.00,2001,2002,TOR,Toronto Raptors 
4742,Hakeem Olajuwon,5694231.00,2002,2003,TOR,Toronto Raptors 
5154,Hakeem Olajuwon,6326923.00,2003,2004,TOR,Toronto Raptors 
6013,Hakim Warrick,1196520.00,2005,2006,MEM,Memphis Grizzlies
6423,Hakim Warrick,1286280.00,2006,2007,MEM,Memphis Grizzlies
6819,Hakim Warrick,1376040.00,2007,2008,MEM,Memphis Grizzlies
7217,Hakim Warrick,2119102.00,2008,2009,MEM,Memphis Grizzlies
7649,Hakim Warrick,3000000.00,2009,2010,CHI,Chicago Bulls
8520,Hakim Warrick,4000000.00,2011,2012,PHO,Phoenix Suns
8960,Hakim Warrick,4000000.00,2012,2013,ORL,Orlando Magic
8098,Hamady N\'Diaye,473604.00,2010,2011,WAS,Washington Wizards
8521,Hamady N\'Diaye,270427.00,2011,2012,WAS,Washington Wizards
7218,Hamed Haddadi,1572221.00,2008,2009,MEM,Memphis Grizzlies
7650,Hamed Haddadi,1627779.00,2009,2010,MEM,Memphis Grizzlies
8099,Hamed Haddadi,1600000.00,2010,2011,MEM,Memphis Grizzlies
8522,Hamed Haddadi,1300000.00,2011,2012,MEM,Memphis Grizzlies
8961,Hamed Haddadi,1300000.00,2012,2013,PHO,Phoenix Suns
9374,Hamed Haddadi,200000.00,2013,2014,PHO,Phoenix Suns
3872,Hanno Mottola,316969.00,2000,2001,ATL,Atlanta Hawks
4291,Hanno Mottola,465850.00,2001,2002,ATL,Atlanta Hawks
1636,Harold Ellis,250000.00,1994,1995,LAC,Los Angeles Clippers
4292,Harold Jamison,600000.00,2001,2002,LAC,Los Angeles Clippers
861,Harold Miner,912000.00,1992,1993,MIA,Miami Heat
1249,Harold Miner,1186000.00,1993,1994,MIA,Miami Heat
1637,Harold Miner,1459000.00,1994,1995,MIA,Miami Heat
2006,Harold Miner,1733000.00,1995,1996,CLE,Cleveland Caveliers
8962,Harrison Barnes,2798040.00,2012,2013,GSW,Golden State Warriors
9375,Harrison Barnes,2923920.00,2013,2014,GSW,Golden State Warriors
9816,Harrison Barnes,3049920.00,2014,2015,GSW,Golden State Warriors
10345,Harrison Barnes,3873398.00,2015,2016,GSW,Golden State Warriors
10930,Harrison Barnes,22116750.00,2016,2017,DAL,Dallas Mavericks
11505,Harrison Barnes,23112004.00,2017,2018,DAL,Dallas Mavericks
11506,Harry Giles,1859400.00,2017,2018,SAC,Sacramento Kings
127,Harvey Grant,475000.00,1990,1991,WAS,Washington Wizards
487,Harvey Grant,450000.00,1991,1992,WAS,Washington Wizards
862,Harvey Grant,1625000.00,1992,1993,WAS,Washington Wizards
1250,Harvey Grant,2429000.00,1993,1994,POR,Portland Trail Blazers
1638,Harvey Grant,2990000.00,1994,1995,POR,Portland Trail Blazers
2007,Harvey Grant,3551000.00,1995,1996,POR,Portland Trail Blazers
2376,Harvey Grant,4111000.00,1996,1997,WAS,Washington Wizards
2759,Harvey Grant,4671875.00,1997,1998,WAS,Washington Wizards
3139,Harvey Grant,1000000.00,1998,1999,PHI,Philadelphia 76ers
7651,Hasheem Thabeet,4458840.00,2009,2010,MEM,Memphis Grizzlies
8100,Hasheem Thabeet,4793280.00,2010,2011,HOU,Houston Rockets
8523,Hasheem Thabeet,5127720.00,2011,2012,HOU,Houston Rockets
8963,Hasheem Thabeet,1200000.00,2012,2013,OKC,Oklahoma City Thunder
9376,Hasheem Thabeet,1200000.00,2013,2014,OKC,Oklahoma City Thunder
6424,Hassan Adams,412718.00,2006,2007,NJN,Brooklyn Nets
7219,Hassan Adams,297163.00,2008,2009,LAC,Los Angeles Clippers
8101,Hassan Whiteside,730437.00,2010,2011,SAC,Sacramento Kings
8524,Hassan Whiteside,762195.00,2011,2012,SAC,Sacramento Kings
9817,Hassan Whiteside,769881.00,2014,2015,MIA,Miami Heat
10346,Hassan Whiteside,981348.00,2015,2016,MIA,Miami Heat
10931,Hassan Whiteside,22116750.00,2016,2017,MIA,Miami Heat
11507,Hassan Whiteside,23775506.00,2017,2018,MIA,Miami Heat
128,Haywoode Workman,120000.00,1990,1991,WAS,Washington Wizards
488,Haywoode Workman,250000.00,1991,1992,WAS,Washington Wizards
1251,Haywoode Workman,320000.00,1993,1994,IND,Indiana Pacers
2008,Haywoode Workman,900000.00,1995,1996,IND,Indiana Pacers
2377,Haywoode Workman,1080000.00,1996,1997,IND,Indiana Pacers
3140,Haywoode Workman,600000.00,1998,1999,MIL,Milwaukee Bucks
3489,Haywoode Workman,510000.00,1999,2000,MIL,Milwaukee Bucks
3873,Hedo Turkoglu,1131240.00,2000,2001,SAC,Sacramento Kings
4293,Hedo Turkoglu,1216080.00,2001,2002,SAC,Sacramento Kings
4743,Hedo Turkoglu,1300920.00,2002,2003,SAC,Sacramento Kings
5155,Hedo Turkoglu,1995611.00,2003,2004,SAS,San Antonio Spurs
5571,Hedo Turkoglu,4903000.00,2004,2005,ORL,Orlando Magic
6014,Hedo Turkoglu,5393300.00,2005,2006,ORL,Orlando Magic
6425,Hedo Turkoglu,5883600.00,2006,2007,ORL,Orlando Magic
6820,Hedo Turkoglu,6373900.00,2007,2008,ORL,Orlando Magic
7220,Hedo Turkoglu,6864200.00,2008,2009,ORL,Orlando Magic
7652,Hedo Turkoglu,9000000.00,2009,2010,TOR,Toronto Raptors 
8102,Hedo Turkoglu,10215850.00,2010,2011,ORL,Orlando Magic
8525,Hedo Turkoglu,11015850.00,2011,2012,ORL,Orlando Magic
8964,Hedo Turkoglu,11815850.00,2012,2013,ORL,Orlando Magic
9377,Hedo Turkoglu,12000000.00,2013,2014,ORL,Orlando Magic
9818,Hedo Turkoglu,1448490.00,2014,2015,LAC,Los Angeles Clippers
10932,Henry Ellenson,1704120.00,2016,2017,DET,Detroit Pistons
11508,Henry Ellenson,1780800.00,2017,2018,DET,Detroit Pistons
129,Henry James,75000.00,1990,1991,CLE,Cleveland Caveliers
489,Henry James,477000.00,1991,1992,CLE,Cleveland Caveliers
863,Henry James,477000.00,1992,1993,CLE,Cleveland Caveliers
1252,Henry James,150000.00,1993,1994,LAC,Los Angeles Clippers
2378,Henry James,181100.00,1996,1997,ATL,Atlanta Hawks
2760,Henry James,1000000.00,1997,1998,CLE,Cleveland Caveliers
9819,Henry Sims,915243.00,2014,2015,PHI,Philadelphia 76ers
10347,Henry Sims,161622.00,2015,2016,NJN,Brooklyn Nets
10933,Henry Sims,75000.00,2016,2017,UTA,Utah Jazz
1639,Henry Turner,180000.00,1994,1995,SAC,Sacramento Kings
9820,Henry Walker,115422.00,2014,2015,MIA,Miami Heat
130,Herb Williams,1000000.00,1990,1991,DAL,Dallas Mavericks
490,Herb Williams,1183000.00,1991,1992,DAL,Dallas Mavericks
864,Herb Williams,430000.00,1992,1993,NYK,New York Knicks
1253,Herb Williams,1600000.00,1993,1994,NYK,New York Knicks
1640,Herb Williams,1000000.00,1994,1995,NYK,New York Knicks
2009,Herb Williams,1300000.00,1995,1996,NYK,New York Knicks
2379,Herb Williams,757000.00,1996,1997,NYK,New York Knicks
2761,Herb Williams,766667.00,1997,1998,NYK,New York Knicks
3141,Herb Williams,1000000.00,1998,1999,NYK,New York Knicks
131,Hersey Hawkins,1000000.00,1990,1991,PHI,Philadelphia 76ers
491,Hersey Hawkins,805000.00,1991,1992,PHI,Philadelphia 76ers
865,Hersey Hawkins,2400000.00,1992,1993,PHI,Philadelphia 76ers
1254,Hersey Hawkins,2400000.00,1993,1994,CHA,Charlotte Hornets
1641,Hersey Hawkins,2500000.00,1994,1995,CHA,Charlotte Hornets
2010,Hersey Hawkins,2500000.00,1995,1996,OKC,Oklahoma City Thunder
2380,Hersey Hawkins,2604000.00,1996,1997,OKC,Oklahoma City Thunder
2762,Hersey Hawkins,3124100.00,1997,1998,OKC,Oklahoma City Thunder
3142,Hersey Hawkins,3644000.00,1998,1999,OKC,Oklahoma City Thunder
3874,Hersey Hawkins,3560000.00,2000,2001,CHI,Chicago Bulls
3875,Hersey Hawkins,1200000.00,2000,2001,CHA,Charlotte Hornets
6426,Hilton Armstrong,1767600.00,2006,2007,NOH,New Orleans Pelicans
6821,Hilton Armstrong,1900200.00,2007,2008,NOH,New Orleans Pelicans
7221,Hilton Armstrong,2032800.00,2008,2009,NOH,New Orleans Pelicans
7653,Hilton Armstrong,2801198.00,2009,2010,HOU,Houston Rockets
8103,Hilton Armstrong,992680.00,2010,2011,ATL,Atlanta Hawks
9821,Hollis Thompson,816482.00,2014,2015,PHI,Philadelphia 76ers
10348,Hollis Thompson,947276.00,2015,2016,PHI,Philadelphia 76ers
10934,Hollis Thompson,442126.00,2016,2017,PHI,Philadelphia 76ers
10935,Hollis Thompson,119494.00,2016,2017,NOH,New Orleans Pelicans
132,Horace Grant,1000000.00,1990,1991,CHI,Chicago Bulls
492,Horace Grant,1750000.00,1991,1992,CHI,Chicago Bulls
866,Horace Grant,1900000.00,1992,1993,CHI,Chicago Bulls
1255,Horace Grant,1950000.00,1993,1994,CHI,Chicago Bulls
2011,Horace Grant,2763000.00,1995,1996,ORL,Orlando Magic
2381,Horace Grant,14857000.00,1996,1997,ORL,Orlando Magic
2763,Horace Grant,14285714.00,1997,1998,ORL,Orlando Magic
3143,Horace Grant,7843000.00,1998,1999,ORL,Orlando Magic
3490,Horace Grant,5952381.00,1999,2000,OKC,Oklahoma City Thunder
3876,Horace Grant,6500000.00,2000,2001,LAL,Los Angeles Lakers
4294,Horace Grant,2419580.00,2001,2002,ORL,Orlando Magic
4744,Horace Grant,2661538.00,2002,2003,ORL,Orlando Magic
5156,Horace Grant,1070000.00,2003,2004,LAL,Los Angeles Lakers
5572,Horace Jenkins,385277.00,2004,2005,DET,Detroit Pistons
2764,Horacio Llamas Grey,272250.00,1997,1998,PHO,Phoenix Suns
3144,Horacio Llamas Grey,425000.00,1998,1999,PHO,Phoenix Suns
133,Hot Rod Williams,3785000.00,1990,1991,CLE,Cleveland Caveliers
493,Hot Rod Williams,3786000.00,1991,1992,CLE,Cleveland Caveliers
867,Hot Rod Williams,3786000.00,1992,1993,CLE,Cleveland Caveliers
1256,Hot Rod Williams,3786000.00,1993,1994,CLE,Cleveland Caveliers
1642,Hot Rod Williams,3786000.00,1994,1995,CLE,Cleveland Caveliers
2012,Hot Rod Williams,4151000.00,1995,1996,PHO,Phoenix Suns
2382,Hot Rod Williams,4151000.00,1996,1997,PHO,Phoenix Suns
2765,Hot Rod Williams,4550000.00,1997,1998,PHO,Phoenix Suns
3145,Hot Rod Williams,1750000.00,1998,1999,DAL,Dallas Mavericks
3491,Hot Rod Williams,1925000.00,1999,2000,DAL,Dallas Mavericks
3877,Hot Rod Williams,2100000.00,2000,2001,BOS,Boston Celtic
2383,Howard Eisley,298000.00,1996,1997,UTA,Utah Jazz
2766,Howard Eisley,1240000.00,1997,1998,UTA,Utah Jazz
3146,Howard Eisley,1400000.00,1998,1999,UTA,Utah Jazz
3878,Howard Eisley,4250000.00,2000,2001,DAL,Dallas Mavericks
4295,Howard Eisley,4781250.00,2001,2002,NYK,New York Knicks
4745,Howard Eisley,5312500.00,2002,2003,NYK,New York Knicks
5157,Howard Eisley,5843750.00,2003,2004,NYK,New York Knicks
5573,Howard Eisley,5201923.00,2004,2005,PHO,Phoenix Suns
5574,Howard Eisley,1100000.00,2004,2005,UTA,Utah Jazz
6015,Howard Eisley,291567.00,2005,2006,LAC,Los Angeles Clippers
6427,Howard Eisley,162660.00,2006,2007,PHO,Phoenix Suns
868,Howard Wright,5000.00,1992,1993,ORL,Orlando Magic
869,Hubert Davis,588000.00,1992,1993,NYK,New York Knicks
1257,Hubert Davis,764000.00,1993,1994,NYK,New York Knicks
1643,Hubert Davis,940000.00,1994,1995,NYK,New York Knicks
2013,Hubert Davis,1116000.00,1995,1996,NYK,New York Knicks
2384,Hubert Davis,1295000.00,1996,1997,TOR,Toronto Raptors 
3147,Hubert Davis,645000.00,1998,1999,DAL,Dallas Mavericks
3492,Hubert Davis,752500.00,1999,2000,DAL,Dallas Mavericks
3879,Hubert Davis,2100000.00,2000,2001,DAL,Dallas Mavericks
4296,Hubert Davis,2418750.00,2001,2002,WAS,Washington Wizards
4746,Hubert Davis,2687500.00,2002,2003,DET,Detroit Pistons
5158,Hubert Davis,2956250.00,2003,2004,DET,Detroit Pistons
9822,Ian Clark,816482.00,2014,2015,DEN,Denver Nuggets
10349,Ian Clark,947276.00,2015,2016,GSW,Golden State Warriors
10936,Ian Clark,1015696.00,2016,2017,GSW,Golden State Warriors
11509,Ian Clark,1577230.00,2017,2018,NOH,New Orleans Pelicans
134,Ian Lockhart,130000.00,1990,1991,PHO,Phoenix Suns
494,Ian Lockhart,263000.00,1991,1992,PHO,Phoenix Suns
6822,Ian Mahinmi,938760.00,2007,2008,SAS,San Antonio Spurs
7222,Ian Mahinmi,1009200.00,2008,2009,SAS,San Antonio Spurs
7654,Ian Mahinmi,1079640.00,2009,2010,SAS,San Antonio Spurs
8104,Ian Mahinmi,762196.00,2010,2011,DAL,Dallas Mavericks
8965,Ian Mahinmi,4000000.00,2012,2013,IND,Indiana Pacers
9378,Ian Mahinmi,4000000.00,2013,2014,IND,Indiana Pacers
9823,Ian Mahinmi,4000000.00,2014,2015,IND,Indiana Pacers
10350,Ian Mahinmi,4000000.00,2015,2016,IND,Indiana Pacers
10937,Ian Mahinmi,15944154.00,2016,2017,WAS,Washington Wizards
11510,Ian Mahinmi,16661641.00,2017,2018,WAS,Washington Wizards
5575,Ibo Kutluay,1600000.00,2004,2005,OKC,Oklahoma City Thunder
6016,Ibo Kutluay,1760000.00,2005,2006,OKC,Oklahoma City Thunder
4747,Igor Rakocevic,349458.00,2002,2003,MIN,Minnesota Timberwolves
11511,Ike Anigbogu,950000.00,2017,2018,IND,Indiana Pacers
6017,Ike Diogu,1988160.00,2005,2006,GSW,Golden State Warriors
6823,Ike Diogu,2286360.00,2007,2008,IND,Indiana Pacers
7223,Ike Diogu,2912823.00,2008,2009,SAC,Sacramento Kings
7655,Ike Diogu,884881.00,2009,2010,NOH,New Orleans Pelicans
8105,Ike Diogu,608772.00,2010,2011,LAC,Los Angeles Clippers
8526,Ike Diogu,64028.00,2011,2012,SAS,San Antonio Spurs
8527,Iman Shumpert,1563120.00,2011,2012,NYK,New York Knicks
8966,Iman Shumpert,1680360.00,2012,2013,NYK,New York Knicks
9379,Iman Shumpert,1703760.00,2013,2014,NYK,New York Knicks
9824,Iman Shumpert,2616975.00,2014,2015,CLE,Cleveland Caveliers
10351,Iman Shumpert,9000000.00,2015,2016,CLE,Cleveland Caveliers
10938,Iman Shumpert,9700000.00,2016,2017,CLE,Cleveland Caveliers
11512,Iman Shumpert,10337079.00,2017,2018,CLE,Cleveland Caveliers
6428,Ime Udoka,744551.00,2006,2007,POR,Portland Trail Blazers
6824,Ime Udoka,1000000.00,2007,2008,SAS,San Antonio Spurs
7224,Ime Udoka,1080000.00,2008,2009,SAS,San Antonio Spurs
7656,Ime Udoka,838034.00,2009,2010,SAC,Sacramento Kings
8106,Ime Udoka,264232.00,2010,2011,SAS,San Antonio Spurs
3493,Ira Bowman,4529.00,1999,2000,DAL,Dallas Mavericks
4297,Ira Bowman,19787.00,2001,2002,PHI,Philadelphia 76ers
4748,Ira Newble,587435.00,2002,2003,ATL,Atlanta Hawks
5159,Ira Newble,2458500.00,2003,2004,CLE,Cleveland Caveliers
5576,Ira Newble,2704350.00,2004,2005,CLE,Cleveland Caveliers
6018,Ira Newble,2950200.00,2005,2006,CLE,Cleveland Caveliers
6429,Ira Newble,3196050.00,2006,2007,CLE,Cleveland Caveliers
6825,Ira Newble,3441900.00,2007,2008,OKC,Oklahoma City Thunder
135,Irving Thomas,120000.00,1990,1991,LAL,Los Angeles Lakers
495,Isaac Austin,130000.00,1991,1992,UTA,Utah Jazz
870,Isaac Austin,400000.00,1992,1993,UTA,Utah Jazz
1258,Isaac Austin,450000.00,1993,1994,UTA,Utah Jazz
2385,Isaac Austin,247500.00,1996,1997,MIA,Miami Heat
3148,Isaac Austin,5000000.00,1998,1999,ORL,Orlando Magic
3494,Isaac Austin,4819451.00,1999,2000,WAS,Washington Wizards
3880,Isaac Austin,5500000.00,2000,2001,MEM,Memphis Grizzlies
4298,Isaac Austin,5695715.00,2001,2002,MEM,Memphis Grizzlies
9825,Isaiah Canaan,816482.00,2014,2015,PHI,Philadelphia 76ers
10352,Isaiah Canaan,947276.00,2015,2016,PHI,Philadelphia 76ers
10939,Isaiah Canaan,1015696.00,2016,2017,CHI,Chicago Bulls
11513,Isaiah Canaan,200000.00,2017,2018,CHI,Chicago Bulls
11514,Isaiah Canaan,53465.00,2017,2018,HOU,Houston Rockets
10940,Isaiah Cousins,100000.00,2016,2017,SAC,Sacramento Kings
871,Isaiah Morris,140000.00,1992,1993,DET,Detroit Pistons
1259,Isaiah Rider,2000000.00,1993,1994,MIN,Minnesota Timberwolves
2014,Isaiah Rider,3010000.00,1995,1996,MIN,Minnesota Timberwolves
2386,Isaiah Rider,3610000.00,1996,1997,POR,Portland Trail Blazers
2767,Isaiah Rider,4210000.00,1997,1998,POR,Portland Trail Blazers
3495,Isaiah Rider,5410000.00,1999,2000,ATL,Atlanta Hawks
3881,Isaiah Rider,736000.00,2000,2001,LAL,Los Angeles Lakers
4299,Isaiah Rider,112797.00,2001,2002,DEN,Denver Nuggets
10941,Isaiah Taylor,305000.00,2016,2017,HOU,Houston Rockets
11515,Isaiah Taylor,1312611.00,2017,2018,ATL,Atlanta Hawks
8528,Isaiah Thomas,473604.00,2011,2012,SAC,Sacramento Kings
8967,Isaiah Thomas,762195.00,2012,2013,SAC,Sacramento Kings
9380,Isaiah Thomas,884293.00,2013,2014,SAC,Sacramento Kings
9826,Isaiah Thomas,7238606.00,2014,2015,BOS,Boston Celtic
10353,Isaiah Thomas,6912869.00,2015,2016,BOS,Boston Celtic
10942,Isaiah Thomas,6587132.00,2016,2017,BOS,Boston Celtic
11516,Isaiah Thomas,6261395.00,2017,2018,CLE,Cleveland Caveliers
10943,Isaiah Whitehead,1074145.00,2016,2017,NJN,Brooklyn Nets
11517,Isaiah Whitehead,1312611.00,2017,2018,NJN,Brooklyn Nets
9827,Ish Smith,981084.00,2014,2015,HOU,Houston Rockets
9828,Ish Smith,981084.00,2014,2015,PHI,Philadelphia 76ers
10354,Ish Smith,1100602.00,2015,2016,PHI,Philadelphia 76ers
10944,Ish Smith,6000000.00,2016,2017,DET,Detroit Pistons
11518,Ish Smith,6000000.00,2017,2018,DET,Detroit Pistons
8107,Ishmael Smith,473604.00,2010,2011,MEM,Memphis Grizzlies
8529,Ishmael Smith,522486.00,2011,2012,ORL,Orlando Magic
8530,Ishmael Smith,116768.00,2011,2012,GSW,Golden State Warriors
8968,Ishmael Smith,854389.00,2012,2013,MIL,Milwaukee Bucks
9381,Ishmael Smith,951463.00,2013,2014,MIL,Milwaukee Bucks
136,Isiah Thomas,2720000.00,1990,1991,DET,Detroit Pistons
872,Isiah Thomas,2272000.00,1992,1993,DET,Detroit Pistons
1260,Isiah Thomas,2520000.00,1993,1994,DET,Detroit Pistons
8531,Ivan Johnson,473604.00,2011,2012,ATL,Atlanta Hawks
8969,Ivan Johnson,962195.00,2012,2013,ATL,Atlanta Hawks
9829,Ivan Johnson,25000.00,2014,2015,DAL,Dallas Mavericks
11519,Ivan Rabb,950000.00,2017,2018,MEM,Memphis Grizzlies
1644,Ivano Newbill,150000.00,1994,1995,DET,Detroit Pistons
2387,Ivano Newbill,247500.00,1996,1997,ATL,Atlanta Hawks
2768,Ivano Newbill,272250.00,1997,1998,MEM,Memphis Grizzlies
10945,Ivica Zubac,1034956.00,2016,2017,LAL,Los Angeles Lakers
11520,Ivica Zubac,1312611.00,2017,2018,LAL,Los Angeles Lakers
10355,J.J. Barea,4000000.00,2015,2016,DAL,Dallas Mavericks
10946,J.J. Barea,4096950.00,2016,2017,DAL,Dallas Mavericks
11521,J.J. Barea,3903900.00,2017,2018,DAL,Dallas Mavericks
7225,J.J. Hickson,1329480.00,2008,2009,CLE,Cleveland Caveliers
7657,J.J. Hickson,1429200.00,2009,2010,CLE,Cleveland Caveliers
8108,J.J. Hickson,1528920.00,2010,2011,CLE,Cleveland Caveliers
8532,J.J. Hickson,2354537.00,2011,2012,SAC,Sacramento Kings
8970,J.J. Hickson,4000000.00,2012,2013,POR,Portland Trail Blazers
9382,J.J. Hickson,5150000.00,2013,2014,DEN,Denver Nuggets
9830,J.J. Hickson,5381750.00,2014,2015,DEN,Denver Nuggets
10356,J.J. Hickson,5613500.00,2015,2016,DEN,Denver Nuggets
10357,J.J. Hickson,366337.00,2015,2016,WAS,Washington Wizards
10358,J.J. O\'Brien,105888.00,2015,2016,UTA,Utah Jazz
6430,J.J. Redick,1860720.00,2006,2007,ORL,Orlando Magic
6826,J.J. Redick,2000160.00,2007,2008,ORL,Orlando Magic
7226,J.J. Redick,2139720.00,2008,2009,ORL,Orlando Magic
7658,J.J. Redick,2839408.00,2009,2010,ORL,Orlando Magic
8109,J.J. Redick,7250000.00,2010,2011,ORL,Orlando Magic
8533,J.J. Redick,6750000.00,2011,2012,ORL,Orlando Magic
8971,J.J. Redick,6190000.00,2012,2013,MIL,Milwaukee Bucks
9383,J.J. Redick,6300000.00,2013,2014,LAC,Los Angeles Clippers
9831,J.J. Redick,6583500.00,2014,2015,LAC,Los Angeles Clippers
10359,J.J. Redick,6867000.00,2015,2016,LAC,Los Angeles Clippers
10947,J.J. Redick,7377500.00,2016,2017,LAC,Los Angeles Clippers
11522,J.J. Redick,23000000.00,2017,2018,PHI,Philadelphia 76ers
10948,J.P. Tokoto,100000.00,2016,2017,NYK,New York Knicks
4749,J.R. Bremer,349458.00,2002,2003,BOS,Boston Celtic
5160,J.R. Bremer,563679.00,2003,2004,CLE,Cleveland Caveliers
7227,J.R. Giddens,957120.00,2008,2009,BOS,Boston Celtic
7659,J.R. Giddens,1028880.00,2009,2010,NYK,New York Knicks
3149,J.R. Henderson,287500.00,1998,1999,MEM,Memphis Grizzlies
137,J.R. Reid,1250000.00,1990,1991,CHA,Charlotte Hornets
496,J.R. Reid,1250000.00,1991,1992,CHA,Charlotte Hornets
873,J.R. Reid,1250000.00,1992,1993,SAS,San Antonio Spurs
1261,J.R. Reid,1818000.00,1993,1994,SAS,San Antonio Spurs
1645,J.R. Reid,2215000.00,1994,1995,SAS,San Antonio Spurs
2015,J.R. Reid,2658000.00,1995,1996,SAS,San Antonio Spurs
2769,J.R. Reid,650000.00,1997,1998,CHA,Charlotte Hornets
3150,J.R. Reid,780000.00,1998,1999,LAL,Los Angeles Lakers
3496,J.R. Reid,2000000.00,1999,2000,MIL,Milwaukee Bucks
3882,J.R. Reid,2200000.00,2000,2001,CLE,Cleveland Caveliers
4750,J.R. Reid,800000.00,2002,2003,CLE,Cleveland Caveliers
5577,J.R. Smith,1206600.00,2004,2005,NOH,New Orleans Pelicans
6019,J.R. Smith,1297080.00,2005,2006,NOH,New Orleans Pelicans
6827,J.R. Smith,2134067.00,2007,2008,DEN,Denver Nuggets
7228,J.R. Smith,4985001.00,2008,2009,DEN,Denver Nuggets
7660,J.R. Smith,5508426.00,2009,2010,DEN,Denver Nuggets
8110,J.R. Smith,6757851.00,2010,2011,DEN,Denver Nuggets
8534,J.R. Smith,2382353.00,2011,2012,NYK,New York Knicks
8972,J.R. Smith,2806452.00,2012,2013,NYK,New York Knicks
9384,J.R. Smith,5565000.00,2013,2014,NYK,New York Knicks
9832,J.R. Smith,6516000.00,2014,2015,CLE,Cleveland Caveliers
10360,J.R. Smith,5000000.00,2015,2016,CLE,Cleveland Caveliers
10949,J.R. Smith,12800000.00,2016,2017,CLE,Cleveland Caveliers
11523,J.R. Smith,13760000.00,2017,2018,CLE,Cleveland Caveliers
9833,Jabari Brown,44765.00,2014,2015,LAL,Los Angeles Lakers
9834,Jabari Parker,4930560.00,2014,2015,MIL,Milwaukee Bucks
10361,Jabari Parker,5152440.00,2015,2016,MIL,Milwaukee Bucks
10950,Jabari Parker,5374320.00,2016,2017,MIL,Milwaukee Bucks
11524,Jabari Parker,6782392.00,2017,2018,MIL,Milwaukee Bucks
3883,Jabari Smith,316969.00,2000,2001,SAC,Sacramento Kings
4300,Jabari Smith,465850.00,2001,2002,SAC,Sacramento Kings
5161,Jabari Smith,638679.00,2003,2004,SAC,Sacramento Kings
5578,Jabari Smith,720046.00,2004,2005,NJN,Brooklyn Nets
9835,Jack Cooley,187357.00,2014,2015,UTA,Utah Jazz
138,Jack Haley,360000.00,1990,1991,NJN,Brooklyn Nets
497,Jack Haley,300000.00,1991,1992,LAL,Los Angeles Lakers
874,Jack Haley,390000.00,1992,1993,LAL,Los Angeles Lakers
1262,Jack Haley,390000.00,1993,1994,LAL,Los Angeles Lakers
1646,Jack Haley,150000.00,1994,1995,SAS,San Antonio Spurs
2016,Jack Haley,225000.00,1995,1996,CHI,Chicago Bulls
2770,Jack Haley,272250.00,1997,1998,NJN,Brooklyn Nets
3497,Jack Haley,510000.00,1999,2000,NJN,Brooklyn Nets
139,Jack Sikma,1600000.00,1990,1991,MIL,Milwaukee Bucks
6020,Jackie Butler,398762.00,2005,2006,NYK,New York Knicks
6431,Jackie Butler,2200000.00,2006,2007,SAS,San Antonio Spurs
7229,Jackie Butler,2552000.00,2008,2009,HOU,Houston Rockets
5579,Jackson Vroman,385277.00,2004,2005,PHO,Phoenix Suns
6021,Jackson Vroman,682051.00,2005,2006,NOH,New Orleans Pelicans
2771,Jacque Vaughn,601320.00,1997,1998,UTA,Utah Jazz
3151,Jacque Vaughn,691560.00,1998,1999,UTA,Utah Jazz
3884,Jacque Vaughn,1500000.00,2000,2001,UTA,Utah Jazz
4301,Jacque Vaughn,590850.00,2001,2002,ATL,Atlanta Hawks
4751,Jacque Vaughn,699935.00,2002,2003,ORL,Orlando Magic
5162,Jacque Vaughn,813679.00,2003,2004,ATL,Atlanta Hawks
5580,Jacque Vaughn,932546.00,2004,2005,NJN,Brooklyn Nets
6022,Jacque Vaughn,1094550.00,2005,2006,NJN,Brooklyn Nets
6432,Jacque Vaughn,1071225.00,2006,2007,SAS,San Antonio Spurs
6828,Jacque Vaughn,1219950.00,2007,2008,SAS,San Antonio Spurs
7230,Jacque Vaughn,1262275.00,2008,2009,SAS,San Antonio Spurs
8973,Jae Crowder,600491.00,2012,2013,DAL,Dallas Mavericks
9385,Jae Crowder,788872.00,2013,2014,DAL,Dallas Mavericks
9836,Jae Crowder,915243.00,2014,2015,BOS,Boston Celtic
10362,Jae Crowder,6000000.00,2015,2016,BOS,Boston Celtic
10951,Jae Crowder,6286408.00,2016,2017,BOS,Boston Celtic
11525,Jae Crowder,6796117.00,2017,2018,CLE,Cleveland Caveliers
3498,Jahidi White,385000.00,1999,2000,WAS,Washington Wizards
3885,Jahidi White,3922000.00,2000,2001,WAS,Washington Wizards
4302,Jahidi White,4413375.00,2001,2002,WAS,Washington Wizards
4752,Jahidi White,4903750.00,2002,2003,WAS,Washington Wizards
5163,Jahidi White,5676091.00,2003,2004,PHO,Phoenix Suns
10363,Jahlil Okafor,4582680.00,2015,2016,PHI,Philadelphia 76ers
10952,Jahlil Okafor,4788840.00,2016,2017,PHI,Philadelphia 76ers
11526,Jahlil Okafor,4995120.00,2017,2018,PHI,Philadelphia 76ers
8535,JaJuan Johnson,1042320.00,2011,2012,BOS,Boston Celtic
9837,JaKarr Sampson,507336.00,2014,2015,PHI,Philadelphia 76ers
10364,JaKarr Sampson,845059.00,2015,2016,PHI,Philadelphia 76ers
10365,JaKarr Sampson,285489.00,2015,2016,DEN,Denver Nuggets
10953,Jake Layman,600000.00,2016,2017,POR,Portland Trail Blazers
11527,Jake Layman,1312611.00,2017,2018,POR,Portland Trail Blazers
3886,Jake Tsakalidis,763200.00,2000,2001,PHO,Phoenix Suns
4303,Jake Tsakalidis,820400.00,2001,2002,PHO,Phoenix Suns
4753,Jake Tsakalidis,877680.00,2002,2003,PHO,Phoenix Suns
5164,Jake Tsakalidis,1580702.00,2003,2004,MEM,Memphis Grizzlies
5581,Jake Tsakalidis,2900000.00,2004,2005,MEM,Memphis Grizzlies
6023,Jake Tsakalidis,2900000.00,2005,2006,MEM,Memphis Grizzlies
6433,Jake Tsakalidis,2900000.00,2006,2007,HOU,Houston Rockets
3887,Jake Voskuhl,316969.00,2000,2001,CHI,Chicago Bulls
4304,Jake Voskuhl,465850.00,2001,2002,PHO,Phoenix Suns
4754,Jake Voskuhl,587435.00,2002,2003,PHO,Phoenix Suns
5165,Jake Voskuhl,1500000.00,2003,2004,PHO,Phoenix Suns
5582,Jake Voskuhl,1687500.00,2004,2005,PHO,Phoenix Suns
6829,Jake Voskuhl,3000000.00,2007,2008,MIL,Milwaukee Bucks
7231,Jake Voskuhl,826153.00,2008,2009,TOR,Toronto Raptors 
10954,Jakob Poeltl,2703960.00,2016,2017,TOR,Toronto Raptors 
11528,Jakob Poeltl,2825640.00,2017,2018,TOR,Toronto Raptors 
10955,Jalen Jones,25000.00,2016,2017,BOS,Boston Celtic
11529,Jalen Moore,50000.00,2017,2018,MIL,Milwaukee Bucks
1647,Jalen Rose,975000.00,1994,1995,DEN,Denver Nuggets
2017,Jalen Rose,1268000.00,1995,1996,DEN,Denver Nuggets
2388,Jalen Rose,1560000.00,1996,1997,IND,Indiana Pacers
3888,Jalen Rose,9660000.00,2000,2001,IND,Indiana Pacers
4305,Jalen Rose,10865250.00,2001,2002,IND,Indiana Pacers
4755,Jalen Rose,12072500.00,2002,2003,CHI,Chicago Bulls
5166,Jalen Rose,13279750.00,2003,2004,TOR,Toronto Raptors 
5583,Jalen Rose,14487000.00,2004,2005,TOR,Toronto Raptors 
6024,Jalen Rose,15694250.00,2005,2006,TOR,Toronto Raptors 
6434,Jalen Rose,1540000.00,2006,2007,PHO,Phoenix Suns
9838,Jamaal Franklin,163296.00,2014,2015,MEM,Memphis Grizzlies
9839,Jamaal Franklin,19914.00,2014,2015,DEN,Denver Nuggets
3889,Jamaal Magloire,975000.00,2000,2001,CHA,Charlotte Hornets
4306,Jamaal Magloire,1048080.00,2001,2002,CHA,Charlotte Hornets
4756,Jamaal Magloire,1121280.00,2002,2003,NOH,New Orleans Pelicans
5167,Jamaal Magloire,1726771.00,2003,2004,NOH,New Orleans Pelicans
5584,Jamaal Magloire,8533333.00,2004,2005,NOH,New Orleans Pelicans
6025,Jamaal Magloire,8533333.00,2005,2006,MIL,Milwaukee Bucks
6435,Jamaal Magloire,8433334.00,2006,2007,POR,Portland Trail Blazers
6830,Jamaal Magloire,4000000.00,2007,2008,NJN,Brooklyn Nets
7661,Jamaal Magloire,1229225.00,2009,2010,MIA,Miami Heat
8536,Jamaal Magloire,1352181.00,2011,2012,TOR,Toronto Raptors 
4307,Jamaal Tinsley,749160.00,2001,2002,IND,Indiana Pacers
4757,Jamaal Tinsley,805320.00,2002,2003,IND,Indiana Pacers
5168,Jamaal Tinsley,861600.00,2003,2004,IND,Indiana Pacers
5585,Jamaal Tinsley,1554326.00,2004,2005,IND,Indiana Pacers
6026,Jamaal Tinsley,5400000.00,2005,2006,IND,Indiana Pacers
6831,Jamaal Tinsley,6300000.00,2007,2008,IND,Indiana Pacers
7232,Jamaal Tinsley,6750000.00,2008,2009,IND,Indiana Pacers
7662,Jamaal Tinsley,5200000.00,2009,2010,IND,Indiana Pacers
7663,Jamaal Tinsley,990300.00,2009,2010,MEM,Memphis Grizzlies
8111,Jamaal Tinsley,5500000.00,2010,2011,IND,Indiana Pacers
3890,Jamal Crawford,1762320.00,2000,2001,CHI,Chicago Bulls
4308,Jamal Crawford,1894560.00,2001,2002,CHI,Chicago Bulls
4758,Jamal Crawford,2026680.00,2002,2003,CHI,Chicago Bulls
5169,Jamal Crawford,2577937.00,2003,2004,CHI,Chicago Bulls
5586,Jamal Crawford,5760000.00,2004,2005,NYK,New York Knicks
6027,Jamal Crawford,6480000.00,2005,2006,NYK,New York Knicks
6832,Jamal Crawford,7920000.00,2007,2008,NYK,New York Knicks
7664,Jamal Crawford,9360000.00,2009,2010,ATL,Atlanta Hawks
8112,Jamal Crawford,10800000.00,2010,2011,ATL,Atlanta Hawks
8537,Jamal Crawford,5000000.00,2011,2012,POR,Portland Trail Blazers
8974,Jamal Crawford,5000000.00,2012,2013,LAC,Los Angeles Clippers
9386,Jamal Crawford,5225000.00,2013,2014,LAC,Los Angeles Clippers
9840,Jamal Crawford,5450000.00,2014,2015,LAC,Los Angeles Clippers
10366,Jamal Crawford,5675000.00,2015,2016,LAC,Los Angeles Clippers
10956,Jamal Crawford,13253012.00,2016,2017,LAC,Los Angeles Clippers
11530,Jamal Crawford,10942762.00,2017,2018,ATL,Atlanta Hawks
11531,Jamal Crawford,4328000.00,2017,2018,MIN,Minnesota Timberwolves
1263,Jamal Mashburn,2033000.00,1993,1994,DAL,Dallas Mavericks
1648,Jamal Mashburn,2633300.00,1994,1995,DAL,Dallas Mavericks
2018,Jamal Mashburn,3233000.00,1995,1996,DAL,Dallas Mavericks
2389,Jamal Mashburn,3833000.00,1996,1997,DAL,Dallas Mavericks
3152,Jamal Mashburn,5033000.00,1998,1999,MIA,Miami Heat
3891,Jamal Mashburn,6200000.00,2000,2001,CHA,Charlotte Hornets
4309,Jamal Mashburn,6975000.00,2001,2002,CHA,Charlotte Hornets
4759,Jamal Mashburn,7750000.00,2002,2003,NOH,New Orleans Pelicans
5170,Jamal Mashburn,8525000.00,2003,2004,NOH,New Orleans Pelicans
5587,Jamal Mashburn,9300000.00,2004,2005,NOH,New Orleans Pelicans
6028,Jamal Mashburn,10075000.00,2005,2006,PHI,Philadelphia 76ers
10957,Jamal Murray,3210840.00,2016,2017,DEN,Denver Nuggets
11532,Jamal Murray,3355320.00,2017,2018,DEN,Denver Nuggets
3892,Jamal Robinson,40000.00,2000,2001,MIA,Miami Heat
4760,Jamal Sampson,349458.00,2002,2003,MIL,Milwaukee Bucks
5171,Jamal Sampson,563679.00,2003,2004,LAL,Los Angeles Lakers
6029,Jamal Sampson,719373.00,2005,2006,SAC,Sacramento Kings
6833,Jamario Moon,427163.00,2007,2008,TOR,Toronto Raptors 
7665,Jamario Moon,2750000.00,2009,2010,CLE,Cleveland Caveliers
8113,Jamario Moon,3000000.00,2010,2011,LAC,Los Angeles Clippers
10958,Jameel Warney,20000.00,2016,2017,DAL,Dallas Mavericks
5588,Jameer Nelson,1106160.00,2004,2005,ORL,Orlando Magic
6030,Jameer Nelson,1189200.00,2005,2006,ORL,Orlando Magic
6436,Jameer Nelson,1272120.00,2006,2007,ORL,Orlando Magic
6834,Jameer Nelson,1961609.00,2007,2008,ORL,Orlando Magic
7233,Jameer Nelson,7700000.00,2008,2009,ORL,Orlando Magic
7666,Jameer Nelson,6138888.00,2009,2010,ORL,Orlando Magic
8114,Jameer Nelson,7800000.00,2010,2011,ORL,Orlando Magic
8538,Jameer Nelson,7800000.00,2011,2012,ORL,Orlando Magic
8975,Jameer Nelson,8600000.00,2012,2013,ORL,Orlando Magic
9387,Jameer Nelson,8600000.00,2013,2014,ORL,Orlando Magic
9841,Jameer Nelson,2732000.00,2014,2015,DEN,Denver Nuggets
10367,Jameer Nelson,4500000.00,2015,2016,DEN,Denver Nuggets
10959,Jameer Nelson,4540525.00,2016,2017,DEN,Denver Nuggets
11533,Jameer Nelson,4736050.00,2017,2018,DEN,Denver Nuggets
11534,Jameer Nelson,2262871.00,2017,2018,NOH,New Orleans Pelicans
3499,Jamel Thomas,31963.00,1999,2000,GSW,Golden State Warriors
3500,Jamel Thomas,26636.00,1999,2000,BOS,Boston Celtic
8115,James Anderson,1361400.00,2010,2011,SAS,San Antonio Spurs
8539,James Anderson,1463520.00,2011,2012,SAS,San Antonio Spurs
8976,James Anderson,145749.00,2012,2013,SAS,San Antonio Spurs
9388,James Anderson,916099.00,2013,2014,PHI,Philadelphia 76ers
10368,James Anderson,1015421.00,2015,2016,SAC,Sacramento Kings
6437,James Augustine,412718.00,2006,2007,ORL,Orlando Magic
6835,James Augustine,687456.00,2007,2008,ORL,Orlando Magic
2772,James Collins,242000.00,1997,1998,LAC,Los Angeles Clippers
2773,James Cotton,242000.00,1997,1998,OKC,Oklahoma City Thunder
140,James Donaldson,880000.00,1990,1991,DAL,Dallas Mavericks
498,James Donaldson,880000.00,1991,1992,DAL,Dallas Mavericks
141,James Edwards,935000.00,1990,1991,DET,Detroit Pistons
499,James Edwards,933000.00,1991,1992,LAC,Los Angeles Clippers
875,James Edwards,1000000.00,1992,1993,LAL,Los Angeles Lakers
876,James Edwards,250000.00,1992,1993,LAC,Los Angeles Clippers
1264,James Edwards,1300000.00,1993,1994,LAL,Los Angeles Lakers
1649,James Edwards,325000.00,1994,1995,POR,Portland Trail Blazers
2019,James Edwards,225000.00,1995,1996,CHI,Chicago Bulls
9842,James Ennis,507336.00,2014,2015,MIA,Miami Heat
10369,James Ennis,845059.00,2015,2016,MEM,Memphis Grizzlies
10370,James Ennis,74564.00,2015,2016,NOH,New Orleans Pelicans
10960,James Ennis,2898000.00,2016,2017,MEM,Memphis Grizzlies
11535,James Ennis,3028410.00,2017,2018,MEM,Memphis Grizzlies
7667,James Harden,4054160.00,2009,2010,OKC,Oklahoma City Thunder
8116,James Harden,4304520.00,2010,2011,OKC,Oklahoma City Thunder
8540,James Harden,4604760.00,2011,2012,OKC,Oklahoma City Thunder
9389,James Harden,13701250.00,2013,2014,HOU,Houston Rockets
9843,James Harden,14728844.00,2014,2015,HOU,Houston Rockets
10371,James Harden,15756438.00,2015,2016,HOU,Houston Rockets
10961,James Harden,26540100.00,2016,2017,HOU,Houston Rockets
11536,James Harden,28299399.00,2017,2018,HOU,Houston Rockets
7668,James Johnson,1594080.00,2009,2010,CHI,Chicago Bulls
8117,James Johnson,1713600.00,2010,2011,TOR,Toronto Raptors 
8541,James Johnson,1833120.00,2011,2012,TOR,Toronto Raptors 
8977,James Johnson,2812006.00,2012,2013,SAC,Sacramento Kings
9844,James Johnson,2500000.00,2014,2015,TOR,Toronto Raptors 
10372,James Johnson,2500000.00,2015,2016,TOR,Toronto Raptors 
10962,James Johnson,4000000.00,2016,2017,MIA,Miami Heat
11537,James Johnson,13954000.00,2017,2018,MIA,Miami Heat
5172,James Jones,366931.00,2003,2004,IND,Indiana Pacers
5589,James Jones,620046.00,2004,2005,IND,Indiana Pacers
6438,James Jones,2650000.00,2006,2007,PHO,Phoenix Suns
6836,James Jones,2900000.00,2007,2008,POR,Portland Trail Blazers
7669,James Jones,4320000.00,2009,2010,MIA,Miami Heat
8542,James Jones,1500000.00,2011,2012,MIA,Miami Heat
8978,James Jones,1500000.00,2012,2013,MIA,Miami Heat
9845,James Jones,1448490.00,2014,2015,CLE,Cleveland Caveliers
10373,James Jones,1499000.00,2015,2016,CLE,Cleveland Caveliers
10963,James Jones,1551659.00,2016,2017,CLE,Cleveland Caveliers
6439,James Lang,771331.00,2006,2007,WAS,Washington Wizards
9846,James Michael McAdoo,167122.00,2014,2015,GSW,Golden State Warriors
10374,James Michael McAdoo,845059.00,2015,2016,GSW,Golden State Warriors
10964,James Michael McAdoo,980431.00,2016,2017,GSW,Golden State Warriors
3501,James Posey,974520.00,1999,2000,DEN,Denver Nuggets
3893,James Posey,1047600.00,2000,2001,DEN,Denver Nuggets
4310,James Posey,1120680.00,2001,2002,DEN,Denver Nuggets
5173,James Posey,4917000.00,2003,2004,MEM,Memphis Grizzlies
5590,James Posey,5408700.00,2004,2005,MEM,Memphis Grizzlies
6031,James Posey,5900400.00,2005,2006,MIA,Miami Heat
7234,James Posey,5585000.00,2008,2009,NOH,New Orleans Pelicans
7670,James Posey,6031800.00,2009,2010,NOH,New Orleans Pelicans
8118,James Posey,7148800.00,2010,2011,IND,Indiana Pacers
8543,James Posey,7595600.00,2011,2012,IND,Indiana Pacers
1265,James Robinson,650000.00,1993,1994,POR,Portland Trail Blazers
1650,James Robinson,845000.00,1994,1995,POR,Portland Trail Blazers
2020,James Robinson,1040000.00,1995,1996,POR,Portland Trail Blazers
2774,James Robinson,1500000.00,1997,1998,LAC,Los Angeles Clippers
3153,James Robinson,1800000.00,1998,1999,LAC,Los Angeles Clippers
3154,James Robinson,537500.00,1998,1999,MIN,Minnesota Timberwolves
3502,James Robinson,1866667.00,1999,2000,LAC,Los Angeles Clippers
3503,James Robinson,510000.00,1999,2000,MIN,Minnesota Timberwolves
3894,James Robinson,1870000.00,2000,2001,LAC,Los Angeles Clippers
2390,James Scott,220000.00,1996,1997,MIA,Miami Heat
6032,James Singleton,625000.00,2005,2006,LAC,Los Angeles Clippers
6440,James Singleton,675000.00,2006,2007,LAC,Los Angeles Clippers
7235,James Singleton,826269.00,2008,2009,DAL,Dallas Mavericks
7671,James Singleton,1030189.00,2009,2010,WAS,Washington Wizards
6033,James Thomas,148698.00,2005,2006,PHI,Philadelphia 76ers
10965,James Webb,65000.00,2016,2017,PHI,Philadelphia 76ers
6441,James White,405435.00,2006,2007,SAS,San Antonio Spurs
8979,James White,854389.00,2012,2013,NYK,New York Knicks
142,James Worthy,1600000.00,1990,1991,LAL,Los Angeles Lakers
500,James Worthy,1750000.00,1991,1992,LAL,Los Angeles Lakers
877,James Worthy,1850000.00,1992,1993,LAL,Los Angeles Lakers
1266,James Worthy,1800000.00,1993,1994,LAL,Los Angeles Lakers
9847,James Young,1674480.00,2014,2015,BOS,Boston Celtic
10375,James Young,1749840.00,2015,2016,BOS,Boston Celtic
10966,James Young,1825200.00,2016,2017,BOS,Boston Celtic
6837,JamesOn Curry,427163.00,2007,2008,CHI,Chicago Bulls
7672,JamesOn Curry,26917.00,2009,2010,LAC,Los Angeles Clippers
2775,Jamie Feick,272250.00,1997,1998,MIL,Milwaukee Bucks
3155,Jamie Feick,425000.00,1998,1999,NJN,Brooklyn Nets
3504,Jamie Feick,2000000.00,1999,2000,NJN,Brooklyn Nets
3895,Jamie Feick,2200000.00,2000,2001,NJN,Brooklyn Nets
4311,Jamie Feick,2400000.00,2001,2002,NJN,Brooklyn Nets
4761,Jamie Feick,2600000.00,2002,2003,NJN,Brooklyn Nets
1651,Jamie Watson,150000.00,1994,1995,UTA,Utah Jazz
2021,Jamie Watson,1000000.00,1995,1996,UTA,Utah Jazz
2391,Jamie Watson,1000000.00,1996,1997,UTA,Utah Jazz
10376,Jamil Wilson,50000.00,2015,2016,DAL,Dallas Mavericks
4312,Jamison Brewer,332817.00,2001,2002,IND,Indiana Pacers
4762,Jamison Brewer,512435.00,2002,2003,IND,Indiana Pacers
5174,Jamison Brewer,638679.00,2003,2004,IND,Indiana Pacers
5591,Jamison Brewer,720046.00,2004,2005,NYK,New York Knicks
9848,JaMychal Green,59686.00,2014,2015,MEM,Memphis Grizzlies
10377,JaMychal Green,845059.00,2015,2016,MEM,Memphis Grizzlies
10967,JaMychal Green,980431.00,2016,2017,MEM,Memphis Grizzlies
11538,JaMychal Green,8533333.00,2017,2018,MEM,Memphis Grizzlies
8544,Jan Vesely,3065040.00,2011,2012,WAS,Washington Wizards
8980,Jan Vesely,3294960.00,2012,2013,WAS,Washington Wizards
9390,Jan Vesely,3340920.00,2013,2014,WAS,Washington Wizards
4763,Jannero Pargo,349458.00,2002,2003,LAL,Los Angeles Lakers
5175,Jannero Pargo,563679.00,2003,2004,LAL,Los Angeles Lakers
6034,Jannero Pargo,895248.00,2005,2006,CHI,Chicago Bulls
6442,Jannero Pargo,1000000.00,2006,2007,NOH,New Orleans Pelicans
6838,Jannero Pargo,1830000.00,2007,2008,NOH,New Orleans Pelicans
7673,Jannero Pargo,2000000.00,2009,2010,CHI,Chicago Bulls
8545,Jannero Pargo,1223166.00,2011,2012,ATL,Atlanta Hawks
8981,Jannero Pargo,165487.00,2012,2013,ATL,Atlanta Hawks
8982,Jannero Pargo,115122.00,2012,2013,WAS,Washington Wizards
8983,Jared Cunningham,1156320.00,2012,2013,DAL,Dallas Mavericks
9391,Jared Cunningham,1208400.00,2013,2014,ATL,Atlanta Hawks
10378,Jared Cunningham,981348.00,2015,2016,ORL,Orlando Magic
10379,Jared Cunningham,57726.00,2015,2016,MIL,Milwaukee Bucks
7236,Jared Dudley,1222320.00,2008,2009,PHO,Phoenix Suns
7674,Jared Dudley,1307640.00,2009,2010,PHO,Phoenix Suns
8546,Jared Dudley,4250000.00,2011,2012,PHO,Phoenix Suns
8984,Jared Dudley,4250000.00,2012,2013,PHO,Phoenix Suns
9392,Jared Dudley,4250000.00,2013,2014,LAC,Los Angeles Clippers
9849,Jared Dudley,4250000.00,2014,2015,MIL,Milwaukee Bucks
10380,Jared Dudley,4250000.00,2015,2016,WAS,Washington Wizards
10968,Jared Dudley,10470000.00,2016,2017,PHO,Phoenix Suns
11539,Jared Dudley,10000000.00,2017,2018,PHO,Phoenix Suns
4764,Jared Jeffries,1594920.00,2002,2003,WAS,Washington Wizards
5176,Jared Jeffries,1714440.00,2003,2004,WAS,Washington Wizards
5592,Jared Jeffries,1834080.00,2004,2005,WAS,Washington Wizards
6035,Jared Jeffries,2433824.00,2005,2006,WAS,Washington Wizards
6839,Jared Jeffries,5632200.00,2007,2008,NYK,New York Knicks
7237,Jared Jeffries,6049400.00,2008,2009,NYK,New York Knicks
7675,Jared Jeffries,6466600.00,2009,2010,HOU,Houston Rockets
8119,Jared Jeffries,6883800.00,2010,2011,HOU,Houston Rockets
8547,Jared Jeffries,1229255.00,2011,2012,NYK,New York Knicks
8985,Jared Jeffries,1475106.00,2012,2013,POR,Portland Trail Blazers
6443,Jared Reiner,396905.00,2006,2007,MIL,Milwaukee Bucks
9393,Jared Sullinger,1365720.00,2013,2014,BOS,Boston Celtic
9850,Jared Sullinger,1424520.00,2014,2015,BOS,Boston Celtic
10381,Jared Sullinger,2269260.00,2015,2016,BOS,Boston Celtic
10969,Jared Sullinger,5628000.00,2016,2017,PHO,Phoenix Suns
9851,Jarell Eddie,29843.00,2014,2015,ATL,Atlanta Hawks
10382,Jarell Eddie,561716.00,2015,2016,WAS,Washington Wizards
10970,Jarell Eddie,175000.00,2016,2017,WAS,Washington Wizards
10971,Jarell Eddie,102898.00,2016,2017,PHO,Phoenix Suns
11540,Jarell Eddie,17224.00,2017,2018,CHI,Chicago Bulls
10383,Jarell Martin,1230840.00,2015,2016,MEM,Memphis Grizzlies
10972,Jarell Martin,1286160.00,2016,2017,MEM,Memphis Grizzlies
11541,Jarell Martin,1471382.00,2017,2018,MEM,Memphis Grizzlies
878,Jaren Jackson,140000.00,1992,1993,LAC,Los Angeles Clippers
1652,Jaren Jackson,140350.00,1994,1995,PHI,Philadelphia 76ers
2392,Jaren Jackson,247500.00,1996,1997,WAS,Washington Wizards
2776,Jaren Jackson,272250.00,1997,1998,SAS,San Antonio Spurs
3505,Jaren Jackson,2483333.00,1999,2000,SAS,San Antonio Spurs
4313,Jaren Jackson,3020834.00,2001,2002,SAS,San Antonio Spurs
9852,Jarnell Stokes,725000.00,2014,2015,MEM,Memphis Grizzlies
10384,Jarnell Stokes,845059.00,2015,2016,NOH,New Orleans Pelicans
10973,Jarnell Stokes,150000.00,2016,2017,DEN,Denver Nuggets
11542,Jarrett Allen,1713720.00,2017,2018,NJN,Brooklyn Nets
6036,Jarrett Jack,1058640.00,2005,2006,POR,Portland Trail Blazers
6444,Jarrett Jack,1137960.00,2006,2007,POR,Portland Trail Blazers
6840,Jarrett Jack,1217400.00,2007,2008,POR,Portland Trail Blazers
7238,Jarrett Jack,2002623.00,2008,2009,IND,Indiana Pacers
7676,Jarrett Jack,4500000.00,2009,2010,TOR,Toronto Raptors 
8120,Jarrett Jack,4600000.00,2010,2011,NOH,New Orleans Pelicans
8548,Jarrett Jack,5000000.00,2011,2012,NOH,New Orleans Pelicans
8986,Jarrett Jack,5400000.00,2012,2013,GSW,Golden State Warriors
9394,Jarrett Jack,6300000.00,2013,2014,CLE,Cleveland Caveliers
9853,Jarrett Jack,6300000.00,2014,2015,NJN,Brooklyn Nets
10385,Jarrett Jack,6300000.00,2015,2016,NJN,Brooklyn Nets
10974,Jarrett Jack,1551659.00,2016,2017,ATL,Atlanta Hawks
10975,Jarrett Jack,500000.00,2016,2017,NJN,Brooklyn Nets
10976,Jarrett Jack,91274.00,2016,2017,NOH,New Orleans Pelicans
11543,Jarrett Jack,2328652.00,2017,2018,NYK,New York Knicks
10386,Jarrid Famous,10000.00,2015,2016,DAL,Dallas Mavericks
10977,Jarrod Uthoff,63938.00,2016,2017,DAL,Dallas Mavericks
10978,Jarrod Uthoff,50000.00,2016,2017,TOR,Toronto Raptors 
4314,Jarron Collins,332817.00,2001,2002,UTA,Utah Jazz
4765,Jarron Collins,1150000.00,2002,2003,UTA,Utah Jazz
5177,Jarron Collins,1250000.00,2003,2004,UTA,Utah Jazz
5593,Jarron Collins,1700000.00,2004,2005,UTA,Utah Jazz
6037,Jarron Collins,1700000.00,2005,2006,UTA,Utah Jazz
6841,Jarron Collins,2350000.00,2007,2008,UTA,Utah Jazz
7239,Jarron Collins,2074302.00,2008,2009,UTA,Utah Jazz
7677,Jarron Collins,1181803.00,2009,2010,PHO,Phoenix Suns
8121,Jarron Collins,643551.00,2010,2011,LAC,Los Angeles Clippers
5178,Jarvis Hayes,1748760.00,2003,2004,WAS,Washington Wizards
5594,Jarvis Hayes,1879920.00,2004,2005,WAS,Washington Wizards
6038,Jarvis Hayes,2011080.00,2005,2006,WAS,Washington Wizards
6445,Jarvis Hayes,2564127.00,2006,2007,WAS,Washington Wizards
6842,Jarvis Hayes,1200000.00,2007,2008,DET,Detroit Pistons
7240,Jarvis Hayes,1910000.00,2008,2009,NJN,Brooklyn Nets
7678,Jarvis Hayes,2062800.00,2009,2010,NJN,Brooklyn Nets
8987,Jarvis Varnado,275805.00,2012,2013,MIA,Miami Heat
9395,Jarvis Varnado,788872.00,2013,2014,MIA,Miami Heat
9854,Jarvis Varnado,75000.00,2014,2015,PHI,Philadelphia 76ers
2022,Jason Caffey,627000.00,1995,1996,CHI,Chicago Bulls
2393,Jason Caffey,700000.00,1996,1997,CHI,Chicago Bulls
2777,Jason Caffey,850920.00,1997,1998,CHI,Chicago Bulls
3156,Jason Caffey,3675000.00,1998,1999,GSW,Golden State Warriors
3506,Jason Caffey,3937500.00,1999,2000,GSW,Golden State Warriors
3896,Jason Caffey,4380000.00,2000,2001,MIL,Milwaukee Bucks
4315,Jason Caffey,4812500.00,2001,2002,MIL,Milwaukee Bucks
4766,Jason Caffey,5250000.00,2002,2003,MIL,Milwaukee Bucks
5179,Jason Caffey,5687500.00,2003,2004,MIL,Milwaukee Bucks
5595,Jason Caffey,4148148.00,2004,2005,MIL,Milwaukee Bucks
3897,Jason Collier,1190760.00,2000,2001,HOU,Houston Rockets
4316,Jason Collier,1280040.00,2001,2002,HOU,Houston Rockets
5596,Jason Collier,1500000.00,2004,2005,ATL,Atlanta Hawks
6039,Jason Collier,1650000.00,2005,2006,ATL,Atlanta Hawks
4317,Jason Collins,1067400.00,2001,2002,NJN,Brooklyn Nets
4767,Jason Collins,1147440.00,2002,2003,NJN,Brooklyn Nets
5180,Jason Collins,1227480.00,2003,2004,NJN,Brooklyn Nets
5597,Jason Collins,1887864.00,2004,2005,NJN,Brooklyn Nets
6040,Jason Collins,5500000.00,2005,2006,NJN,Brooklyn Nets
6446,Jason Collins,5800000.00,2006,2007,NJN,Brooklyn Nets
6843,Jason Collins,6100000.00,2007,2008,MEM,Memphis Grizzlies
7241,Jason Collins,6200000.00,2008,2009,MIN,Minnesota Timberwolves
7679,Jason Collins,1181803.00,2009,2010,ATL,Atlanta Hawks
8122,Jason Collins,1352181.00,2010,2011,ATL,Atlanta Hawks
8549,Jason Collins,1352181.00,2011,2012,ATL,Atlanta Hawks
8988,Jason Collins,1352181.00,2012,2013,WAS,Washington Wizards
3898,Jason Hart,316969.00,2000,2001,MIL,Milwaukee Bucks
4318,Jason Hart,465850.00,2001,2002,MIL,Milwaukee Bucks
5181,Jason Hart,638679.00,2003,2004,SAS,San Antonio Spurs
6041,Jason Hart,1540000.00,2005,2006,SAC,Sacramento Kings
6447,Jason Hart,1680000.00,2006,2007,SAC,Sacramento Kings
6448,Jason Hart,242640.00,2006,2007,LAC,Los Angeles Clippers
6844,Jason Hart,2300000.00,2007,2008,UTA,Utah Jazz
7242,Jason Hart,2484000.00,2008,2009,LAC,Los Angeles Clippers
7680,Jason Hart,451866.00,2009,2010,PHO,Phoenix Suns
7681,Jason Hart,69518.00,2009,2010,NOH,New Orleans Pelicans
5182,Jason Kapono,366931.00,2003,2004,CLE,Cleveland Caveliers
6042,Jason Kapono,1100000.00,2005,2006,MIA,Miami Heat
6845,Jason Kapono,5356000.00,2007,2008,TOR,Toronto Raptors 
7243,Jason Kapono,5784480.00,2008,2009,TOR,Toronto Raptors 
7682,Jason Kapono,6212960.00,2009,2010,PHI,Philadelphia 76ers
8123,Jason Kapono,6641440.00,2010,2011,PHI,Philadelphia 76ers
8550,Jason Kapono,1223166.00,2011,2012,LAL,Los Angeles Lakers
1653,Jason Kidd,2770800.00,1994,1995,DAL,Dallas Mavericks
2023,Jason Kidd,3588000.00,1995,1996,DAL,Dallas Mavericks
2394,Jason Kidd,4408000.00,1996,1997,PHO,Phoenix Suns
2778,Jason Kidd,5223333.00,1997,1998,PHO,Phoenix Suns
3157,Jason Kidd,6041000.00,1998,1999,PHO,Phoenix Suns
3899,Jason Kidd,7680000.00,2000,2001,PHO,Phoenix Suns
4319,Jason Kidd,8447500.00,2001,2002,NJN,Brooklyn Nets
4768,Jason Kidd,9265000.00,2002,2003,NJN,Brooklyn Nets
5183,Jason Kidd,13152000.00,2003,2004,NJN,Brooklyn Nets
5598,Jason Kidd,14796000.00,2004,2005,NJN,Brooklyn Nets
6043,Jason Kidd,16440000.00,2005,2006,NJN,Brooklyn Nets
6449,Jason Kidd,18084000.00,2006,2007,NJN,Brooklyn Nets
6846,Jason Kidd,19728000.00,2007,2008,DAL,Dallas Mavericks
7244,Jason Kidd,21372000.00,2008,2009,DAL,Dallas Mavericks
7683,Jason Kidd,8000000.00,2009,2010,DAL,Dallas Mavericks
8124,Jason Kidd,8610500.00,2010,2011,DAL,Dallas Mavericks
8551,Jason Kidd,10121000.00,2011,2012,DAL,Dallas Mavericks
8989,Jason Kidd,3090000.00,2012,2013,NYK,New York Knicks
2779,Jason Lawson,242250.00,1997,1998,ORL,Orlando Magic
3507,Jason Lawson,25000.00,1999,2000,WAS,Washington Wizards
6044,Jason Maxiell,905640.00,2005,2006,DET,Detroit Pistons
6450,Jason Maxiell,973440.00,2006,2007,DET,Detroit Pistons
6847,Jason Maxiell,1041360.00,2007,2008,DET,Detroit Pistons
7245,Jason Maxiell,1877572.00,2008,2009,DET,Detroit Pistons
7684,Jason Maxiell,5000000.00,2009,2010,DET,Detroit Pistons
8552,Jason Maxiell,5000000.00,2011,2012,DET,Detroit Pistons
9396,Jason Maxiell,2500000.00,2013,2014,ORL,Orlando Magic
4320,Jason Richardson,2425440.00,2001,2002,GSW,Golden State Warriors
4769,Jason Richardson,2607360.00,2002,2003,GSW,Golden State Warriors
5184,Jason Richardson,2789280.00,2003,2004,GSW,Golden State Warriors
5599,Jason Richardson,3534018.00,2004,2005,GSW,Golden State Warriors
6045,Jason Richardson,8888888.00,2005,2006,GSW,Golden State Warriors
6451,Jason Richardson,9999999.00,2006,2007,GSW,Golden State Warriors
7246,Jason Richardson,12222221.00,2008,2009,PHO,Phoenix Suns
7685,Jason Richardson,13333333.00,2009,2010,PHO,Phoenix Suns
8125,Jason Richardson,14444444.00,2010,2011,ORL,Orlando Magic
8553,Jason Richardson,5395000.00,2011,2012,ORL,Orlando Magic
8990,Jason Richardson,5799625.00,2012,2013,PHI,Philadelphia 76ers
9397,Jason Richardson,6204250.00,2013,2014,PHI,Philadelphia 76ers
9855,Jason Richardson,6601125.00,2014,2015,PHI,Philadelphia 76ers
3508,Jason Sasser,2706.00,1999,2000,DAL,Dallas Mavericks
7247,Jason Smith,1326360.00,2008,2009,PHI,Philadelphia 76ers
7686,Jason Smith,1418880.00,2009,2010,PHI,Philadelphia 76ers
8126,Jason Smith,2187913.00,2010,2011,NOH,New Orleans Pelicans
8554,Jason Smith,2500000.00,2011,2012,NOH,New Orleans Pelicans
8991,Jason Smith,2500000.00,2012,2013,NOH,New Orleans Pelicans
9398,Jason Smith,2500000.00,2013,2014,NOH,New Orleans Pelicans
9856,Jason Smith,3278000.00,2014,2015,NYK,New York Knicks
10387,Jason Smith,4300000.00,2015,2016,ORL,Orlando Magic
10979,Jason Smith,5000000.00,2016,2017,WAS,Washington Wizards
11544,Jason Smith,5225000.00,2017,2018,WAS,Washington Wizards
3509,Jason Terry,1468920.00,1999,2000,ATL,Atlanta Hawks
3900,Jason Terry,1579080.00,2000,2001,ATL,Atlanta Hawks
4321,Jason Terry,1689360.00,2001,2002,ATL,Atlanta Hawks
4770,Jason Terry,2153934.00,2002,2003,ATL,Atlanta Hawks
5185,Jason Terry,8333333.00,2003,2004,ATL,Atlanta Hawks
5600,Jason Terry,7500000.00,2004,2005,DAL,Dallas Mavericks
6046,Jason Terry,6666667.00,2005,2006,DAL,Dallas Mavericks
6848,Jason Terry,8898000.00,2007,2008,DAL,Dallas Mavericks
7248,Jason Terry,9196000.00,2008,2009,DAL,Dallas Mavericks
7687,Jason Terry,9862500.00,2009,2010,DAL,Dallas Mavericks
8127,Jason Terry,10650000.00,2010,2011,DAL,Dallas Mavericks
8555,Jason Terry,11158000.00,2011,2012,DAL,Dallas Mavericks
9399,Jason Terry,5625313.00,2013,2014,NJN,Brooklyn Nets
9857,Jason Terry,5850313.00,2014,2015,HOU,Houston Rockets
10388,Jason Terry,1499187.00,2015,2016,HOU,Houston Rockets
10980,Jason Terry,1551659.00,2016,2017,MIL,Milwaukee Bucks
11545,Jason Terry,2328652.00,2017,2018,MIL,Milwaukee Bucks
7249,Jason Thompson,1893840.00,2008,2009,SAC,Sacramento Kings
7688,Jason Thompson,2035920.00,2009,2010,SAC,Sacramento Kings
8128,Jason Thompson,2178000.00,2010,2011,SAC,Sacramento Kings
8556,Jason Thompson,3001284.00,2011,2012,SAC,Sacramento Kings
8992,Jason Thompson,5250000.00,2012,2013,SAC,Sacramento Kings
9400,Jason Thompson,5643750.00,2013,2014,SAC,Sacramento Kings
9858,Jason Thompson,6037500.00,2014,2015,SAC,Sacramento Kings
10389,Jason Thompson,6431250.00,2015,2016,GSW,Golden State Warriors
10390,Jason Thompson,328955.00,2015,2016,TOR,Toronto Raptors 
10981,Jason Thompson,945126.00,2016,2017,GSW,Golden State Warriors
11546,Jason Thompson,945126.00,2017,2018,GSW,Golden State Warriors
3158,Jason Williams,1460000.00,1998,1999,SAC,Sacramento Kings
3510,Jason Williams,1879920.00,1999,2000,SAC,Sacramento Kings
3901,Jason Williams,2011080.00,2000,2001,SAC,Sacramento Kings
4322,Jason Williams,2554072.00,2001,2002,MEM,Memphis Grizzlies
4771,Jason Williams,5500000.00,2002,2003,MEM,Memphis Grizzlies
5186,Jason Williams,6187500.00,2003,2004,MEM,Memphis Grizzlies
5601,Jason Williams,6875000.00,2004,2005,MEM,Memphis Grizzlies
6047,Jason Williams,7562500.00,2005,2006,MIA,Miami Heat
6849,Jason Williams,8937500.00,2007,2008,MIA,Miami Heat
7250,Jason Williams,1262275.00,2008,2009,LAC,Los Angeles Clippers
7689,Jason Williams,1306455.00,2009,2010,ORL,Orlando Magic
8129,Jason Williams,1352181.00,2010,2011,ORL,Orlando Magic
8130,Jason Williams,524964.00,2010,2011,MEM,Memphis Grizzlies
7251,JaVale McGee,1392240.00,2008,2009,WAS,Washington Wizards
7690,JaVale McGee,1496640.00,2009,2010,WAS,Washington Wizards
8131,JaVale McGee,1601040.00,2010,2011,WAS,Washington Wizards
8557,JaVale McGee,2462400.00,2011,2012,WAS,Washington Wizards
8993,JaVale McGee,10000000.00,2012,2013,DEN,Denver Nuggets
9401,JaVale McGee,10750000.00,2013,2014,DEN,Denver Nuggets
9859,JaVale McGee,11250000.00,2014,2015,PHI,Philadelphia 76ers
10391,JaVale McGee,12000000.00,2015,2016,PHI,Philadelphia 76ers
10392,JaVale McGee,1270964.00,2015,2016,DAL,Dallas Mavericks
10982,JaVale McGee,1403611.00,2016,2017,GSW,Golden State Warriors
11547,JaVale McGee,2116955.00,2017,2018,GSW,Golden State Warriors
6850,Javaris Crittenton,1285200.00,2007,2008,MEM,Memphis Grizzlies
7252,Javaris Crittenton,1381560.00,2008,2009,WAS,Washington Wizards
7691,Javaris Crittenton,1477920.00,2009,2010,WAS,Washington Wizards
7253,Jawad Williams,244463.00,2008,2009,CLE,Cleveland Caveliers
7692,Jawad Williams,736420.00,2009,2010,CLE,Cleveland Caveliers
8132,Jawad Williams,321652.00,2010,2011,CLE,Cleveland Caveliers
501,Jawann Oldham,175000.00,1991,1992,SAC,Sacramento Kings
11548,Jawun Evans,815615.00,2017,2018,LAC,Los Angeles Clippers
879,Jay Guidinger,140000.00,1992,1993,CLE,Cleveland Caveliers
1267,Jay Guidinger,250000.00,1993,1994,CLE,Cleveland Caveliers
143,Jay Humphries,650000.00,1990,1991,MIL,Milwaukee Bucks
502,Jay Humphries,760000.00,1991,1992,MIL,Milwaukee Bucks
880,Jay Humphries,1800000.00,1992,1993,UTA,Utah Jazz
1268,Jay Humphries,1800000.00,1993,1994,UTA,Utah Jazz
1654,Jay Humphries,1900000.00,1994,1995,UTA,Utah Jazz
4772,Jay Williams,3451920.00,2002,2003,CHI,Chicago Bulls
5187,Jay Williams,3710880.00,2003,2004,CHI,Chicago Bulls
10983,Jaylen Brown,4743000.00,2016,2017,BOS,Boston Celtic
11549,Jaylen Brown,4956480.00,2017,2018,BOS,Boston Celtic
11550,Jayson Tatum,5645400.00,2017,2018,BOS,Boston Celtic
144,Jayson Williams,500000.00,1990,1991,PHI,Philadelphia 76ers
503,Jayson Williams,650000.00,1991,1992,PHI,Philadelphia 76ers
881,Jayson Williams,800000.00,1992,1993,NJN,Brooklyn Nets
1269,Jayson Williams,950000.00,1993,1994,NJN,Brooklyn Nets
2024,Jayson Williams,2000000.00,1995,1996,NJN,Brooklyn Nets
2395,Jayson Williams,2250000.00,1996,1997,NJN,Brooklyn Nets
2780,Jayson Williams,2500000.00,1997,1998,NJN,Brooklyn Nets
3159,Jayson Williams,11000000.00,1998,1999,NJN,Brooklyn Nets
3511,Jayson Williams,12375000.00,1999,2000,NJN,Brooklyn Nets
3902,Jayson Williams,13800000.00,2000,2001,NJN,Brooklyn Nets
4323,Jayson Williams,15125000.00,2001,2002,NJN,Brooklyn Nets
8133,Jeff Adrien,342666.00,2010,2011,GSW,Golden State Warriors
8558,Jeff Adrien,270427.00,2011,2012,HOU,Houston Rockets
9860,Jeff Adrien,981084.00,2014,2015,HOU,Houston Rockets
9402,Jeff Ayres,1750000.00,2013,2014,SAS,San Antonio Spurs
9861,Jeff Ayres,1828750.00,2014,2015,SAS,San Antonio Spurs
10393,Jeff Ayres,317232.00,2015,2016,LAC,Los Angeles Clippers
8559,Jeff Foote,225341.00,2011,2012,NOH,New Orleans Pelicans
3903,Jeff Foster,922080.00,2000,2001,IND,Indiana Pacers
4324,Jeff Foster,986400.00,2001,2002,IND,Indiana Pacers
4773,Jeff Foster,1571335.00,2002,2003,IND,Indiana Pacers
5188,Jeff Foster,4000000.00,2003,2004,IND,Indiana Pacers
5602,Jeff Foster,4500000.00,2004,2005,IND,Indiana Pacers
6048,Jeff Foster,5000000.00,2005,2006,IND,Indiana Pacers
6851,Jeff Foster,5500000.00,2007,2008,IND,Indiana Pacers
7254,Jeff Foster,5500000.00,2008,2009,IND,Indiana Pacers
7693,Jeff Foster,6077500.00,2009,2010,IND,Indiana Pacers
8134,Jeff Foster,6655000.00,2010,2011,IND,Indiana Pacers
8560,Jeff Foster,3000000.00,2011,2012,IND,Indiana Pacers
145,Jeff Grayer,605000.00,1990,1991,MIL,Milwaukee Bucks
504,Jeff Grayer,950000.00,1991,1992,MIL,Milwaukee Bucks
882,Jeff Grayer,550000.00,1992,1993,GSW,Golden State Warriors
1270,Jeff Grayer,715000.00,1993,1994,GSW,Golden State Warriors
6852,Jeff Green,3058200.00,2007,2008,OKC,Oklahoma City Thunder
7255,Jeff Green,3287640.00,2008,2009,OKC,Oklahoma City Thunder
7694,Jeff Green,3516960.00,2009,2010,OKC,Oklahoma City Thunder
8135,Jeff Green,4455988.00,2010,2011,BOS,Boston Celtic
9403,Jeff Green,8965000.00,2013,2014,BOS,Boston Celtic
9862,Jeff Green,9445000.00,2014,2015,MEM,Memphis Grizzlies
10394,Jeff Green,9200000.00,2015,2016,LAC,Los Angeles Clippers
10984,Jeff Green,15000000.00,2016,2017,ORL,Orlando Magic
11551,Jeff Green,2116955.00,2017,2018,CLE,Cleveland Caveliers
146,Jeff Hornacek,1100000.00,1990,1991,PHO,Phoenix Suns
505,Jeff Hornacek,1428000.00,1991,1992,PHO,Phoenix Suns
883,Jeff Hornacek,1646000.00,1992,1993,PHI,Philadelphia 76ers
1271,Jeff Hornacek,1946000.00,1993,1994,PHI,Philadelphia 76ers
1655,Jeff Hornacek,2121400.00,1994,1995,UTA,Utah Jazz
2025,Jeff Hornacek,2121000.00,1995,1996,UTA,Utah Jazz
2396,Jeff Hornacek,2396000.00,1996,1997,UTA,Utah Jazz
2781,Jeff Hornacek,4195000.00,1997,1998,UTA,Utah Jazz
3160,Jeff Hornacek,3455000.00,1998,1999,UTA,Utah Jazz
147,Jeff Malone,915000.00,1990,1991,UTA,Utah Jazz
506,Jeff Malone,1580000.00,1991,1992,UTA,Utah Jazz
884,Jeff Malone,1980000.00,1992,1993,UTA,Utah Jazz
1272,Jeff Malone,2380000.00,1993,1994,UTA,Utah Jazz
1656,Jeff Malone,1930000.00,1994,1995,PHI,Philadelphia 76ers
2026,Jeff Malone,2380000.00,1995,1996,PHI,Philadelphia 76ers
148,Jeff Martin,210000.00,1990,1991,LAC,Los Angeles Clippers
3161,Jeff McInnis,350000.00,1998,1999,WAS,Washington Wizards
3904,Jeff McInnis,523500.00,2000,2001,LAC,Los Angeles Clippers
4325,Jeff McInnis,590850.00,2001,2002,LAC,Los Angeles Clippers
4774,Jeff McInnis,3000000.00,2002,2003,POR,Portland Trail Blazers
5189,Jeff McInnis,3300000.00,2003,2004,POR,Portland Trail Blazers
5603,Jeff McInnis,3600000.00,2004,2005,CLE,Cleveland Caveliers
6049,Jeff McInnis,3400000.00,2005,2006,NJN,Brooklyn Nets
2782,Jeff Nordgaard,242000.00,1997,1998,MIL,Milwaukee Bucks
7695,Jeff Pendergraph,457588.00,2009,2010,POR,Portland Trail Blazers
8561,Jeff Pendergraph,1500000.00,2011,2012,IND,Indiana Pacers
8994,Jeff Pendergraph,1500000.00,2012,2013,IND,Indiana Pacers
507,Jeff Sanders,385000.00,1991,1992,MIA,Miami Heat
885,Jeff Sanders,250000.00,1992,1993,ATL,Atlanta Hawks
3162,Jeff Sanders,475000.00,1998,1999,CHI,Chicago Bulls
7696,Jeff Teague,1373880.00,2009,2010,ATL,Atlanta Hawks
8136,Jeff Teague,1476840.00,2010,2011,ATL,Atlanta Hawks
8562,Jeff Teague,1579920.00,2011,2012,ATL,Atlanta Hawks
8995,Jeff Teague,2433077.00,2012,2013,ATL,Atlanta Hawks
9404,Jeff Teague,8000000.00,2013,2014,ATL,Atlanta Hawks
9863,Jeff Teague,8000000.00,2014,2015,ATL,Atlanta Hawks
10395,Jeff Teague,8000000.00,2015,2016,ATL,Atlanta Hawks
10985,Jeff Teague,8800000.00,2016,2017,IND,Indiana Pacers
11552,Jeff Teague,19000000.00,2017,2018,MIN,Minnesota Timberwolves
4326,Jeff Trepagnier,332817.00,2001,2002,CLE,Cleveland Caveliers
5190,Jeff Trepagnier,638679.00,2003,2004,DEN,Denver Nuggets
149,Jeff Turner,410000.00,1990,1991,ORL,Orlando Magic
508,Jeff Turner,550000.00,1991,1992,ORL,Orlando Magic
886,Jeff Turner,700000.00,1992,1993,ORL,Orlando Magic
2027,Jeff Turner,1300000.00,1995,1996,ORL,Orlando Magic
9864,Jeff Withey,816482.00,2014,2015,NOH,New Orleans Pelicans
10396,Jeff Withey,947276.00,2015,2016,UTA,Utah Jazz
10986,Jeff Withey,1015696.00,2016,2017,UTA,Utah Jazz
11553,Jeff Withey,1577320.00,2017,2018,DAL,Dallas Mavericks
3163,Jeffrey Sheppard,287500.00,1998,1999,ATL,Atlanta Hawks
3512,Jeffrey Sheppard,385000.00,1999,2000,ATL,Atlanta Hawks
3164,Jelani McCoy,287500.00,1998,1999,OKC,Oklahoma City Thunder
3513,Jelani McCoy,1000000.00,1999,2000,OKC,Oklahoma City Thunder
3905,Jelani McCoy,1110000.00,2000,2001,OKC,Oklahoma City Thunder
4327,Jelani McCoy,565850.00,2001,2002,LAL,Los Angeles Lakers
4775,Jelani McCoy,637435.00,2002,2003,TOR,Toronto Raptors 
5191,Jelani McCoy,36643.00,2003,2004,CLE,Cleveland Caveliers
5604,Jelani McCoy,167418.00,2004,2005,ATL,Atlanta Hawks
6853,Jelani McCoy,151089.00,2007,2008,DEN,Denver Nuggets
2783,Jerald Honeycutt,300000.00,1997,1998,MIL,Milwaukee Bucks
3165,Jerald Honeycutt,300000.00,1998,1999,PHI,Philadelphia 76ers
3514,Jerald Honeycutt,460000.00,1999,2000,PHI,Philadelphia 76ers
9865,Jerami Grant,884879.00,2014,2015,PHI,Philadelphia 76ers
10397,Jerami Grant,845059.00,2015,2016,PHI,Philadelphia 76ers
10987,Jerami Grant,980431.00,2016,2017,OKC,Oklahoma City Thunder
11554,Jerami Grant,1524305.00,2017,2018,OKC,Oklahoma City Thunder
9866,Jerel McNeal,29843.00,2014,2015,PHO,Phoenix Suns
8137,Jeremy Evans,473604.00,2010,2011,UTA,Utah Jazz
8563,Jeremy Evans,762195.00,2011,2012,UTA,Utah Jazz
8996,Jeremy Evans,1794872.00,2012,2013,UTA,Utah Jazz
9405,Jeremy Evans,1660257.00,2013,2014,UTA,Utah Jazz
9867,Jeremy Evans,1794871.00,2014,2015,UTA,Utah Jazz
10398,Jeremy Evans,1100602.00,2015,2016,DAL,Dallas Mavericks
10988,Jeremy Evans,1227286.00,2016,2017,IND,Indiana Pacers
11555,Jeremy Evans,50000.00,2017,2018,ATL,Atlanta Hawks
8997,Jeremy Lamb,2020200.00,2012,2013,OKC,Oklahoma City Thunder
9406,Jeremy Lamb,2111160.00,2013,2014,OKC,Oklahoma City Thunder
9868,Jeremy Lamb,2202000.00,2014,2015,OKC,Oklahoma City Thunder
10399,Jeremy Lamb,3034356.00,2015,2016,CHA,Charlotte Hornets
10989,Jeremy Lamb,6511628.00,2016,2017,CHA,Charlotte Hornets
11556,Jeremy Lamb,7000000.00,2017,2018,CHA,Charlotte Hornets
8138,Jeremy Lin,473604.00,2010,2011,GSW,Golden State Warriors
8564,Jeremy Lin,762195.00,2011,2012,NYK,New York Knicks
9407,Jeremy Lin,8374646.00,2013,2014,HOU,Houston Rockets
9869,Jeremy Lin,8374646.00,2014,2015,LAL,Los Angeles Lakers
10400,Jeremy Lin,2100000.00,2015,2016,CHA,Charlotte Hornets
10990,Jeremy Lin,11483254.00,2016,2017,NJN,Brooklyn Nets
11557,Jeremy Lin,12000000.00,2017,2018,NJN,Brooklyn Nets
8565,Jeremy Pargo,1000000.00,2011,2012,MEM,Memphis Grizzlies
8998,Jeremy Pargo,762195.00,2012,2013,CLE,Cleveland Caveliers
8999,Jeremy Pargo,443867.00,2012,2013,PHI,Philadelphia 76ers
6452,Jeremy Richardson,120796.00,2006,2007,POR,Portland Trail Blazers
6453,Jeremy Richardson,55365.00,2006,2007,ATL,Atlanta Hawks
6854,Jeremy Richardson,511295.00,2007,2008,MEM,Memphis Grizzlies
6855,Jeremy Richardson,253499.00,2007,2008,ATL,Atlanta Hawks
6856,Jeremy Richardson,85932.00,2007,2008,SAS,San Antonio Spurs
7256,Jeremy Richardson,769431.00,2008,2009,ORL,Orlando Magic
8566,Jeremy Tyler,650000.00,2011,2012,GSW,Golden State Warriors
9000,Jeremy Tyler,762195.00,2012,2013,ATL,Atlanta Hawks
9408,Jeremy Tyler,884293.00,2013,2014,NYK,New York Knicks
9409,Jeremy Tyler,100000.00,2013,2014,ATL,Atlanta Hawks
10401,Jerian Grant,1572360.00,2015,2016,NYK,New York Knicks
10991,Jerian Grant,1643040.00,2016,2017,CHI,Chicago Bulls
11558,Jerian Grant,1713840.00,2017,2018,CHI,Chicago Bulls
3515,Jermaine Jackson,302875.00,1999,2000,DET,Detroit Pistons
4776,Jermaine Jackson,171932.00,2002,2003,TOR,Toronto Raptors 
6050,Jermaine Jackson,771123.00,2005,2006,CHI,Chicago Bulls
6051,Jermaine Jackson,583944.00,2005,2006,MIL,Milwaukee Bucks
2397,Jermaine O\'Neal,827000.00,1996,1997,POR,Portland Trail Blazers
2784,Jermaine O\'Neal,950640.00,1997,1998,POR,Portland Trail Blazers
3906,Jermaine O\'Neal,5710000.00,2000,2001,IND,Indiana Pacers
4328,Jermaine O\'Neal,6325000.00,2001,2002,IND,Indiana Pacers
4777,Jermaine O\'Neal,6900000.00,2002,2003,IND,Indiana Pacers
5192,Jermaine O\'Neal,13152000.00,2003,2004,IND,Indiana Pacers
5605,Jermaine O\'Neal,14796000.00,2004,2005,IND,Indiana Pacers
6052,Jermaine O\'Neal,16440000.00,2005,2006,IND,Indiana Pacers
6857,Jermaine O\'Neal,19728000.00,2007,2008,IND,Indiana Pacers
7697,Jermaine O\'Neal,23016000.00,2009,2010,MIA,Miami Heat
8139,Jermaine O\'Neal,5765000.00,2010,2011,BOS,Boston Celtic
8567,Jermaine O\'Neal,6226200.00,2011,2012,BOS,Boston Celtic
9001,Jermaine O\'Neal,1352181.00,2012,2013,PHO,Phoenix Suns
9410,Jermaine O\'Neal,2000000.00,2013,2014,GSW,Golden State Warriors
7698,Jermaine Taylor,725000.00,2009,2010,HOU,Houston Rockets
8140,Jermaine Taylor,780871.00,2010,2011,SAC,Sacramento Kings
2028,Jerome Allen,200000.00,1995,1996,MIN,Minnesota Timberwolves
2398,Jerome Allen,247500.00,1996,1997,IND,Indiana Pacers
2785,Jerome Allen,35000.00,1997,1998,CLE,Cleveland Caveliers
3516,Jerome Allen,510000.00,1999,2000,MIL,Milwaukee Bucks
5193,Jerome Beasley,366931.00,2003,2004,MIA,Miami Heat
5606,Jerome Beasley,620046.00,2004,2005,MIA,Miami Heat
3166,Jerome James,287500.00,1998,1999,SAC,Sacramento Kings
4329,Jerome James,465850.00,2001,2002,OKC,Oklahoma City Thunder
4778,Jerome James,4546000.00,2002,2003,OKC,Oklahoma City Thunder
5194,Jerome James,5000600.00,2003,2004,OKC,Oklahoma City Thunder
5607,Jerome James,5455200.00,2004,2005,OKC,Oklahoma City Thunder
6053,Jerome James,5000000.00,2005,2006,NYK,New York Knicks
6858,Jerome James,5800000.00,2007,2008,NYK,New York Knicks
7257,Jerome James,6200000.00,2008,2009,CHI,Chicago Bulls
7699,Jerome James,6600000.00,2009,2010,CHI,Chicago Bulls
8568,Jerome Jordan,473604.00,2011,2012,NYK,New York Knicks
9870,Jerome Jordan,915243.00,2014,2015,NJN,Brooklyn Nets
150,Jerome Kersey,550000.00,1990,1991,POR,Portland Trail Blazers
509,Jerome Kersey,561000.00,1991,1992,POR,Portland Trail Blazers
887,Jerome Kersey,2655000.00,1992,1993,POR,Portland Trail Blazers
1273,Jerome Kersey,2940000.00,1993,1994,POR,Portland Trail Blazers
1657,Jerome Kersey,3608000.00,1994,1995,POR,Portland Trail Blazers
2029,Jerome Kersey,255000.00,1995,1996,GSW,Golden State Warriors
2399,Jerome Kersey,247500.00,1996,1997,LAL,Los Angeles Lakers
2786,Jerome Kersey,500000.00,1997,1998,OKC,Oklahoma City Thunder
3517,Jerome Kersey,1000000.00,1999,2000,SAS,San Antonio Spurs
3907,Jerome Kersey,1000000.00,2000,2001,MIL,Milwaukee Bucks
151,Jerome Lane,500000.00,1990,1991,DEN,Denver Nuggets
510,Jerome Lane,640000.00,1991,1992,DEN,Denver Nuggets
888,Jerome Lane,225000.00,1992,1993,CLE,Cleveland Caveliers
3908,Jerome Moiso,1461960.00,2000,2001,BOS,Boston Celtic
4330,Jerome Moiso,1571640.00,2001,2002,CHA,Charlotte Hornets
4779,Jerome Moiso,1681200.00,2002,2003,NOH,New Orleans Pelicans
5195,Jerome Moiso,1600000.00,2003,2004,TOR,Toronto Raptors 
5608,Jerome Moiso,1760000.00,2004,2005,TOR,Toronto Raptors 
2400,Jerome Williams,568000.00,1996,1997,DET,Detroit Pistons
2787,Jerome Williams,652800.00,1997,1998,DET,Detroit Pistons
3167,Jerome Williams,737880.00,1998,1999,DET,Detroit Pistons
3518,Jerome Williams,2550000.00,1999,2000,DET,Detroit Pistons
3909,Jerome Williams,2870000.00,2000,2001,DET,Detroit Pistons
4331,Jerome Williams,5000000.00,2001,2002,TOR,Toronto Raptors 
4780,Jerome Williams,5250000.00,2002,2003,TOR,Toronto Raptors 
5196,Jerome Williams,5987500.00,2003,2004,CHI,Chicago Bulls
5609,Jerome Williams,6187500.00,2004,2005,NYK,New York Knicks
6054,Jerome Williams,6620063.00,2005,2006,NYK,New York Knicks
6859,Jerome Williams,7639400.00,2007,2008,NYK,New York Knicks
9871,Jerrelle Benimon,35000.00,2014,2015,DEN,Denver Nuggets
9872,Jerrelle Benimon,29843.00,2014,2015,UTA,Utah Jazz
152,Jerrod Mustaf,565000.00,1990,1991,NYK,New York Knicks
511,Jerrod Mustaf,735000.00,1991,1992,PHO,Phoenix Suns
889,Jerrod Mustaf,904000.00,1992,1993,PHO,Phoenix Suns
1274,Jerrod Mustaf,1073000.00,1993,1994,PHO,Phoenix Suns
153,Jerry Reynolds,450000.00,1990,1991,ORL,Orlando Magic
512,Jerry Reynolds,1300000.00,1991,1992,ORL,Orlando Magic
890,Jerry Reynolds,910000.00,1992,1993,ORL,Orlando Magic
1275,Jerry Reynolds,1288000.00,1993,1994,ORL,Orlando Magic
2030,Jerry Stackhouse,1987000.00,1995,1996,PHI,Philadelphia 76ers
2401,Jerry Stackhouse,2286000.00,1996,1997,PHI,Philadelphia 76ers
2788,Jerry Stackhouse,2583360.00,1997,1998,PHI,Philadelphia 76ers
3168,Jerry Stackhouse,3887000.00,1998,1999,DET,Detroit Pistons
3519,Jerry Stackhouse,4781250.00,1999,2000,DET,Detroit Pistons
3910,Jerry Stackhouse,5310000.00,2000,2001,DET,Detroit Pistons
4332,Jerry Stackhouse,5843750.00,2001,2002,DET,Detroit Pistons
4781,Jerry Stackhouse,6375000.00,2002,2003,WAS,Washington Wizards
5197,Jerry Stackhouse,6906250.00,2003,2004,WAS,Washington Wizards
5610,Jerry Stackhouse,7437500.00,2004,2005,DAL,Dallas Mavericks
6055,Jerry Stackhouse,8367187.00,2005,2006,DAL,Dallas Mavericks
6860,Jerry Stackhouse,6750000.00,2007,2008,DAL,Dallas Mavericks
7258,Jerry Stackhouse,7000000.00,2008,2009,DAL,Dallas Mavericks
7700,Jerry Stackhouse,2000000.00,2009,2010,MEM,Memphis Grizzlies
7701,Jerry Stackhouse,668598.00,2009,2010,MIL,Milwaukee Bucks
8569,Jerry Stackhouse,1352181.00,2011,2012,ATL,Atlanta Hawks
9002,Jerry Stackhouse,1352181.00,2012,2013,NJN,Brooklyn Nets
7259,Jerryd Bayless,1993560.00,2008,2009,POR,Portland Trail Blazers
7702,Jerryd Bayless,2143080.00,2009,2010,POR,Portland Trail Blazers
8141,Jerryd Bayless,2292600.00,2010,2011,TOR,Toronto Raptors 
8570,Jerryd Bayless,3042280.00,2011,2012,TOR,Toronto Raptors 
9003,Jerryd Bayless,3000000.00,2012,2013,MEM,Memphis Grizzlies
9411,Jerryd Bayless,3135000.00,2013,2014,MEM,Memphis Grizzlies
9873,Jerryd Bayless,3000000.00,2014,2015,MIL,Milwaukee Bucks
10402,Jerryd Bayless,3000000.00,2015,2016,MIL,Milwaukee Bucks
10992,Jerryd Bayless,9424084.00,2016,2017,PHI,Philadelphia 76ers
11559,Jerryd Bayless,9000000.00,2017,2018,PHI,Philadelphia 76ers
4333,Jeryl Sasser,901800.00,2001,2002,ORL,Orlando Magic
4782,Jeryl Sasser,969480.00,2002,2003,ORL,Orlando Magic
5198,Jeryl Sasser,1125729.00,2003,2004,ORL,Orlando Magic
154,Jim Grandholm,115000.00,1990,1991,DAL,Dallas Mavericks
1276,Jim Jackson,2000000.00,1993,1994,DAL,Dallas Mavericks
1658,Jim Jackson,2700000.00,1994,1995,DAL,Dallas Mavericks
2031,Jim Jackson,3200000.00,1995,1996,DAL,Dallas Mavericks
2402,Jim Jackson,3900000.00,1996,1997,DAL,Dallas Mavericks
2789,Jim Jackson,4600000.00,1997,1998,PHI,Philadelphia 76ers
3520,Jim Jackson,1925000.00,1999,2000,ATL,Atlanta Hawks
3911,Jim Jackson,2330000.00,2000,2001,ATL,Atlanta Hawks
4334,Jim Jackson,789170.00,2001,2002,MIA,Miami Heat
4783,Jim Jackson,791341.00,2002,2003,SAC,Sacramento Kings
5199,Jim Jackson,2200000.00,2003,2004,HOU,Houston Rockets
5611,Jim Jackson,2420000.00,2004,2005,HOU,Houston Rockets
155,Jim Les,30000.00,1990,1991,SAC,Sacramento Kings
513,Jim Les,323000.00,1991,1992,SAC,Sacramento Kings
891,Jim Les,413000.00,1992,1993,SAC,Sacramento Kings
1277,Jim Les,363000.00,1993,1994,SAC,Sacramento Kings
1659,Jim Les,250000.00,1994,1995,ATL,Atlanta Hawks
1660,Jim McIlvaine,200000.00,1994,1995,WAS,Washington Wizards
2032,Jim McIlvaine,525000.00,1995,1996,WAS,Washington Wizards
2403,Jim McIlvaine,3000000.00,1996,1997,OKC,Oklahoma City Thunder
2790,Jim McIlvaine,3600000.00,1997,1998,OKC,Oklahoma City Thunder
3169,Jim McIlvaine,4200000.00,1998,1999,NJN,Brooklyn Nets
3521,Jim McIlvaine,4800000.00,1999,2000,NJN,Brooklyn Nets
3912,Jim McIlvaine,5400000.00,2000,2001,NJN,Brooklyn Nets
4335,Jim McIlvaine,6000000.00,2001,2002,NJN,Brooklyn Nets
4784,Jim McIlvaine,4400000.00,2002,2003,NJN,Brooklyn Nets
514,Jim Paxson,225000.00,1991,1992,BOS,Boston Celtic
156,Jim Petersen,1235000.00,1990,1991,GSW,Golden State Warriors
515,Jim Petersen,936000.00,1991,1992,GSW,Golden State Warriors
892,Jim Petersen,1221000.00,1992,1993,GSW,Golden State Warriors
1278,Jim Petersen,1521000.00,1993,1994,GSW,Golden State Warriors
8571,Jimmer Fredette,2238360.00,2011,2012,SAC,Sacramento Kings
9004,Jimmer Fredette,2406240.00,2012,2013,SAC,Sacramento Kings
9412,Jimmer Fredette,2439840.00,2013,2014,SAC,Sacramento Kings
9874,Jimmer Fredette,948163.00,2014,2015,NOH,New Orleans Pelicans
10403,Jimmer Fredette,507711.00,2015,2016,SAS,San Antonio Spurs
10404,Jimmer Fredette,59731.00,2015,2016,NYK,New York Knicks
10405,Jimmer Fredette,54812.00,2015,2016,NOH,New Orleans Pelicans
8572,Jimmy Butler,1020960.00,2011,2012,CHI,Chicago Bulls
9005,Jimmy Butler,1097520.00,2012,2013,CHI,Chicago Bulls
9413,Jimmy Butler,1112880.00,2013,2014,CHI,Chicago Bulls
10406,Jimmy Butler,15260000.00,2015,2016,CHI,Chicago Bulls
10993,Jimmy Butler,17552209.00,2016,2017,CHI,Chicago Bulls
11560,Jimmy Butler,19301070.00,2017,2018,MIN,Minnesota Timberwolves
2033,Jimmy King,300000.00,1995,1996,TOR,Toronto Raptors 
2404,Jimmy King,330000.00,1996,1997,DAL,Dallas Mavericks
516,Jimmy Oliver,200000.00,1991,1992,CLE,Cleveland Caveliers
2791,Jimmy Oliver,272250.00,1997,1998,WAS,Washington Wizards
4785,Jiri Welsch,1234080.00,2002,2003,GSW,Golden State Warriors
5200,Jiri Welsch,1326600.00,2003,2004,BOS,Boston Celtic
5612,Jiri Welsch,1419240.00,2004,2005,BOS,Boston Celtic
6056,Jiri Welsch,2177114.00,2005,2006,MIL,Milwaukee Bucks
6861,Joakim Noah,2135400.00,2007,2008,CHI,Chicago Bulls
7260,Joakim Noah,2295480.00,2008,2009,CHI,Chicago Bulls
7703,Joakim Noah,2455680.00,2009,2010,CHI,Chicago Bulls
8142,Joakim Noah,3128536.00,2010,2011,CHI,Chicago Bulls
8573,Joakim Noah,12000000.00,2011,2012,CHI,Chicago Bulls
9006,Joakim Noah,11300000.00,2012,2013,CHI,Chicago Bulls
9414,Joakim Noah,11100000.00,2013,2014,CHI,Chicago Bulls
10407,Joakim Noah,13400000.00,2015,2016,CHI,Chicago Bulls
10994,Joakim Noah,17000000.00,2016,2017,NYK,New York Knicks
11561,Joakim Noah,17765000.00,2017,2018,NYK,New York Knicks
7704,Jodie Meeks,650000.00,2009,2010,PHI,Philadelphia 76ers
8143,Jodie Meeks,762195.00,2010,2011,PHI,Philadelphia 76ers
8574,Jodie Meeks,854389.00,2011,2012,PHI,Philadelphia 76ers
9007,Jodie Meeks,1500000.00,2012,2013,LAL,Los Angeles Lakers
9415,Jodie Meeks,1550000.00,2013,2014,LAL,Los Angeles Lakers
9875,Jodie Meeks,6000000.00,2014,2015,DET,Detroit Pistons
10408,Jodie Meeks,6270000.00,2015,2016,DET,Detroit Pistons
10995,Jodie Meeks,6540000.00,2016,2017,ORL,Orlando Magic
11562,Jodie Meeks,3290000.00,2017,2018,WAS,Washington Wizards
7261,Joe Alexander,2403120.00,2008,2009,MIL,Milwaukee Bucks
7705,Joe Alexander,2583360.00,2009,2010,CHI,Chicago Bulls
8144,Joe Alexander,90465.00,2010,2011,NOH,New Orleans Pelicans
157,Joe Barry Carroll,350000.00,1990,1991,PHO,Phoenix Suns
517,Joe Barry Carroll,925000.00,1991,1992,PHO,Phoenix Suns
1279,Joe Courtney,150000.00,1993,1994,PHO,Phoenix Suns
1661,Joe Courtney,13158.00,1994,1995,CHA,Charlotte Hornets
2034,Joe Courtney,225000.00,1995,1996,CLE,Cleveland Caveliers
4336,Joe Crispin,48705.00,2001,2002,LAL,Los Angeles Lakers
158,Joe Dumars,1035000.00,1990,1991,DET,Detroit Pistons
893,Joe Dumars,1339000.00,1992,1993,DET,Detroit Pistons
1280,Joe Dumars,1280000.00,1993,1994,DET,Detroit Pistons
1662,Joe Dumars,1096700.00,1994,1995,DET,Detroit Pistons
2405,Joe Dumars,3075000.00,1996,1997,DET,Detroit Pistons
2792,Joe Dumars,3000000.00,1997,1998,DET,Detroit Pistons
3170,Joe Dumars,1000000.00,1998,1999,DET,Detroit Pistons
3522,Joe Dumars,510000.00,1999,2000,DET,Detroit Pistons
9876,Joe Harris,884879.00,2014,2015,CLE,Cleveland Caveliers
10409,Joe Harris,845059.00,2015,2016,ORL,Orlando Magic
10996,Joe Harris,980431.00,2016,2017,NJN,Brooklyn Nets
11563,Joe Harris,1524305.00,2017,2018,NJN,Brooklyn Nets
9877,Joe Ingles,507336.00,2014,2015,UTA,Utah Jazz
10410,Joe Ingles,2250000.00,2015,2016,UTA,Utah Jazz
10997,Joe Ingles,2250000.00,2016,2017,UTA,Utah Jazz
11564,Joe Ingles,14136364.00,2017,2018,UTA,Utah Jazz
4337,Joe Johnson,1608840.00,2001,2002,BOS,Boston Celtic
4786,Joe Johnson,1729560.00,2002,2003,PHO,Phoenix Suns
5201,Joe Johnson,1850160.00,2003,2004,PHO,Phoenix Suns
5613,Joe Johnson,2358954.00,2004,2005,PHO,Phoenix Suns
6057,Joe Johnson,12000000.00,2005,2006,ATL,Atlanta Hawks
6454,Joe Johnson,12744189.00,2006,2007,ATL,Atlanta Hawks
6862,Joe Johnson,13488377.00,2007,2008,ATL,Atlanta Hawks
7262,Joe Johnson,14232567.00,2008,2009,ATL,Atlanta Hawks
7706,Joe Johnson,14976754.00,2009,2010,ATL,Atlanta Hawks
8145,Joe Johnson,16324500.00,2010,2011,ATL,Atlanta Hawks
8575,Joe Johnson,18038573.00,2011,2012,ATL,Atlanta Hawks
9008,Joe Johnson,19752645.00,2012,2013,NJN,Brooklyn Nets
9416,Joe Johnson,21466718.00,2013,2014,NJN,Brooklyn Nets
9878,Joe Johnson,23180790.00,2014,2015,NJN,Brooklyn Nets
10411,Joe Johnson,24894863.00,2015,2016,NJN,Brooklyn Nets
10412,Joe Johnson,414481.00,2015,2016,MIA,Miami Heat
10998,Joe Johnson,11000000.00,2016,2017,UTA,Utah Jazz
11565,Joe Johnson,10505000.00,2017,2018,UTA,Utah Jazz
159,Joe Kleine,850000.00,1990,1991,BOS,Boston Celtic
518,Joe Kleine,950000.00,1991,1992,BOS,Boston Celtic
894,Joe Kleine,1150000.00,1992,1993,BOS,Boston Celtic
1281,Joe Kleine,650000.00,1993,1994,PHO,Phoenix Suns
1663,Joe Kleine,845000.00,1994,1995,PHO,Phoenix Suns
2035,Joe Kleine,1040000.00,1995,1996,PHO,Phoenix Suns
2406,Joe Kleine,1235000.00,1996,1997,PHO,Phoenix Suns
2793,Joe Kleine,272250.00,1997,1998,CHI,Chicago Bulls
3171,Joe Kleine,1000000.00,1998,1999,PHO,Phoenix Suns
3913,Joe Kleine,1200000.00,2000,2001,IND,Indiana Pacers
2036,Joe Smith,2473000.00,1995,1996,GSW,Golden State Warriors
2407,Joe Smith,2794000.00,1996,1997,GSW,Golden State Warriors
2794,Joe Smith,3165160.00,1997,1998,GSW,Golden State Warriors
3172,Joe Smith,1750000.00,1998,1999,MIN,Minnesota Timberwolves
3523,Joe Smith,2100000.00,1999,2000,MIN,Minnesota Timberwolves
3914,Joe Smith,2250000.00,2000,2001,DET,Detroit Pistons
4338,Joe Smith,4538000.00,2001,2002,MIN,Minnesota Timberwolves
4787,Joe Smith,4991800.00,2002,2003,MIN,Minnesota Timberwolves
5202,Joe Smith,5445600.00,2003,2004,MIL,Milwaukee Bucks
5614,Joe Smith,5899400.00,2004,2005,MIL,Milwaukee Bucks
6058,Joe Smith,6353200.00,2005,2006,MIL,Milwaukee Bucks
6455,Joe Smith,6807000.00,2006,2007,PHI,Philadelphia 76ers
6863,Joe Smith,5200000.00,2007,2008,CLE,Cleveland Caveliers
7263,Joe Smith,4795000.00,2008,2009,OKC,Oklahoma City Thunder
7707,Joe Smith,1306455.00,2009,2010,ATL,Atlanta Hawks
8146,Joe Smith,1352181.00,2010,2011,LAL,Los Angeles Lakers
3524,Joe Stephens,88441.00,1999,2000,MEM,Memphis Grizzlies
160,Joe Wolf,990000.00,1990,1991,DEN,Denver Nuggets
519,Joe Wolf,763000.00,1991,1992,DEN,Denver Nuggets
895,Joe Wolf,29000.00,1992,1993,BOS,Boston Celtic
1664,Joe Wolf,150000.00,1994,1995,CHA,Charlotte Hornets
2037,Joe Wolf,225000.00,1995,1996,ORL,Orlando Magic
2408,Joe Wolf,400000.00,1996,1997,MIL,Milwaukee Bucks
2795,Joe Wolf,480000.00,1997,1998,DEN,Denver Nuggets
3173,Joe Wolf,1000000.00,1998,1999,CHA,Charlotte Hornets
10999,Joe Young,1052342.00,2016,2017,IND,Indiana Pacers
11566,Joe Young,1471382.00,2017,2018,IND,Indiana Pacers
6864,Joel Anthony,427163.00,2007,2008,MIA,Miami Heat
7708,Joel Anthony,825497.00,2009,2010,MIA,Miami Heat
8576,Joel Anthony,3600000.00,2011,2012,MIA,Miami Heat
9009,Joel Anthony,3750000.00,2012,2013,MIA,Miami Heat
9417,Joel Anthony,3800000.00,2013,2014,MIA,Miami Heat
9879,Joel Anthony,3800000.00,2014,2015,DET,Detroit Pistons
10413,Joel Anthony,2500000.00,2015,2016,DET,Detroit Pistons
11000,Joel Anthony,663810.00,2016,2017,SAS,San Antonio Spurs
11001,Joel Bolomboy,600000.00,2016,2017,UTA,Utah Jazz
11567,Joel Bolomboy,1312611.00,2017,2018,UTA,Utah Jazz
9880,Joel Embiid,4427640.00,2014,2015,PHI,Philadelphia 76ers
10414,Joel Embiid,4626960.00,2015,2016,PHI,Philadelphia 76ers
11002,Joel Embiid,4826160.00,2016,2017,PHI,Philadelphia 76ers
11568,Joel Embiid,6100266.00,2017,2018,PHI,Philadelphia 76ers
9010,Joel Freeland,3013512.00,2012,2013,POR,Portland Trail Blazers
9418,Joel Freeland,2897976.00,2013,2014,POR,Portland Trail Blazers
9881,Joel Freeland,3013512.00,2014,2015,POR,Portland Trail Blazers
3915,Joel Przybilla,1619880.00,2000,2001,MIL,Milwaukee Bucks
4339,Joel Przybilla,1741440.00,2001,2002,MIL,Milwaukee Bucks
4788,Joel Przybilla,1862880.00,2002,2003,MIL,Milwaukee Bucks
5203,Joel Przybilla,2373309.00,2003,2004,MIL,Milwaukee Bucks
5615,Joel Przybilla,1500000.00,2004,2005,POR,Portland Trail Blazers
6059,Joel Przybilla,1560000.00,2005,2006,POR,Portland Trail Blazers
6456,Joel Przybilla,5215000.00,2006,2007,POR,Portland Trail Blazers
6865,Joel Przybilla,5762575.00,2007,2008,POR,Portland Trail Blazers
7264,Joel Przybilla,6310150.00,2008,2009,POR,Portland Trail Blazers
7709,Joel Przybilla,6857725.00,2009,2010,POR,Portland Trail Blazers
8577,Joel Przybilla,1145027.00,2011,2012,POR,Portland Trail Blazers
9011,Joel Przybilla,1352181.00,2012,2013,MIL,Milwaukee Bucks
7265,Joey Dorsey,816500.00,2008,2009,HOU,Houston Rockets
7710,Joey Dorsey,881000.00,2009,2010,SAC,Sacramento Kings
8147,Joey Dorsey,854389.00,2010,2011,TOR,Toronto Raptors 
9882,Joey Dorsey,948163.00,2014,2015,HOU,Houston Rockets
10415,Joey Dorsey,1015421.00,2015,2016,DEN,Denver Nuggets
6060,Joey Graham,1388400.00,2005,2006,TOR,Toronto Raptors 
6457,Joey Graham,1492440.00,2006,2007,TOR,Toronto Raptors 
6866,Joey Graham,1596600.00,2007,2008,TOR,Toronto Raptors 
7266,Joey Graham,2449184.00,2008,2009,TOR,Toronto Raptors 
7711,Joey Graham,884881.00,2009,2010,DEN,Denver Nuggets
8148,Joey Graham,992680.00,2010,2011,CLE,Cleveland Caveliers
9883,Joffrey Lauvergne,1790280.00,2014,2015,DEN,Denver Nuggets
10416,Joffrey Lauvergne,1709720.00,2015,2016,DEN,Denver Nuggets
11003,Joffrey Lauvergne,1709720.00,2016,2017,CHI,Chicago Bulls
11569,Joffrey Lauvergne,1524305.00,2017,2018,SAS,San Antonio Spurs
6061,Johan Petro,936600.00,2005,2006,OKC,Oklahoma City Thunder
6458,Johan Petro,1006800.00,2006,2007,OKC,Oklahoma City Thunder
6867,Johan Petro,1077120.00,2007,2008,OKC,Oklahoma City Thunder
7267,Johan Petro,1939893.00,2008,2009,DEN,Denver Nuggets
7712,Johan Petro,884881.00,2009,2010,DEN,Denver Nuggets
8149,Johan Petro,3250000.00,2010,2011,NJN,Brooklyn Nets
8578,Johan Petro,3250000.00,2011,2012,NJN,Brooklyn Nets
9012,Johan Petro,3500000.00,2012,2013,ATL,Atlanta Hawks
2038,John Amaechi,200000.00,1995,1996,CLE,Cleveland Caveliers
3916,John Amaechi,600000.00,2000,2001,ORL,Orlando Magic
4340,John Amaechi,2175000.00,2001,2002,UTA,Utah Jazz
4789,John Amaechi,2392500.00,2002,2003,UTA,Utah Jazz
5204,John Amaechi,2610000.00,2003,2004,NYK,New York Knicks
5616,John Amaechi,1200000.00,2004,2005,NYK,New York Knicks
161,John Bagley,550000.00,1990,1991,BOS,Boston Celtic
520,John Bagley,550000.00,1991,1992,BOS,Boston Celtic
896,John Bagley,550000.00,1992,1993,BOS,Boston Celtic
1282,John Bagley,600000.00,1993,1994,BOS,Boston Celtic
162,John Battle,590000.00,1990,1991,ATL,Atlanta Hawks
521,John Battle,700000.00,1991,1992,CLE,Cleveland Caveliers
897,John Battle,910000.00,1992,1993,CLE,Cleveland Caveliers
1283,John Battle,1120000.00,1993,1994,CLE,Cleveland Caveliers
1665,John Battle,1330000.00,1994,1995,CLE,Cleveland Caveliers
3525,John Celestand,301875.00,1999,2000,LAL,Los Angeles Lakers
2039,John Coker,200000.00,1995,1996,PHO,Phoenix Suns
3174,John Coker,350000.00,1998,1999,WAS,Washington Wizards
3526,John Coker,510000.00,1999,2000,WAS,Washington Wizards
11570,John Collins,1936920.00,2017,2018,ATL,Atlanta Hawks
898,John Crotty,140000.00,1992,1993,UTA,Utah Jazz
1284,John Crotty,200000.00,1993,1994,UTA,Utah Jazz
1666,John Crotty,250000.00,1994,1995,UTA,Utah Jazz
2040,John Crotty,350000.00,1995,1996,CLE,Cleveland Caveliers
2796,John Crotty,420000.00,1997,1998,POR,Portland Trail Blazers
3175,John Crotty,600000.00,1998,1999,OKC,Oklahoma City Thunder
3527,John Crotty,477000.00,1999,2000,DET,Detroit Pistons
3917,John Crotty,800000.00,2000,2001,UTA,Utah Jazz
4341,John Crotty,1000000.00,2001,2002,UTA,Utah Jazz
4790,John Crotty,138171.00,2002,2003,DEN,Denver Nuggets
5617,John Edwards,385277.00,2004,2005,IND,Indiana Pacers
6062,John Edwards,1000000.00,2005,2006,ATL,Atlanta Hawks
9013,John Henson,1823280.00,2012,2013,MIL,Milwaukee Bucks
9419,John Henson,1905360.00,2013,2014,MIL,Milwaukee Bucks
9884,John Henson,1987320.00,2014,2015,MIL,Milwaukee Bucks
10417,John Henson,2943221.00,2015,2016,MIL,Milwaukee Bucks
11004,John Henson,12517606.00,2016,2017,MIL,Milwaukee Bucks
11571,John Henson,11422536.00,2017,2018,MIL,Milwaukee Bucks
10418,John Holland,9266.00,2015,2016,BOS,Boston Celtic
9014,John Jenkins,1204560.00,2012,2013,ATL,Atlanta Hawks
9420,John Jenkins,1258800.00,2013,2014,ATL,Atlanta Hawks
9885,John Jenkins,1312920.00,2014,2015,ATL,Atlanta Hawks
10419,John Jenkins,981000.00,2015,2016,PHO,Phoenix Suns
11005,John Jenkins,469841.00,2016,2017,PHO,Phoenix Suns
163,John Long,150000.00,1990,1991,DET,Detroit Pistons
2409,John Long,205200.00,1996,1997,TOR,Toronto Raptors 
2797,John Long,272500.00,1997,1998,TOR,Toronto Raptors 
6063,John Lucas,34041.00,2005,2006,HOU,Houston Rockets
6459,John Lucas,700000.00,2006,2007,HOU,Houston Rockets
7268,John Lucas,32842.00,2008,2009,OKC,Oklahoma City Thunder
8150,John Lucas,208264.00,2010,2011,CHI,Chicago Bulls
8579,John Lucas,915852.00,2011,2012,CHI,Chicago Bulls
9015,John Lucas,1500000.00,2012,2013,TOR,Toronto Raptors 
9421,John Lucas,1600000.00,2013,2014,UTA,Utah Jazz
9886,John Lucas,123827.00,2014,2015,DET,Detroit Pistons
11006,John Lucas III,635753.00,2016,2017,MIN,Minnesota Timberwolves
164,John Morton,350000.00,1990,1991,CLE,Cleveland Caveliers
522,John Morton,450000.00,1991,1992,CLE,Cleveland Caveliers
3528,John Morton,6735.00,1999,2000,GSW,Golden State Warriors
165,John Paxson,385000.00,1990,1991,CHI,Chicago Bulls
523,John Paxson,1600000.00,1991,1992,CHI,Chicago Bulls
899,John Paxson,1200000.00,1992,1993,CHI,Chicago Bulls
1285,John Paxson,800000.00,1993,1994,CHI,Chicago Bulls
166,John Salley,575000.00,1990,1991,DET,Detroit Pistons
900,John Salley,2002000.00,1992,1993,MIA,Miami Heat
1286,John Salley,2452000.00,1993,1994,MIA,Miami Heat
1667,John Salley,2652000.00,1994,1995,MIA,Miami Heat
2041,John Salley,2402000.00,1995,1996,TOR,Toronto Raptors 
2410,John Salley,2225000.00,1996,1997,TOR,Toronto Raptors 
3529,John Salley,510000.00,1999,2000,LAL,Los Angeles Lakers
5618,John Salmons,925680.00,2004,2005,PHI,Philadelphia 76ers
6064,John Salmons,1669001.00,2005,2006,PHI,Philadelphia 76ers
6460,John Salmons,4400000.00,2006,2007,SAC,Sacramento Kings
7269,John Salmons,5104000.00,2008,2009,CHI,Chicago Bulls
7713,John Salmons,5456000.00,2009,2010,MIL,Milwaukee Bucks
8151,John Salmons,8000000.00,2010,2011,MIL,Milwaukee Bucks
8580,John Salmons,8500000.00,2011,2012,SAC,Sacramento Kings
9016,John Salmons,8083000.00,2012,2013,SAC,Sacramento Kings
9422,John Salmons,7583000.00,2013,2014,SAC,Sacramento Kings
9887,John Salmons,2000000.00,2014,2015,PHO,Phoenix Suns
9888,John Salmons,1000000.00,2014,2015,ATL,Atlanta Hawks
167,John Shasky,150000.00,1990,1991,DAL,Dallas Mavericks
524,John Shasky,250000.00,1991,1992,DAL,Dallas Mavericks
901,John Shasky,150000.00,1992,1993,DAL,Dallas Mavericks
168,John Starks,120000.00,1990,1991,NYK,New York Knicks
525,John Starks,400000.00,1991,1992,NYK,New York Knicks
902,John Starks,600000.00,1992,1993,NYK,New York Knicks
1287,John Starks,1112000.00,1993,1994,NYK,New York Knicks
1668,John Starks,1362500.00,1994,1995,NYK,New York Knicks
2042,John Starks,1613000.00,1995,1996,NYK,New York Knicks
2411,John Starks,1913000.00,1996,1997,NYK,New York Knicks
2798,John Starks,5112500.00,1997,1998,NYK,New York Knicks
3176,John Starks,4000000.00,1998,1999,GSW,Golden State Warriors
3918,John Starks,2250000.00,2000,2001,UTA,Utah Jazz
4342,John Starks,2475000.00,2001,2002,UTA,Utah Jazz
169,John Stockton,2000000.00,1990,1991,UTA,Utah Jazz
526,John Stockton,2100000.00,1991,1992,UTA,Utah Jazz
903,John Stockton,2200000.00,1992,1993,UTA,Utah Jazz
1288,John Stockton,2400000.00,1993,1994,UTA,Utah Jazz
1669,John Stockton,2600000.00,1994,1995,UTA,Utah Jazz
2043,John Stockton,2800000.00,1995,1996,UTA,Utah Jazz
2412,John Stockton,6000000.00,1996,1997,UTA,Utah Jazz
2799,John Stockton,5000000.00,1997,1998,UTA,Utah Jazz
3177,John Stockton,4000000.00,1998,1999,UTA,Utah Jazz
3919,John Stockton,11000000.00,2000,2001,UTA,Utah Jazz
4343,John Stockton,7000000.00,2001,2002,UTA,Utah Jazz
4791,John Stockton,7875000.00,2002,2003,UTA,Utah Jazz
2800,John Thomas,640440.00,1997,1998,BOS,Boston Celtic
3530,John Thomas,832560.00,1999,2000,TOR,Toronto Raptors 
6065,John Thomas,178675.00,2005,2006,ATL,Atlanta Hawks
6066,John Thomas,103443.00,2005,2006,MEM,Memphis Grizzlies
527,John Turner,615000.00,1991,1992,HOU,Houston Rockets
8152,John Wall,5144280.00,2010,2011,WAS,Washington Wizards
8581,John Wall,5530080.00,2011,2012,WAS,Washington Wizards
9017,John Wall,5915880.00,2012,2013,WAS,Washington Wizards
9423,John Wall,7459925.00,2013,2014,WAS,Washington Wizards
9889,John Wall,14746000.00,2014,2015,WAS,Washington Wizards
10420,John Wall,15851950.00,2015,2016,WAS,Washington Wizards
11007,John Wall,16957900.00,2016,2017,WAS,Washington Wizards
11572,John Wall,18063850.00,2017,2018,WAS,Washington Wizards
2413,John Wallace,785000.00,1996,1997,NYK,New York Knicks
2801,John Wallace,903120.00,1997,1998,TOR,Toronto Raptors 
3920,John Wallace,2200000.00,2000,2001,DET,Detroit Pistons
4344,John Wallace,2630000.00,2001,2002,PHO,Phoenix Suns
5205,John Wallace,813679.00,2003,2004,MIA,Miami Heat
170,John Williams,1000000.00,1990,1991,WAS,Washington Wizards
528,John Williams,1100000.00,1991,1992,WAS,Washington Wizards
904,John Williams,800000.00,1992,1993,LAC,Los Angeles Clippers
1289,John Williams,1100000.00,1993,1994,LAC,Los Angeles Clippers
171,Johnny Dawkins,1500000.00,1990,1991,PHI,Philadelphia 76ers
529,Johnny Dawkins,1700000.00,1991,1992,PHI,Philadelphia 76ers
905,Johnny Dawkins,1900000.00,1992,1993,PHI,Philadelphia 76ers
1290,Johnny Dawkins,2100000.00,1993,1994,PHI,Philadelphia 76ers
1670,Johnny Dawkins,1680000.00,1994,1995,PHI,Philadelphia 76ers
1671,Johnny Dawkins,150000.00,1994,1995,DET,Detroit Pistons
172,Johnny Newman,1200000.00,1990,1991,CHA,Charlotte Hornets
530,Johnny Newman,1206000.00,1991,1992,CHA,Charlotte Hornets
906,Johnny Newman,1175000.00,1992,1993,CHA,Charlotte Hornets
1291,Johnny Newman,1435000.00,1993,1994,NJN,Brooklyn Nets
1672,Johnny Newman,300000.00,1994,1995,MIL,Milwaukee Bucks
2044,Johnny Newman,1100000.00,1995,1996,MIL,Milwaukee Bucks
2414,Johnny Newman,1225000.00,1996,1997,MIL,Milwaukee Bucks
2802,Johnny Newman,1325000.00,1997,1998,DEN,Denver Nuggets
3178,Johnny Newman,1000000.00,1998,1999,CLE,Cleveland Caveliers
3531,Johnny Newman,1100000.00,1999,2000,NJN,Brooklyn Nets
3921,Johnny Newman,2000000.00,2000,2001,NJN,Brooklyn Nets
4345,Johnny Newman,1675000.00,2001,2002,PHO,Phoenix Suns
4346,Johnny Newman,1000000.00,2001,2002,DAL,Dallas Mavericks
9890,Johnny O\'Bryant,600000.00,2014,2015,MIL,Milwaukee Bucks
10421,Johnny O\'Bryant,845059.00,2015,2016,MIL,Milwaukee Bucks
11008,Johnny O\'Bryant,276827.00,2016,2017,CHA,Charlotte Hornets
11009,Johnny O\'Bryant,115344.00,2016,2017,DEN,Denver Nuggets
11573,Johnny O\'Bryant,1524305.00,2017,2018,CHA,Charlotte Hornets
2803,Johnny Taylor,901880.00,1997,1998,ORL,Orlando Magic
3179,Johnny Taylor,1037000.00,1998,1999,DEN,Denver Nuggets
907,Jon Barry,500000.00,1992,1993,MIL,Milwaukee Bucks
1292,Jon Barry,650000.00,1993,1994,MIL,Milwaukee Bucks
1673,Jon Barry,800000.00,1994,1995,MIL,Milwaukee Bucks
2045,Jon Barry,275000.00,1995,1996,GSW,Golden State Warriors
2415,Jon Barry,247500.00,1996,1997,ATL,Atlanta Hawks
2804,Jon Barry,272500.00,1997,1998,LAL,Los Angeles Lakers
3180,Jon Barry,600000.00,1998,1999,SAC,Sacramento Kings
3532,Jon Barry,800000.00,1999,2000,SAC,Sacramento Kings
3922,Jon Barry,2730000.00,2000,2001,SAC,Sacramento Kings
4347,Jon Barry,3175000.00,2001,2002,DET,Detroit Pistons
4792,Jon Barry,3175000.00,2002,2003,DET,Detroit Pistons
5206,Jon Barry,3000000.00,2003,2004,DEN,Denver Nuggets
5619,Jon Barry,1800000.00,2004,2005,ATL,Atlanta Hawks
6067,Jon Barry,1800000.00,2005,2006,HOU,Houston Rockets
7714,Jon Brockman,457588.00,2009,2010,SAC,Sacramento Kings
8153,Jon Brockman,1000000.00,2010,2011,MIL,Milwaukee Bucks
8582,Jon Brockman,1000000.00,2011,2012,MIL,Milwaukee Bucks
173,Jon Koncak,1550000.00,1990,1991,ATL,Atlanta Hawks
531,Jon Koncak,2000000.00,1991,1992,ATL,Atlanta Hawks
908,Jon Koncak,2450000.00,1992,1993,ATL,Atlanta Hawks
1293,Jon Koncak,2900000.00,1993,1994,ATL,Atlanta Hawks
1674,Jon Koncak,2600000.00,1994,1995,ATL,Atlanta Hawks
2046,Jon Koncak,1000000.00,1995,1996,ORL,Orlando Magic
2416,Jon Koncak,1150000.00,1996,1997,GSW,Golden State Warriors
8583,Jon Leuer,473604.00,2011,2012,MIL,Milwaukee Bucks
9018,Jon Leuer,762195.00,2012,2013,MEM,Memphis Grizzlies
9891,Jon Leuer,967500.00,2014,2015,MEM,Memphis Grizzlies
10422,Jon Leuer,1035000.00,2015,2016,PHO,Phoenix Suns
11010,Jon Leuer,10991957.00,2016,2017,DET,Detroit Pistons
11574,Jon Leuer,10497319.00,2017,2018,DET,Detroit Pistons
174,Jon Sundvold,335000.00,1990,1991,MIA,Miami Heat
532,Jon Sundvold,333000.00,1991,1992,MIA,Miami Heat
7715,Jonas Jerebko,457588.00,2009,2010,DET,Detroit Pistons
8584,Jonas Jerebko,4500000.00,2011,2012,DET,Detroit Pistons
9424,Jonas Jerebko,4500000.00,2013,2014,DET,Detroit Pistons
9892,Jonas Jerebko,4500000.00,2014,2015,BOS,Boston Celtic
10423,Jonas Jerebko,5000000.00,2015,2016,BOS,Boston Celtic
11011,Jonas Jerebko,5000000.00,2016,2017,BOS,Boston Celtic
11575,Jonas Jerebko,4000000.00,2017,2018,UTA,Utah Jazz
9019,Jonas Valanciunas,3627720.00,2012,2013,TOR,Toronto Raptors 
9425,Jonas Valanciunas,3526440.00,2013,2014,TOR,Toronto Raptors 
9893,Jonas Valanciunas,3678360.00,2014,2015,TOR,Toronto Raptors 
10424,Jonas Valanciunas,4660482.00,2015,2016,TOR,Toronto Raptors 
11012,Jonas Valanciunas,14382022.00,2016,2017,TOR,Toronto Raptors 
11576,Jonas Valanciunas,15460675.00,2017,2018,TOR,Toronto Raptors 
3923,Jonathan Bender,2380680.00,2000,2001,IND,Indiana Pacers
4348,Jonathan Bender,2546760.00,2001,2002,IND,Indiana Pacers
4793,Jonathan Bender,3226745.00,2002,2003,IND,Indiana Pacers
5207,Jonathan Bender,5800000.00,2003,2004,IND,Indiana Pacers
5620,Jonathan Bender,6525000.00,2004,2005,IND,Indiana Pacers
6068,Jonathan Bender,7175000.00,2005,2006,IND,Indiana Pacers
7716,Jonathan Bender,801361.00,2009,2010,NYK,New York Knicks
11013,Jonathan Gibson,680937.00,2016,2017,DAL,Dallas Mavericks
10425,Jonathan Holmes,100000.00,2015,2016,LAL,Los Angeles Lakers
11577,Jonathan Isaac,4186320.00,2017,2018,ORL,Orlando Magic
3181,Jonathan Kerner,287500.00,1998,1999,ORL,Orlando Magic
3533,Jonathan Kerner,5000.00,1999,2000,WAS,Washington Wizards
10426,Jonathon Simmons,525093.00,2015,2016,SAS,San Antonio Spurs
11014,Jonathon Simmons,874636.00,2016,2017,SAS,San Antonio Spurs
11578,Jonathon Simmons,6300000.00,2017,2018,ORL,Orlando Magic
7717,Jonny Flynn,2969280.00,2009,2010,MIN,Minnesota Timberwolves
8154,Jonny Flynn,3192000.00,2010,2011,MIN,Minnesota Timberwolves
8585,Jonny Flynn,3414720.00,2011,2012,HOU,Houston Rockets
9894,Jordan Adams,1344120.00,2014,2015,MEM,Memphis Grizzlies
10427,Jordan Adams,1404600.00,2015,2016,MEM,Memphis Grizzlies
11015,Jordan Adams,1465080.00,2016,2017,MEM,Memphis Grizzlies
11579,Jordan Bell,815615.00,2017,2018,GSW,Golden State Warriors
9895,Jordan Clarkson,507336.00,2014,2015,LAL,Los Angeles Lakers
10428,Jordan Clarkson,845059.00,2015,2016,LAL,Los Angeles Lakers
11016,Jordan Clarkson,12500000.00,2016,2017,LAL,Los Angeles Lakers
11580,Jordan Clarkson,11562500.00,2017,2018,LAL,Los Angeles Lakers
8155,Jordan Crawford,1042320.00,2010,2011,WAS,Washington Wizards
8586,Jordan Crawford,1120440.00,2011,2012,WAS,Washington Wizards
9426,Jordan Crawford,2162419.00,2013,2014,BOS,Boston Celtic
11017,Jordan Crawford,234915.00,2016,2017,NOH,New Orleans Pelicans
11581,Jordan Crawford,250000.00,2017,2018,NOH,New Orleans Pelicans
6461,Jordan Farmar,939120.00,2006,2007,LAL,Los Angeles Lakers
6868,Jordan Farmar,1009560.00,2007,2008,LAL,Los Angeles Lakers
7270,Jordan Farmar,1080000.00,2008,2009,LAL,Los Angeles Lakers
7718,Jordan Farmar,1947240.00,2009,2010,LAL,Los Angeles Lakers
8156,Jordan Farmar,3750000.00,2010,2011,NJN,Brooklyn Nets
8587,Jordan Farmar,4000000.00,2011,2012,NJN,Brooklyn Nets
9020,Jordan Farmar,1500000.00,2012,2013,ATL,Atlanta Hawks
9427,Jordan Farmar,1106941.00,2013,2014,LAL,Los Angeles Lakers
9896,Jordan Farmar,2077000.00,2014,2015,LAC,Los Angeles Clippers
10429,Jordan Farmar,191456.00,2015,2016,MEM,Memphis Grizzlies
11018,Jordan Farmar,510921.00,2016,2017,LAC,Los Angeles Clippers
11019,Jordan Farmar,82979.00,2016,2017,SAC,Sacramento Kings
11582,Jordan Farmar,510921.00,2017,2018,LAC,Los Angeles Clippers
8588,Jordan Hamilton,1073286.00,2011,2012,DEN,Denver Nuggets
9021,Jordan Hamilton,1153800.00,2012,2013,DEN,Denver Nuggets
9428,Jordan Hamilton,1169880.00,2013,2014,DEN,Denver Nuggets
9897,Jordan Hamilton,150591.00,2014,2015,LAC,Los Angeles Clippers
10430,Jordan Hamilton,119462.00,2015,2016,NOH,New Orleans Pelicans
7719,Jordan Hill,2483280.00,2009,2010,HOU,Houston Rockets
8157,Jordan Hill,2669520.00,2010,2011,HOU,Houston Rockets
8589,Jordan Hill,2855760.00,2011,2012,HOU,Houston Rockets
9022,Jordan Hill,3632527.00,2012,2013,LAL,Los Angeles Lakers
9429,Jordan Hill,3563600.00,2013,2014,LAL,Los Angeles Lakers
9898,Jordan Hill,9000000.00,2014,2015,LAL,Los Angeles Lakers
10431,Jordan Hill,4000000.00,2015,2016,IND,Indiana Pacers
11020,Jordan Hill,3911380.00,2016,2017,MIN,Minnesota Timberwolves
10432,Jordan McRae,172972.00,2015,2016,CLE,Cleveland Caveliers
10433,Jordan McRae,61776.00,2015,2016,PHO,Phoenix Suns
11021,Jordan McRae,874636.00,2016,2017,CLE,Cleveland Caveliers
10434,Jordan Mickey,1200000.00,2015,2016,BOS,Boston Celtic
11022,Jordan Mickey,1223653.00,2016,2017,BOS,Boston Celtic
11583,Jordan Mickey,1471382.00,2017,2018,MIA,Miami Heat
10435,Jordan Sibert,100000.00,2015,2016,ORL,Orlando Magic
8590,Jordan Williams,473604.00,2011,2012,NJN,Brooklyn Nets
9023,Jordan Williams,762195.00,2012,2013,ATL,Atlanta Hawks
6462,Jorge Garbajosa,3750000.00,2006,2007,TOR,Toronto Raptors 
6869,Jorge Garbajosa,4000000.00,2007,2008,TOR,Toronto Raptors 
7271,Jorge Garbajosa,4350000.00,2008,2009,TOR,Toronto Raptors 
9899,Jorge Gutierrez,59686.00,2014,2015,MIL,Milwaukee Bucks
10436,Jorge Gutierrez,301444.00,2015,2016,CHA,Charlotte Hornets
6870,Jose Barea,687456.00,2007,2008,DAL,Dallas Mavericks
7272,Jose Barea,1500000.00,2008,2009,DAL,Dallas Mavericks
7720,Jose Barea,1657500.00,2009,2010,DAL,Dallas Mavericks
8158,Jose Barea,1815000.00,2010,2011,DAL,Dallas Mavericks
8591,Jose Barea,4300000.00,2011,2012,MIN,Minnesota Timberwolves
9024,Jose Barea,4493500.00,2012,2013,MIN,Minnesota Timberwolves
9430,Jose Barea,4687000.00,2013,2014,MIN,Minnesota Timberwolves
9900,Jose Barea,1310286.00,2014,2015,DAL,Dallas Mavericks
6069,Jose Calderon,2190000.00,2005,2006,TOR,Toronto Raptors 
6463,Jose Calderon,2333334.00,2006,2007,TOR,Toronto Raptors 
6871,Jose Calderon,2471604.00,2007,2008,TOR,Toronto Raptors 
7273,Jose Calderon,7438018.00,2008,2009,TOR,Toronto Raptors 
7721,Jose Calderon,8219009.00,2009,2010,TOR,Toronto Raptors 
8159,Jose Calderon,9000000.00,2010,2011,TOR,Toronto Raptors 
8592,Jose Calderon,9780992.00,2011,2012,TOR,Toronto Raptors 
9431,Jose Calderon,6791570.00,2013,2014,DAL,Dallas Mavericks
9901,Jose Calderon,7097191.00,2014,2015,NYK,New York Knicks
10437,Jose Calderon,7402812.00,2015,2016,NYK,New York Knicks
11023,Jose Calderon,7708427.00,2016,2017,LAL,Los Angeles Lakers
11024,Jose Calderon,392478.00,2016,2017,ATL,Atlanta Hawks
11584,Jose Calderon,2328652.00,2017,2018,CLE,Cleveland Caveliers
4349,Joseph Forte,939360.00,2001,2002,BOS,Boston Celtic
4794,Joseph Forte,1009920.00,2002,2003,OKC,Oklahoma City Thunder
5208,Joseph Forte,1080360.00,2003,2004,OKC,Oklahoma City Thunder
10438,Joseph Young,1000000.00,2015,2016,IND,Indiana Pacers
9432,Josh Akognon,788872.00,2013,2014,MEM,Memphis Grizzlies
6464,Josh Boone,1053960.00,2006,2007,NJN,Brooklyn Nets
6872,Josh Boone,1133040.00,2007,2008,NJN,Brooklyn Nets
7274,Josh Boone,1212120.00,2008,2009,NJN,Brooklyn Nets
7722,Josh Boone,2056968.00,2009,2010,NJN,Brooklyn Nets
5621,Josh Childress,2490360.00,2004,2005,ATL,Atlanta Hawks
6070,Josh Childress,2677200.00,2005,2006,ATL,Atlanta Hawks
6465,Josh Childress,2863920.00,2006,2007,ATL,Atlanta Hawks
6873,Josh Childress,3631449.00,2007,2008,ATL,Atlanta Hawks
8593,Josh Childress,6000000.00,2011,2012,PHO,Phoenix Suns
9025,Josh Childress,7000000.00,2012,2013,PHO,Phoenix Suns
9026,Josh Childress,377474.00,2012,2013,NJN,Brooklyn Nets
9902,Josh Childress,7317500.00,2014,2015,PHO,Phoenix Suns
5622,Josh Davis,620046.00,2004,2005,PHI,Philadelphia 76ers
6071,Josh Davis,131593.00,2005,2006,MIL,Milwaukee Bucks
6072,Josh Davis,17546.00,2005,2006,HOU,Houston Rockets
8594,Josh Davis,314041.00,2011,2012,MEM,Memphis Grizzlies
9903,Josh Davis,20000.00,2014,2015,SAS,San Antonio Spurs
1294,Josh Grant,150000.00,1993,1994,GSW,Golden State Warriors
8595,Josh Harrellson,473604.00,2011,2012,NYK,New York Knicks
9027,Josh Harrellson,354197.00,2012,2013,MIA,Miami Heat
9433,Josh Harrellson,884293.00,2013,2014,DET,Detroit Pistons
11585,Josh Hart,1394520.00,2017,2018,LAL,Los Angeles Lakers
5623,Josh Howard,863640.00,2004,2005,DAL,Dallas Mavericks
6073,Josh Howard,923880.00,2005,2006,DAL,Dallas Mavericks
6874,Josh Howard,9000000.00,2007,2008,DAL,Dallas Mavericks
7275,Josh Howard,9945000.00,2008,2009,DAL,Dallas Mavericks
7723,Josh Howard,10890000.00,2009,2010,WAS,Washington Wizards
8160,Josh Howard,3000000.00,2010,2011,WAS,Washington Wizards
8596,Josh Howard,2150000.00,2011,2012,UTA,Utah Jazz
9028,Josh Howard,1229255.00,2012,2013,MIN,Minnesota Timberwolves
10439,Josh Huestis,1140240.00,2015,2016,OKC,Oklahoma City Thunder
11025,Josh Huestis,1191480.00,2016,2017,OKC,Oklahoma City Thunder
11586,Josh Huestis,1471382.00,2017,2018,OKC,Oklahoma City Thunder
11587,Josh Jackson,5090040.00,2017,2018,PHO,Phoenix Suns
6875,Josh McRoberts,427163.00,2007,2008,POR,Portland Trail Blazers
7276,Josh McRoberts,711517.00,2008,2009,IND,Indiana Pacers
7724,Josh McRoberts,825497.00,2009,2010,IND,Indiana Pacers
8161,Josh McRoberts,885120.00,2010,2011,IND,Indiana Pacers
8597,Josh McRoberts,3000000.00,2011,2012,LAL,Los Angeles Lakers
9904,Josh McRoberts,5305000.00,2014,2015,MIA,Miami Heat
10440,Josh McRoberts,5543725.00,2015,2016,MIA,Miami Heat
11026,Josh McRoberts,5782450.00,2016,2017,MIA,Miami Heat
11588,Josh McRoberts,6021175.00,2017,2018,DAL,Dallas Mavericks
6074,Josh Powell,398762.00,2005,2006,DAL,Dallas Mavericks
6466,Josh Powell,744551.00,2006,2007,GSW,Golden State Warriors
6876,Josh Powell,800000.00,2007,2008,LAC,Los Angeles Clippers
7277,Josh Powell,854957.00,2008,2009,LAL,Los Angeles Lakers
7725,Josh Powell,959111.00,2009,2010,LAL,Los Angeles Lakers
8162,Josh Powell,1069609.00,2010,2011,ATL,Atlanta Hawks
10441,Josh Richardson,525093.00,2015,2016,MIA,Miami Heat
11027,Josh Richardson,874636.00,2016,2017,MIA,Miami Heat
11589,Josh Richardson,1471382.00,2017,2018,MIA,Miami Heat
8598,Josh Selby,550000.00,2011,2012,MEM,Memphis Grizzlies
9029,Josh Selby,762195.00,2012,2013,CLE,Cleveland Caveliers
5624,Josh Smith,1270080.00,2004,2005,ATL,Atlanta Hawks
6075,Josh Smith,1365360.00,2005,2006,ATL,Atlanta Hawks
6467,Josh Smith,1460640.00,2006,2007,ATL,Atlanta Hawks
6877,Josh Smith,2243543.00,2007,2008,ATL,Atlanta Hawks
7278,Josh Smith,10000000.00,2008,2009,ATL,Atlanta Hawks
7726,Josh Smith,10800000.00,2009,2010,ATL,Atlanta Hawks
8163,Josh Smith,11600000.00,2010,2011,ATL,Atlanta Hawks
8599,Josh Smith,12400000.00,2011,2012,ATL,Atlanta Hawks
9030,Josh Smith,13200000.00,2012,2013,ATL,Atlanta Hawks
9434,Josh Smith,13500000.00,2013,2014,DET,Detroit Pistons
9905,Josh Smith,14000000.00,2014,2015,DET,Detroit Pistons
9906,Josh Smith,2077000.00,2014,2015,HOU,Houston Rockets
10442,Josh Smith,5400000.00,2015,2016,DET,Detroit Pistons
10443,Josh Smith,1499000.00,2015,2016,HOU,Houston Rockets
11028,Josh Smith,5400000.00,2016,2017,DET,Detroit Pistons
11590,Josh Smith,5400000.00,2017,2018,DET,Detroit Pistons
11591,Josh Smith,2183934.00,2017,2018,NOH,New Orleans Pelicans
7727,Jrue Holiday,1514280.00,2009,2010,PHI,Philadelphia 76ers
8164,Jrue Holiday,1627920.00,2010,2011,PHI,Philadelphia 76ers
8600,Jrue Holiday,1741440.00,2011,2012,PHI,Philadelphia 76ers
9031,Jrue Holiday,2674852.00,2012,2013,PHI,Philadelphia 76ers
9435,Jrue Holiday,9213484.00,2013,2014,NOH,New Orleans Pelicans
9907,Jrue Holiday,9904495.00,2014,2015,NOH,New Orleans Pelicans
10444,Jrue Holiday,10595507.00,2015,2016,NOH,New Orleans Pelicans
11029,Jrue Holiday,11286518.00,2016,2017,NOH,New Orleans Pelicans
11592,Jrue Holiday,25686667.00,2017,2018,NOH,New Orleans Pelicans
6878,Juan Carlos Navarro,538090.00,2007,2008,MEM,Memphis Grizzlies
4795,Juan Dixon,1172400.00,2002,2003,WAS,Washington Wizards
5209,Juan Dixon,1260360.00,2003,2004,WAS,Washington Wizards
5625,Juan Dixon,1348200.00,2004,2005,WAS,Washington Wizards
6076,Juan Dixon,2500000.00,2005,2006,POR,Portland Trail Blazers
6468,Juan Dixon,2550000.00,2006,2007,TOR,Toronto Raptors 
6879,Juan Dixon,2550000.00,2007,2008,DET,Detroit Pistons
7279,Juan Dixon,998398.00,2008,2009,WAS,Washington Wizards
11030,Juan Hernangomez,1987440.00,2016,2017,DEN,Denver Nuggets
11593,Juan Hernangomez,2076840.00,2017,2018,DEN,Denver Nuggets
175,Jud Buechler,225000.00,1990,1991,NJN,Brooklyn Nets
909,Jud Buechler,375000.00,1992,1993,GSW,Golden State Warriors
1295,Jud Buechler,375000.00,1993,1994,GSW,Golden State Warriors
2047,Jud Buechler,300000.00,1995,1996,CHI,Chicago Bulls
2417,Jud Buechler,500000.00,1996,1997,CHI,Chicago Bulls
2805,Jud Buechler,500000.00,1997,1998,CHI,Chicago Bulls
3182,Jud Buechler,850000.00,1998,1999,DET,Detroit Pistons
3534,Jud Buechler,1100000.00,1999,2000,DET,Detroit Pistons
3924,Jud Buechler,3260000.00,2000,2001,DET,Detroit Pistons
4350,Jud Buechler,3600000.00,2001,2002,ORL,Orlando Magic
4796,Jud Buechler,3450000.00,2002,2003,ORL,Orlando Magic
6880,Julian Wright,1739160.00,2007,2008,NOH,New Orleans Pelicans
7280,Julian Wright,1869600.00,2008,2009,NOH,New Orleans Pelicans
7728,Julian Wright,2000040.00,2009,2010,NOH,New Orleans Pelicans
8165,Julian Wright,2858057.00,2010,2011,TOR,Toronto Raptors 
6077,Julius Hodge,1148760.00,2005,2006,DEN,Denver Nuggets
6469,Julius Hodge,1234800.00,2006,2007,MIL,Milwaukee Bucks
1675,Julius Nwosu,150000.00,1994,1995,SAS,San Antonio Spurs
9908,Julius Randle,2997360.00,2014,2015,LAL,Los Angeles Lakers
10445,Julius Randle,3132240.00,2015,2016,LAL,Los Angeles Lakers
11031,Julius Randle,3267120.00,2016,2017,LAL,Los Angeles Lakers
11594,Julius Randle,4149242.00,2017,2018,LAL,Los Angeles Lakers
8601,Julyan Stone,473604.00,2011,2012,DEN,Denver Nuggets
9032,Julyan Stone,762195.00,2012,2013,DEN,Denver Nuggets
11032,Julyan Stone,50000.00,2016,2017,IND,Indiana Pacers
11595,Julyan Stone,1524305.00,2017,2018,CHA,Charlotte Hornets
3535,Jumaine Jones,684000.00,1999,2000,PHI,Philadelphia 76ers
4351,Jumaine Jones,786600.00,2001,2002,CLE,Cleveland Caveliers
4797,Jumaine Jones,1419026.00,2002,2003,CLE,Cleveland Caveliers
5210,Jumaine Jones,1500000.00,2003,2004,BOS,Boston Celtic
5626,Jumaine Jones,1687500.00,2004,2005,LAL,Los Angeles Lakers
6470,Jumaine Jones,998967.00,2006,2007,PHO,Phoenix Suns
2048,Junior Burrough,300000.00,1995,1996,BOS,Boston Celtic
4798,Junior Harrington,349458.00,2002,2003,DEN,Denver Nuggets
5627,Junior Harrington,695046.00,2004,2005,NOH,New Orleans Pelicans
6471,Junior Harrington,390556.00,2006,2007,MEM,Memphis Grizzlies
10446,Justin Anderson,1449000.00,2015,2016,DAL,Dallas Mavericks
11033,Justin Anderson,1514160.00,2016,2017,PHI,Philadelphia 76ers
11596,Justin Anderson,1579440.00,2017,2018,PHI,Philadelphia 76ers
9909,Justin Hamilton,816482.00,2014,2015,MIN,Minnesota Timberwolves
11034,Justin Hamilton,3000000.00,2016,2017,NJN,Brooklyn Nets
11597,Justin Hamilton,1000000.00,2017,2018,TOR,Toronto Raptors 
8602,Justin Harper,473604.00,2011,2012,ORL,Orlando Magic
9033,Justin Harper,762195.00,2012,2013,ORL,Orlando Magic
10447,Justin Harper,99418.00,2015,2016,DET,Detroit Pistons
11035,Justin Harper,57672.00,2016,2017,PHI,Philadelphia 76ers
9910,Justin Holiday,816482.00,2014,2015,GSW,Golden State Warriors
10448,Justin Holiday,947300.00,2015,2016,CHI,Chicago Bulls
11036,Justin Holiday,1015696.00,2016,2017,NYK,New York Knicks
11598,Justin Holiday,4615385.00,2017,2018,CHI,Chicago Bulls
11599,Justin Jackson,2365560.00,2017,2018,SAC,Sacramento Kings
11600,Justin Patton,2247480.00,2017,2018,MIN,Minnesota Timberwolves
5628,Justin Reed,385277.00,2004,2005,BOS,Boston Celtic
6078,Justin Reed,641748.00,2005,2006,BOS,Boston Celtic
6472,Justin Reed,1300000.00,2006,2007,MIN,Minnesota Timberwolves
7281,Justin Reed,1573000.00,2008,2009,HOU,Houston Rockets
6473,Justin Williams,261724.00,2006,2007,SAC,Sacramento Kings
10449,Justise Winslow,2481720.00,2015,2016,MIA,Miami Heat
11037,Justise Winslow,2593440.00,2016,2017,MIA,Miami Heat
11601,Justise Winslow,2705040.00,2017,2018,MIA,Miami Heat
9911,Jusuf Nurkic,1762680.00,2014,2015,DEN,Denver Nuggets
10450,Jusuf Nurkic,1842000.00,2015,2016,DEN,Denver Nuggets
11038,Jusuf Nurkic,1921320.00,2016,2017,POR,Portland Trail Blazers
11602,Jusuf Nurkic,2947305.00,2017,2018,POR,Portland Trail Blazers
1676,Juwan Howard,1309000.00,1994,1995,WAS,Washington Wizards
2049,Juwan Howard,1702000.00,1995,1996,WAS,Washington Wizards
2418,Juwan Howard,9750000.00,1996,1997,WAS,Washington Wizards
2806,Juwan Howard,11250000.00,1997,1998,WAS,Washington Wizards
3183,Juwan Howard,13125000.00,1998,1999,WAS,Washington Wizards
3536,Juwan Howard,15000000.00,1999,2000,WAS,Washington Wizards
3925,Juwan Howard,16875000.00,2000,2001,WAS,Washington Wizards
4352,Juwan Howard,18750000.00,2001,2002,DAL,Dallas Mavericks
4799,Juwan Howard,20625000.00,2002,2003,DEN,Denver Nuggets
5211,Juwan Howard,4917000.00,2003,2004,ORL,Orlando Magic
5629,Juwan Howard,5408700.00,2004,2005,HOU,Houston Rockets
6079,Juwan Howard,5900400.00,2005,2006,HOU,Houston Rockets
6474,Juwan Howard,6392100.00,2006,2007,HOU,Houston Rockets
6881,Juwan Howard,6883800.00,2007,2008,MIN,Minnesota Timberwolves
6882,Juwan Howard,1211197.00,2007,2008,DAL,Dallas Mavericks
7282,Juwan Howard,7375500.00,2008,2009,MIN,Minnesota Timberwolves
7283,Juwan Howard,51976.00,2008,2009,DEN,Denver Nuggets
7729,Juwan Howard,1306455.00,2009,2010,POR,Portland Trail Blazers
8603,Juwan Howard,1352181.00,2011,2012,MIA,Miami Heat
9912,K.J. McDaniels,507336.00,2014,2015,HOU,Houston Rockets
10451,K.J. McDaniels,3333333.00,2015,2016,HOU,Houston Rockets
11039,K.J. McDaniels,3333333.00,2016,2017,NJN,Brooklyn Nets
11603,K.J. McDaniels,100000.00,2017,2018,TOR,Toronto Raptors 
11040,Kaleb Tarczewski,75000.00,2016,2017,OKC,Oklahoma City Thunder
5212,Kaniel Dickens,264011.00,2003,2004,POR,Portland Trail Blazers
5630,Kaniel Dickens,483938.00,2004,2005,NJN,Brooklyn Nets
6080,Kaniel Dickens,31305.00,2005,2006,LAC,Los Angeles Clippers
6883,Kaniel Dickens,264897.00,2007,2008,CLE,Cleveland Caveliers
4800,Kareem Rush,1021080.00,2002,2003,LAL,Los Angeles Lakers
5213,Kareem Rush,1097640.00,2003,2004,LAL,Los Angeles Lakers
6475,Kareem Rush,19466.00,2006,2007,OKC,Oklahoma City Thunder
6884,Kareem Rush,854957.00,2007,2008,IND,Indiana Pacers
7284,Kareem Rush,926678.00,2008,2009,PHI,Philadelphia 76ers
7730,Kareem Rush,534906.00,2009,2010,LAC,Los Angeles Clippers
176,Karl Malone,2260000.00,1990,1991,UTA,Utah Jazz
533,Karl Malone,2556000.00,1991,1992,UTA,Utah Jazz
910,Karl Malone,2854000.00,1992,1993,UTA,Utah Jazz
1296,Karl Malone,3081000.00,1993,1994,UTA,Utah Jazz
1677,Karl Malone,3378800.00,1994,1995,UTA,Utah Jazz
2050,Karl Malone,3676000.00,1995,1996,UTA,Utah Jazz
2419,Karl Malone,4657000.00,1996,1997,UTA,Utah Jazz
2807,Karl Malone,5118578.00,1997,1998,UTA,Utah Jazz
3184,Karl Malone,6142000.00,1998,1999,UTA,Utah Jazz
3926,Karl Malone,15750000.00,2000,2001,UTA,Utah Jazz
4353,Karl Malone,17500000.00,2001,2002,UTA,Utah Jazz
4801,Karl Malone,19250000.00,2002,2003,UTA,Utah Jazz
5214,Karl Malone,1500000.00,2003,2004,LAL,Los Angeles Lakers
10452,Karl-Anthony Towns,5703600.00,2015,2016,MIN,Minnesota Timberwolves
11041,Karl-Anthony Towns,5960160.00,2016,2017,MIN,Minnesota Timberwolves
11604,Karl-Anthony Towns,6216840.00,2017,2018,MIN,Minnesota Timberwolves
8604,Kawhi Leonard,1731960.00,2011,2012,SAS,San Antonio Spurs
9034,Kawhi Leonard,1861920.00,2012,2013,SAS,San Antonio Spurs
9436,Kawhi Leonard,1887840.00,2013,2014,SAS,San Antonio Spurs
9913,Kawhi Leonard,2894059.00,2014,2015,SAS,San Antonio Spurs
10453,Kawhi Leonard,16500000.00,2015,2016,SAS,San Antonio Spurs
11042,Kawhi Leonard,17638063.00,2016,2017,SAS,San Antonio Spurs
11605,Kawhi Leonard,18868625.00,2017,2018,SAS,San Antonio Spurs
11043,Kay Felder,543471.00,2016,2017,CLE,Cleveland Caveliers
11606,Kay Felder,1312611.00,2017,2018,CHI,Chicago Bulls
2808,Kebu Stewart,242000.00,1997,1998,PHI,Philadelphia 76ers
3537,Kebu Stewart,18941.00,1999,2000,DAL,Dallas Mavericks
4354,Kedrick Brown,1528440.00,2001,2002,BOS,Boston Celtic
4802,Kedrick Brown,1643040.00,2002,2003,BOS,Boston Celtic
5215,Kedrick Brown,1757640.00,2003,2004,CLE,Cleveland Caveliers
5631,Kedrick Brown,2332388.00,2004,2005,PHI,Philadelphia 76ers
10454,Keith Appling,161776.00,2015,2016,ORL,Orlando Magic
177,Keith Askins,150000.00,1990,1991,MIA,Miami Heat
534,Keith Askins,202000.00,1991,1992,MIA,Miami Heat
911,Keith Askins,250000.00,1992,1993,MIA,Miami Heat
1297,Keith Askins,313000.00,1993,1994,MIA,Miami Heat
1678,Keith Askins,406000.00,1994,1995,MIA,Miami Heat
2051,Keith Askins,550000.00,1995,1996,MIA,Miami Heat
2420,Keith Askins,650000.00,1996,1997,MIA,Miami Heat
3185,Keith Askins,725000.00,1998,1999,MIA,Miami Heat
11044,Keith Benson,75000.00,2016,2017,MIA,Miami Heat
5216,Keith Bogans,366931.00,2003,2004,ORL,Orlando Magic
6476,Keith Bogans,2510000.00,2006,2007,ORL,Orlando Magic
6885,Keith Bogans,2440000.00,2007,2008,ORL,Orlando Magic
7285,Keith Bogans,2565000.00,2008,2009,MIL,Milwaukee Bucks
7731,Keith Bogans,1033342.00,2009,2010,SAS,San Antonio Spurs
8166,Keith Bogans,1600000.00,2010,2011,CHI,Chicago Bulls
8605,Keith Bogans,848266.00,2011,2012,NJN,Brooklyn Nets
9035,Keith Bogans,1229225.00,2012,2013,NJN,Brooklyn Nets
9437,Keith Bogans,5058198.00,2013,2014,BOS,Boston Celtic
2809,Keith Booth,597600.00,1997,1998,CHI,Chicago Bulls
3186,Keith Booth,687240.00,1998,1999,CHI,Chicago Bulls
2810,Keith Closs,1200000.00,1997,1998,LAC,Los Angeles Clippers
3187,Keith Closs,1440000.00,1998,1999,LAC,Los Angeles Clippers
3538,Keith Closs,1680000.00,1999,2000,LAC,Los Angeles Clippers
3927,Keith Closs,1920000.00,2000,2001,LAC,Los Angeles Clippers
912,Keith Jennings,140000.00,1992,1993,GSW,Golden State Warriors
1298,Keith Jennings,250000.00,1993,1994,GSW,Golden State Warriors
1679,Keith Jennings,350000.00,1994,1995,GSW,Golden State Warriors
2421,Keith Jennings,247500.00,1996,1997,DEN,Denver Nuggets
6886,Keith Langford,272316.00,2007,2008,SAS,San Antonio Spurs
5217,Keith McLeod,366931.00,2003,2004,MIN,Minnesota Timberwolves
5632,Keith McLeod,750000.00,2004,2005,UTA,Utah Jazz
6081,Keith McLeod,1250000.00,2005,2006,UTA,Utah Jazz
7286,Keith McLeod,926678.00,2008,2009,DAL,Dallas Mavericks
535,Keith Owens,130000.00,1991,1992,LAL,Los Angeles Lakers
913,Keith Owens,250000.00,1992,1993,LAL,Los Angeles Lakers
2052,Keith Tower,263000.00,1995,1996,LAC,Los Angeles Clippers
2811,Keith Van Horn,2655360.00,1997,1998,NJN,Brooklyn Nets
3188,Keith Van Horn,3054000.00,1998,1999,NJN,Brooklyn Nets
3539,Keith Van Horn,3451920.00,1999,2000,NJN,Brooklyn Nets
3928,Keith Van Horn,9000000.00,2000,2001,NJN,Brooklyn Nets
4355,Keith Van Horn,10865250.00,2001,2002,NJN,Brooklyn Nets
5218,Keith Van Horn,13279750.00,2003,2004,NYK,New York Knicks
5633,Keith Van Horn,14487000.00,2004,2005,MIL,Milwaukee Bucks
6082,Keith Van Horn,15694250.00,2005,2006,DAL,Dallas Mavericks
6887,Keith Van Horn,4300000.00,2007,2008,NJN,Brooklyn Nets
6477,Kelenna Azubuike,251657.00,2006,2007,GSW,Golden State Warriors
6478,Kelenna Azubuike,50000.00,2006,2007,HOU,Houston Rockets
6888,Kelenna Azubuike,687456.00,2007,2008,GSW,Golden State Warriors
7732,Kelenna Azubuike,3132000.00,2009,2010,GSW,Golden State Warriors
8167,Kelenna Azubuike,3300000.00,2010,2011,NYK,New York Knicks
9036,Kelenna Azubuike,885120.00,2012,2013,CLE,Cleveland Caveliers
3189,Kelly McCarty,287500.00,1998,1999,DEN,Denver Nuggets
9438,Kelly Olynyk,1986360.00,2013,2014,BOS,Boston Celtic
9914,Kelly Olynyk,2075760.00,2014,2015,BOS,Boston Celtic
10455,Kelly Olynyk,2165160.00,2015,2016,BOS,Boston Celtic
11045,Kelly Olynyk,3094014.00,2016,2017,BOS,Boston Celtic
11607,Kelly Olynyk,10607169.00,2017,2018,MIA,Miami Heat
10456,Kelly Oubre,1920240.00,2015,2016,WAS,Washington Wizards
11046,Kelly Oubre,2006640.00,2016,2017,WAS,Washington Wizards
11608,Kelly Oubre,2093040.00,2017,2018,WAS,Washington Wizards
178,Kelly Tripucka,1000000.00,1990,1991,CHA,Charlotte Hornets
2812,Kelvin Cato,999240.00,1997,1998,POR,Portland Trail Blazers
3540,Kelvin Cato,1299000.00,1999,2000,HOU,Houston Rockets
3929,Kelvin Cato,5330000.00,2000,2001,HOU,Houston Rockets
4356,Kelvin Cato,6048000.00,2001,2002,HOU,Houston Rockets
5219,Kelvin Cato,7344000.00,2003,2004,HOU,Houston Rockets
5634,Kelvin Cato,7992000.00,2004,2005,ORL,Orlando Magic
6083,Kelvin Cato,8640000.00,2005,2006,ORL,Orlando Magic
179,Kelvin Upshaw,30000.00,1990,1991,DAL,Dallas Mavericks
536,Kelvin Upshaw,250000.00,1991,1992,DAL,Dallas Mavericks
10457,Kemba Walker,12000000.00,2015,2016,CHA,Charlotte Hornets
11047,Kemba Walker,12000000.00,2016,2017,CHA,Charlotte Hornets
11609,Kemba Walker,12000000.00,2017,2018,CHA,Charlotte Hornets
180,Ken Bannister,400000.00,1990,1991,LAC,Los Angeles Clippers
181,Ken Bannister,50000.00,1990,1991,UTA,Utah Jazz
537,Ken Bannister,300000.00,1991,1992,LAC,Los Angeles Clippers
4803,Ken Johnson,349458.00,2002,2003,MIA,Miami Heat
182,Ken Norman,1050000.00,1990,1991,LAC,Los Angeles Clippers
538,Ken Norman,1150000.00,1991,1992,LAC,Los Angeles Clippers
914,Ken Norman,1275000.00,1992,1993,LAC,Los Angeles Clippers
1299,Ken Norman,1510000.00,1993,1994,MIL,Milwaukee Bucks
1300,Ken Norman,1275000.00,1993,1994,LAC,Los Angeles Clippers
1680,Ken Norman,1963000.00,1994,1995,ATL,Atlanta Hawks
2053,Ken Norman,2416000.00,1995,1996,ATL,Atlanta Hawks
2422,Ken Norman,2869000.00,1996,1997,ATL,Atlanta Hawks
2813,Ken Norman,3332000.00,1997,1998,ATL,Atlanta Hawks
3190,Ken Norman,3775000.00,1998,1999,ATL,Atlanta Hawks
183,Kendall Gill,1500000.00,1990,1991,CHA,Charlotte Hornets
539,Kendall Gill,1908000.00,1991,1992,CHA,Charlotte Hornets
915,Kendall Gill,1908000.00,1992,1993,CHA,Charlotte Hornets
1301,Kendall Gill,2000000.00,1993,1994,OKC,Oklahoma City Thunder
1681,Kendall Gill,2600000.00,1994,1995,OKC,Oklahoma City Thunder
2054,Kendall Gill,3200000.00,1995,1996,CHA,Charlotte Hornets
2423,Kendall Gill,3800000.00,1996,1997,NJN,Brooklyn Nets
2814,Kendall Gill,4400000.00,1997,1998,NJN,Brooklyn Nets
3191,Kendall Gill,5000000.00,1998,1999,NJN,Brooklyn Nets
3541,Kendall Gill,5600000.00,1999,2000,NJN,Brooklyn Nets
3930,Kendall Gill,7000000.00,2000,2001,NJN,Brooklyn Nets
4357,Kendall Gill,1538000.00,2001,2002,MIA,Miami Heat
4804,Kendall Gill,1030000.00,2002,2003,MIN,Minnesota Timberwolves
5220,Kendall Gill,1070000.00,2003,2004,CHI,Chicago Bulls
5635,Kendall Gill,912195.00,2004,2005,MIL,Milwaukee Bucks
9037,Kendall Marshall,1919160.00,2012,2013,PHO,Phoenix Suns
9439,Kendall Marshall,2005560.00,2013,2014,PHO,Phoenix Suns
9915,Kendall Marshall,915243.00,2014,2015,PHO,Phoenix Suns
10458,Kendall Marshall,2144722.00,2015,2016,PHI,Philadelphia 76ers
5221,Kendrick Perkins,814320.00,2003,2004,BOS,Boston Celtic
5636,Kendrick Perkins,875400.00,2004,2005,BOS,Boston Celtic
6084,Kendrick Perkins,936480.00,2005,2006,BOS,Boston Celtic
7287,Kendrick Perkins,4578880.00,2008,2009,BOS,Boston Celtic
7733,Kendrick Perkins,4250000.00,2009,2010,BOS,Boston Celtic
8168,Kendrick Perkins,4640208.00,2010,2011,OKC,Oklahoma City Thunder
8606,Kendrick Perkins,7123626.00,2011,2012,OKC,Oklahoma City Thunder
9038,Kendrick Perkins,7800531.00,2012,2013,OKC,Oklahoma City Thunder
9440,Kendrick Perkins,8477437.00,2013,2014,OKC,Oklahoma City Thunder
9916,Kendrick Perkins,9654342.00,2014,2015,UTA,Utah Jazz
9917,Kendrick Perkins,434547.00,2014,2015,CLE,Cleveland Caveliers
10459,Kendrick Perkins,1499200.00,2015,2016,NOH,New Orleans Pelicans
184,Kennard Winchester,120000.00,1990,1991,HOU,Houston Rockets
540,Kennard Winchester,120000.00,1991,1992,NYK,New York Knicks
8607,Kenneth Faried,1254720.00,2011,2012,DEN,Denver Nuggets
9039,Kenneth Faried,1348800.00,2012,2013,DEN,Denver Nuggets
9441,Kenneth Faried,1367640.00,2013,2014,DEN,Denver Nuggets
9918,Kenneth Faried,2249768.00,2014,2015,DEN,Denver Nuggets
10460,Kenneth Faried,11235955.00,2015,2016,DEN,Denver Nuggets
11048,Kenneth Faried,12078652.00,2016,2017,DEN,Denver Nuggets
11610,Kenneth Faried,12921348.00,2017,2018,DEN,Denver Nuggets
541,Kenny Anderson,1828000.00,1991,1992,NJN,Brooklyn Nets
916,Kenny Anderson,2376000.00,1992,1993,NJN,Brooklyn Nets
1302,Kenny Anderson,2925000.00,1993,1994,NJN,Brooklyn Nets
2055,Kenny Anderson,3898000.00,1995,1996,NJN,Brooklyn Nets
2424,Kenny Anderson,4175000.00,1996,1997,POR,Portland Trail Blazers
2815,Kenny Anderson,5010000.00,1997,1998,POR,Portland Trail Blazers
3192,Kenny Anderson,5845000.00,1998,1999,BOS,Boston Celtic
3542,Kenny Anderson,6680000.00,1999,2000,BOS,Boston Celtic
3931,Kenny Anderson,7520000.00,2000,2001,BOS,Boston Celtic
4358,Kenny Anderson,8350000.00,2001,2002,BOS,Boston Celtic
4805,Kenny Anderson,9185000.00,2002,2003,OKC,Oklahoma City Thunder
5222,Kenny Anderson,1070000.00,2003,2004,IND,Indiana Pacers
5637,Kenny Anderson,1100000.00,2004,2005,ATL,Atlanta Hawks
185,Kenny Battle,350000.00,1990,1991,DEN,Denver Nuggets
917,Kenny Battle,140000.00,1992,1993,BOS,Boston Celtic
186,Kenny Gattison,355000.00,1990,1991,CHA,Charlotte Hornets
542,Kenny Gattison,456000.00,1991,1992,CHA,Charlotte Hornets
918,Kenny Gattison,598000.00,1992,1993,CHA,Charlotte Hornets
1303,Kenny Gattison,1250000.00,1993,1994,CHA,Charlotte Hornets
1682,Kenny Gattison,1250000.00,1994,1995,CHA,Charlotte Hornets
2056,Kenny Gattison,1450000.00,1995,1996,MEM,Memphis Grizzlies
2425,Kenny Gattison,1450000.00,1996,1997,UTA,Utah Jazz
187,Kenny Payne,400000.00,1990,1991,PHI,Philadelphia 76ers
543,Kenny Payne,410000.00,1991,1992,PHI,Philadelphia 76ers
919,Kenny Payne,500000.00,1992,1993,PHI,Philadelphia 76ers
4359,Kenny Satterfield,332817.00,2001,2002,DEN,Denver Nuggets
188,Kenny Smith,700000.00,1990,1991,HOU,Houston Rockets
544,Kenny Smith,1633000.00,1991,1992,HOU,Houston Rockets
1304,Kenny Smith,2150000.00,1993,1994,HOU,Houston Rockets
1683,Kenny Smith,2633000.00,1994,1995,HOU,Houston Rockets
2057,Kenny Smith,2683000.00,1995,1996,HOU,Houston Rockets
2426,Kenny Smith,190100.00,1996,1997,ORL,Orlando Magic
3543,Kenny Thomas,823440.00,1999,2000,HOU,Houston Rockets
3932,Kenny Thomas,885120.00,2000,2001,HOU,Houston Rockets
4360,Kenny Thomas,946920.00,2001,2002,HOU,Houston Rockets
5638,Kenny Thomas,6000000.00,2004,2005,PHI,Philadelphia 76ers
6085,Kenny Thomas,6500000.00,2005,2006,SAC,Sacramento Kings
6479,Kenny Thomas,7187500.00,2006,2007,SAC,Sacramento Kings
7288,Kenny Thomas,8562500.00,2008,2009,SAC,Sacramento Kings
7734,Kenny Thomas,8775000.00,2009,2010,SAC,Sacramento Kings
189,Kenny Walker,875000.00,1990,1991,NYK,New York Knicks
1305,Kenny Walker,400000.00,1993,1994,WAS,Washington Wizards
1684,Kenny Walker,150000.00,1994,1995,WAS,Washington Wizards
190,Kenny Williams,175000.00,1990,1991,IND,Indiana Pacers
545,Kenny Williams,275000.00,1991,1992,IND,Indiana Pacers
920,Kenny Williams,325000.00,1992,1993,IND,Indiana Pacers
1306,Kenny Williams,375000.00,1993,1994,IND,Indiana Pacers
9040,Kent Bazemore,473604.00,2012,2013,GSW,Golden State Warriors
9442,Kent Bazemore,788872.00,2013,2014,GSW,Golden State Warriors
9919,Kent Bazemore,2000000.00,2014,2015,ATL,Atlanta Hawks
10461,Kent Bazemore,2000000.00,2015,2016,ATL,Atlanta Hawks
11049,Kent Bazemore,15730338.00,2016,2017,ATL,Atlanta Hawks
11611,Kent Bazemore,16910113.00,2017,2018,ATL,Atlanta Hawks
9443,Kentavious Caldwell-Pope,2653080.00,2013,2014,DET,Detroit Pistons
9920,Kentavious Caldwell-Pope,2772480.00,2014,2015,DET,Detroit Pistons
10462,Kentavious Caldwell-Pope,2891760.00,2015,2016,DET,Detroit Pistons
11050,Kentavious Caldwell-Pope,3678319.00,2016,2017,DET,Detroit Pistons
11612,Kentavious Caldwell-Pope,17745894.00,2017,2018,LAL,Los Angeles Lakers
3933,Kenyon Martin,3536640.00,2000,2001,NJN,Brooklyn Nets
4361,Kenyon Martin,3801960.00,2001,2002,NJN,Brooklyn Nets
4806,Kenyon Martin,4067160.00,2002,2003,NJN,Brooklyn Nets
5223,Kenyon Martin,5128689.00,2003,2004,NJN,Brooklyn Nets
6086,Kenyon Martin,10636364.00,2005,2006,DEN,Denver Nuggets
6889,Kenyon Martin,13250000.00,2007,2008,DEN,Denver Nuggets
7289,Kenyon Martin,14431816.00,2008,2009,DEN,Denver Nuggets
7735,Kenyon Martin,15363636.00,2009,2010,DEN,Denver Nuggets
8169,Kenyon Martin,16545454.00,2010,2011,DEN,Denver Nuggets
8608,Kenyon Martin,2500000.00,2011,2012,LAC,Los Angeles Clippers
9041,Kenyon Martin,437470.00,2012,2013,NYK,New York Knicks
9444,Kenyon Martin,1399507.00,2013,2014,NYK,New York Knicks
9921,Kenyon Martin,414551.00,2014,2015,MIL,Milwaukee Bucks
3193,Keon Clark,1000000.00,1998,1999,DEN,Denver Nuggets
3544,Keon Clark,1289400.00,1999,2000,DEN,Denver Nuggets
3934,Keon Clark,1379400.00,2000,2001,DEN,Denver Nuggets
4362,Keon Clark,1971163.00,2001,2002,TOR,Toronto Raptors 
4807,Keon Clark,4546000.00,2002,2003,SAC,Sacramento Kings
5224,Keon Clark,5000600.00,2003,2004,UTA,Utah Jazz
2427,Kerry Kittles,1356000.00,1996,1997,NJN,Brooklyn Nets
2816,Kerry Kittles,1559040.00,1997,1998,NJN,Brooklyn Nets
3194,Kerry Kittles,1762000.00,1998,1999,NJN,Brooklyn Nets
3545,Kerry Kittles,7166666.00,1999,2000,NJN,Brooklyn Nets
3935,Kerry Kittles,7770000.00,2000,2001,NJN,Brooklyn Nets
4363,Kerry Kittles,8166667.00,2001,2002,NJN,Brooklyn Nets
4808,Kerry Kittles,8966667.00,2002,2003,NJN,Brooklyn Nets
5225,Kerry Kittles,9266666.00,2003,2004,NJN,Brooklyn Nets
5639,Kerry Kittles,9566667.00,2004,2005,LAC,Los Angeles Clippers
546,Kevin Brooks,625000.00,1991,1992,DEN,Denver Nuggets
921,Kevin Brooks,800000.00,1992,1993,DEN,Denver Nuggets
1307,Kevin Brooks,975000.00,1993,1994,DEN,Denver Nuggets
1685,Kevin Brooks,600000.00,1994,1995,DEN,Denver Nuggets
191,Kevin Duckworth,1710000.00,1990,1991,POR,Portland Trail Blazers
547,Kevin Duckworth,2013000.00,1991,1992,POR,Portland Trail Blazers
922,Kevin Duckworth,2213000.00,1992,1993,POR,Portland Trail Blazers
1308,Kevin Duckworth,2313000.00,1993,1994,WAS,Washington Wizards
1686,Kevin Duckworth,2612500.00,1994,1995,WAS,Washington Wizards
2058,Kevin Duckworth,2863000.00,1995,1996,MIL,Milwaukee Bucks
2428,Kevin Duckworth,247500.00,1996,1997,LAC,Los Angeles Clippers
6890,Kevin Durant,4171200.00,2007,2008,OKC,Oklahoma City Thunder
7290,Kevin Durant,4484040.00,2008,2009,OKC,Oklahoma City Thunder
7736,Kevin Durant,4796880.00,2009,2010,OKC,Oklahoma City Thunder
8170,Kevin Durant,6053663.00,2010,2011,OKC,Oklahoma City Thunder
8609,Kevin Durant,15506632.00,2011,2012,OKC,Oklahoma City Thunder
9042,Kevin Durant,16669630.00,2012,2013,OKC,Oklahoma City Thunder
9445,Kevin Durant,17832627.00,2013,2014,OKC,Oklahoma City Thunder
9922,Kevin Durant,18995624.00,2014,2015,OKC,Oklahoma City Thunder
10463,Kevin Durant,20158622.00,2015,2016,OKC,Oklahoma City Thunder
11051,Kevin Durant,26540100.00,2016,2017,GSW,Golden State Warriors
11613,Kevin Durant,25000000.00,2017,2018,GSW,Golden State Warriors
192,Kevin Edwards,425000.00,1990,1991,MIA,Miami Heat
548,Kevin Edwards,600000.00,1991,1992,MIA,Miami Heat
923,Kevin Edwards,750000.00,1992,1993,MIA,Miami Heat
1309,Kevin Edwards,1200000.00,1993,1994,NJN,Brooklyn Nets
2059,Kevin Edwards,1920000.00,1995,1996,NJN,Brooklyn Nets
2429,Kevin Edwards,2280000.00,1996,1997,NJN,Brooklyn Nets
2817,Kevin Edwards,2640000.00,1997,1998,NJN,Brooklyn Nets
3936,Kevin Edwards,1000000.00,2000,2001,MEM,Memphis Grizzlies
193,Kevin Gamble,375000.00,1990,1991,BOS,Boston Celtic
549,Kevin Gamble,1400000.00,1991,1992,BOS,Boston Celtic
924,Kevin Gamble,1200000.00,1992,1993,BOS,Boston Celtic
1310,Kevin Gamble,1100000.00,1993,1994,BOS,Boston Celtic
1687,Kevin Gamble,650000.00,1994,1995,MIA,Miami Heat
2060,Kevin Gamble,845000.00,1995,1996,MIA,Miami Heat
2430,Kevin Gamble,1196000.00,1996,1997,SAC,Sacramento Kings
2818,Kevin Gamble,1420250.00,1997,1998,SAC,Sacramento Kings
3195,Kevin Gamble,1645000.00,1998,1999,SAC,Sacramento Kings
3546,Kevin Gamble,1868750.00,1999,2000,SAC,Sacramento Kings
2061,Kevin Garnett,1622000.00,1995,1996,MIN,Minnesota Timberwolves
2819,Kevin Garnett,2109120.00,1997,1998,MIN,Minnesota Timberwolves
3196,Kevin Garnett,14000000.00,1998,1999,MIN,Minnesota Timberwolves
3547,Kevin Garnett,16806300.00,1999,2000,MIN,Minnesota Timberwolves
3937,Kevin Garnett,19610000.00,2000,2001,MIN,Minnesota Timberwolves
4364,Kevin Garnett,22400000.00,2001,2002,MIN,Minnesota Timberwolves
4809,Kevin Garnett,25200000.00,2002,2003,MIN,Minnesota Timberwolves
5226,Kevin Garnett,28000000.00,2003,2004,MIN,Minnesota Timberwolves
5640,Kevin Garnett,16000000.00,2004,2005,MIN,Minnesota Timberwolves
6087,Kevin Garnett,18000000.00,2005,2006,MIN,Minnesota Timberwolves
6480,Kevin Garnett,21000000.00,2006,2007,MIN,Minnesota Timberwolves
7291,Kevin Garnett,24751934.00,2008,2009,BOS,Boston Celtic
7737,Kevin Garnett,16400000.00,2009,2010,BOS,Boston Celtic
8171,Kevin Garnett,18800000.00,2010,2011,BOS,Boston Celtic
8610,Kevin Garnett,21247044.00,2011,2012,BOS,Boston Celtic
9446,Kevin Garnett,12443735.00,2013,2014,NJN,Brooklyn Nets
9923,Kevin Garnett,12000000.00,2014,2015,MIN,Minnesota Timberwolves
10464,Kevin Garnett,8500000.00,2015,2016,MIN,Minnesota Timberwolves
11052,Kevin Garnett,8000000.00,2016,2017,MIN,Minnesota Timberwolves
194,Kevin Johnson,1750000.00,1990,1991,PHO,Phoenix Suns
550,Kevin Johnson,1950000.00,1991,1992,PHO,Phoenix Suns
925,Kevin Johnson,1850000.00,1992,1993,PHO,Phoenix Suns
1311,Kevin Johnson,2300000.00,1993,1994,PHO,Phoenix Suns
1688,Kevin Johnson,2750000.00,1994,1995,PHO,Phoenix Suns
2062,Kevin Johnson,2900000.00,1995,1996,PHO,Phoenix Suns
2431,Kevin Johnson,7000000.00,1996,1997,PHO,Phoenix Suns
2820,Kevin Johnson,8000000.00,1997,1998,PHO,Phoenix Suns
9043,Kevin Jones,390027.00,2012,2013,CLE,Cleveland Caveliers
7292,Kevin Love,3163680.00,2008,2009,MIN,Minnesota Timberwolves
7738,Kevin Love,3401040.00,2009,2010,MIN,Minnesota Timberwolves
8172,Kevin Love,3638280.00,2010,2011,MIN,Minnesota Timberwolves
8611,Kevin Love,4609701.00,2011,2012,MIN,Minnesota Timberwolves
9044,Kevin Love,13668750.00,2012,2013,MIN,Minnesota Timberwolves
9447,Kevin Love,14693906.00,2013,2014,MIN,Minnesota Timberwolves
9924,Kevin Love,15719062.00,2014,2015,CLE,Cleveland Caveliers
10465,Kevin Love,19500000.00,2015,2016,CLE,Cleveland Caveliers
11053,Kevin Love,21165675.00,2016,2017,CLE,Cleveland Caveliers
11614,Kevin Love,22642350.00,2017,2018,CLE,Cleveland Caveliers
926,Kevin Lynch,250000.00,1992,1993,CHA,Charlotte Hornets
1312,Kevin Lynch,325000.00,1993,1994,CHA,Charlotte Hornets
5641,Kevin Martin,872040.00,2004,2005,SAC,Sacramento Kings
6088,Kevin Martin,937440.00,2005,2006,SAC,Sacramento Kings
6481,Kevin Martin,1002840.00,2006,2007,SAC,Sacramento Kings
7293,Kevin Martin,8760335.00,2008,2009,SAC,Sacramento Kings
7739,Kevin Martin,10180170.00,2009,2010,HOU,Houston Rockets
8173,Kevin Martin,11100005.00,2010,2011,HOU,Houston Rockets
8612,Kevin Martin,11519840.00,2011,2012,HOU,Houston Rockets
9045,Kevin Martin,12439675.00,2012,2013,OKC,Oklahoma City Thunder
9448,Kevin Martin,6500000.00,2013,2014,MIN,Minnesota Timberwolves
9925,Kevin Martin,6792500.00,2014,2015,MIN,Minnesota Timberwolves
10466,Kevin Martin,7085000.00,2015,2016,MIN,Minnesota Timberwolves
10467,Kevin Martin,317475.00,2015,2016,SAS,San Antonio Spurs
11054,Kevin Martin,1360305.00,2016,2017,MIN,Minnesota Timberwolves
11615,Kevin Martin,1360305.00,2017,2018,MIN,Minnesota Timberwolves
195,Kevin McHale,1400000.00,1990,1991,BOS,Boston Celtic
551,Kevin McHale,3500000.00,1991,1992,BOS,Boston Celtic
927,Kevin McHale,3500000.00,1992,1993,BOS,Boston Celtic
9046,Kevin Murphy,473604.00,2012,2013,UTA,Utah Jazz
9926,Kevin Murphy,65000.00,2014,2015,UTA,Utah Jazz
3548,Kevin Ollie,422235.00,1999,2000,PHI,Philadelphia 76ers
3549,Kevin Ollie,2853.00,1999,2000,DAL,Dallas Mavericks
3938,Kevin Ollie,523500.00,2000,2001,NJN,Brooklyn Nets
4365,Kevin Ollie,590850.00,2001,2002,CHI,Chicago Bulls
4810,Kevin Ollie,1000000.00,2002,2003,MIL,Milwaukee Bucks
5227,Kevin Ollie,2458500.00,2003,2004,CLE,Cleveland Caveliers
5642,Kevin Ollie,2704350.00,2004,2005,PHI,Philadelphia 76ers
6089,Kevin Ollie,2950200.00,2005,2006,PHI,Philadelphia 76ers
6482,Kevin Ollie,3196050.00,2006,2007,PHI,Philadelphia 76ers
7294,Kevin Ollie,1262275.00,2008,2009,MIN,Minnesota Timberwolves
7740,Kevin Ollie,1306455.00,2009,2010,OKC,Oklahoma City Thunder
196,Kevin Pritchard,185000.00,1990,1991,GSW,Golden State Warriors
552,Kevin Pritchard,158000.00,1991,1992,SAS,San Antonio Spurs
553,Kevin Pritchard,130000.00,1991,1992,BOS,Boston Celtic
928,Kevin Pritchard,158000.00,1992,1993,SAS,San Antonio Spurs
2432,Kevin Salvadori,247500.00,1996,1997,SAC,Sacramento Kings
2821,Kevin Salvadori,300000.00,1997,1998,SAC,Sacramento Kings
8174,Kevin Seraphin,1563120.00,2010,2011,WAS,Washington Wizards
8613,Kevin Seraphin,1680360.00,2011,2012,WAS,Washington Wizards
9047,Kevin Seraphin,1797600.00,2012,2013,WAS,Washington Wizards
9449,Kevin Seraphin,2761114.00,2013,2014,WAS,Washington Wizards
9927,Kevin Seraphin,3898692.00,2014,2015,WAS,Washington Wizards
10468,Kevin Seraphin,2800000.00,2015,2016,NYK,New York Knicks
11055,Kevin Seraphin,1800000.00,2016,2017,IND,Indiana Pacers
1313,Kevin Thompson,150000.00,1993,1994,POR,Portland Trail Blazers
197,Kevin Willis,685000.00,1990,1991,ATL,Atlanta Hawks
554,Kevin Willis,725000.00,1991,1992,ATL,Atlanta Hawks
929,Kevin Willis,2425000.00,1992,1993,ATL,Atlanta Hawks
1314,Kevin Willis,2625000.00,1993,1994,ATL,Atlanta Hawks
1689,Kevin Willis,2975000.00,1994,1995,MIA,Miami Heat
2063,Kevin Willis,3650000.00,1995,1996,MIA,Miami Heat
2433,Kevin Willis,1500000.00,1996,1997,HOU,Houston Rockets
3550,Kevin Willis,2625000.00,1999,2000,TOR,Toronto Raptors 
3939,Kevin Willis,2870000.00,2000,2001,TOR,Toronto Raptors 
4366,Kevin Willis,3000000.00,2001,2002,HOU,Houston Rockets
4811,Kevin Willis,1030000.00,2002,2003,SAS,San Antonio Spurs
5228,Kevin Willis,1070000.00,2003,2004,SAS,San Antonio Spurs
5643,Kevin Willis,1300000.00,2004,2005,ATL,Atlanta Hawks
10469,Kevon Looney,1131960.00,2015,2016,GSW,Golden State Warriors
11056,Kevon Looney,1182840.00,2016,2017,GSW,Golden State Warriors
11616,Kevon Looney,1471382.00,2017,2018,GSW,Golden State Warriors
3940,Keyon Dooling,1538880.00,2000,2001,LAC,Los Angeles Clippers
4367,Keyon Dooling,1654320.00,2001,2002,LAC,Los Angeles Clippers
4812,Keyon Dooling,1769760.00,2002,2003,LAC,Los Angeles Clippers
5644,Keyon Dooling,745046.00,2004,2005,MIA,Miami Heat
6090,Keyon Dooling,3100000.00,2005,2006,ORL,Orlando Magic
6483,Keyon Dooling,3348000.00,2006,2007,ORL,Orlando Magic
6891,Keyon Dooling,3596000.00,2007,2008,ORL,Orlando Magic
7295,Keyon Dooling,3300000.00,2008,2009,NJN,Brooklyn Nets
7741,Keyon Dooling,3564000.00,2009,2010,NJN,Brooklyn Nets
8175,Keyon Dooling,2000000.00,2010,2011,MIL,Milwaukee Bucks
8614,Keyon Dooling,2246400.00,2011,2012,BOS,Boston Celtic
3941,Khalid El-Amin,316969.00,2000,2001,CHI,Chicago Bulls
4368,Khalid El-Amin,465850.00,2001,2002,DAL,Dallas Mavericks
1690,Khalid Reeves,1300000.00,1994,1995,MIA,Miami Heat
2064,Khalid Reeves,1602000.00,1995,1996,CHA,Charlotte Hornets
2434,Khalid Reeves,1752000.00,1996,1997,NJN,Brooklyn Nets
3197,Khalid Reeves,2002000.00,1998,1999,DAL,Dallas Mavericks
3198,Khalid Reeves,475000.00,1998,1999,DET,Detroit Pistons
9928,Khem Birch,50000.00,2014,2015,MIA,Miami Heat
11617,Khem Birch,815615.00,2017,2018,ORL,Orlando Magic
9450,Khris Middleton,788872.00,2013,2014,MIL,Milwaukee Bucks
9929,Khris Middleton,915243.00,2014,2015,MIL,Milwaukee Bucks
10470,Khris Middleton,15000000.00,2015,2016,MIL,Milwaukee Bucks
11057,Khris Middleton,15200000.00,2016,2017,MIL,Milwaukee Bucks
11618,Khris Middleton,14100000.00,2017,2018,MIL,Milwaukee Bucks
198,Kiki Vandeweghe,1025000.00,1990,1991,NYK,New York Knicks
555,Kiki Vandeweghe,1020000.00,1991,1992,NYK,New York Knicks
930,Kiki Vandeweghe,140000.00,1992,1993,LAC,Los Angeles Clippers
1315,Kiki Vandeweghe,150000.00,1993,1994,LAC,Los Angeles Clippers
4369,Kirk Haston,1182600.00,2001,2002,CHA,Charlotte Hornets
4813,Kirk Haston,1271400.00,2002,2003,NOH,New Orleans Pelicans
5229,Kirk Haston,1360080.00,2003,2004,NOH,New Orleans Pelicans
5230,Kirk Hinrich,2185920.00,2003,2004,CHI,Chicago Bulls
6091,Kirk Hinrich,2513880.00,2005,2006,CHI,Chicago Bulls
6484,Kirk Hinrich,3192628.00,2006,2007,CHI,Chicago Bulls
6892,Kirk Hinrich,11250000.00,2007,2008,CHI,Chicago Bulls
7296,Kirk Hinrich,10000000.00,2008,2009,CHI,Chicago Bulls
7742,Kirk Hinrich,9500000.00,2009,2010,CHI,Chicago Bulls
8176,Kirk Hinrich,9000000.00,2010,2011,ATL,Atlanta Hawks
8615,Kirk Hinrich,8100000.00,2011,2012,ATL,Atlanta Hawks
9048,Kirk Hinrich,3941000.00,2012,2013,CHI,Chicago Bulls
9451,Kirk Hinrich,4059000.00,2013,2014,CHI,Chicago Bulls
10471,Kirk Hinrich,2870000.00,2015,2016,ATL,Atlanta Hawks
5231,Kirk Penney,8950.00,2003,2004,MIA,Miami Heat
5645,Kirk Snyder,1336920.00,2004,2005,UTA,Utah Jazz
6092,Kirk Snyder,1437240.00,2005,2006,NOH,New Orleans Pelicans
6485,Kirk Snyder,1537440.00,2006,2007,HOU,Houston Rockets
6893,Kirk Snyder,2358433.00,2007,2008,MIN,Minnesota Timberwolves
8616,Klay Thompson,2126520.00,2011,2012,GSW,Golden State Warriors
9049,Klay Thompson,2286000.00,2012,2013,GSW,Golden State Warriors
9452,Klay Thompson,2317920.00,2013,2014,GSW,Golden State Warriors
9930,Klay Thompson,3075880.00,2014,2015,GSW,Golden State Warriors
10472,Klay Thompson,15500000.00,2015,2016,GSW,Golden State Warriors
11058,Klay Thompson,16663575.00,2016,2017,GSW,Golden State Warriors
11619,Klay Thompson,17826150.00,2017,2018,GSW,Golden State Warriors
2435,Kobe Bryant,1015000.00,1996,1997,LAL,Los Angeles Lakers
2822,Kobe Bryant,1167240.00,1997,1998,LAL,Los Angeles Lakers
3199,Kobe Bryant,1319000.00,1998,1999,LAL,Los Angeles Lakers
3551,Kobe Bryant,9000000.00,1999,2000,LAL,Los Angeles Lakers
3942,Kobe Bryant,10130000.00,2000,2001,LAL,Los Angeles Lakers
4370,Kobe Bryant,11250000.00,2001,2002,LAL,Los Angeles Lakers
4814,Kobe Bryant,12375000.00,2002,2003,LAL,Los Angeles Lakers
5232,Kobe Bryant,13500000.00,2003,2004,LAL,Los Angeles Lakers
5646,Kobe Bryant,14175000.00,2004,2005,LAL,Los Angeles Lakers
6093,Kobe Bryant,15946875.00,2005,2006,LAL,Los Angeles Lakers
6486,Kobe Bryant,17718750.00,2006,2007,LAL,Los Angeles Lakers
6894,Kobe Bryant,19490625.00,2007,2008,LAL,Los Angeles Lakers
7297,Kobe Bryant,21262500.00,2008,2009,LAL,Los Angeles Lakers
7743,Kobe Bryant,23034375.00,2009,2010,LAL,Los Angeles Lakers
8177,Kobe Bryant,24806250.00,2010,2011,LAL,Los Angeles Lakers
8617,Kobe Bryant,25244493.00,2011,2012,LAL,Los Angeles Lakers
9050,Kobe Bryant,27849149.00,2012,2013,LAL,Los Angeles Lakers
9453,Kobe Bryant,30453805.00,2013,2014,LAL,Los Angeles Lakers
9931,Kobe Bryant,23500000.00,2014,2015,LAL,Los Angeles Lakers
10473,Kobe Bryant,25000000.00,2015,2016,LAL,Los Angeles Lakers
3200,Korleone Young,287500.00,1998,1999,DET,Detroit Pistons
3201,Kornel David,287500.00,1998,1999,CHI,Chicago Bulls
3552,Kornel David,27059.00,1999,2000,CLE,Cleveland Caveliers
3943,Kornel David,498500.00,2000,2001,TOR,Toronto Raptors 
7298,Kosta Koufos,1129320.00,2008,2009,UTA,Utah Jazz
7744,Kosta Koufos,1214040.00,2009,2010,UTA,Utah Jazz
8178,Kosta Koufos,1352640.00,2010,2011,DEN,Denver Nuggets
8618,Kosta Koufos,2203792.00,2011,2012,DEN,Denver Nuggets
9051,Kosta Koufos,3000000.00,2012,2013,DEN,Denver Nuggets
9454,Kosta Koufos,3000000.00,2013,2014,MEM,Memphis Grizzlies
9932,Kosta Koufos,3000000.00,2014,2015,MEM,Memphis Grizzlies
10474,Kosta Koufos,7500000.00,2015,2016,SAC,Sacramento Kings
11059,Kosta Koufos,8046500.00,2016,2017,SAC,Sacramento Kings
11620,Kosta Koufos,8393000.00,2017,2018,SAC,Sacramento Kings
6895,Kosta Perovic,1800000.00,2007,2008,GSW,Golden State Warriors
9933,Kostas Papanikolaou,4800000.00,2014,2015,HOU,Houston Rockets
10475,Kostas Papanikolaou,350000.00,2015,2016,DEN,Denver Nuggets
11060,Kris Dunn,3872520.00,2016,2017,MIN,Minnesota Timberwolves
11621,Kris Dunn,4046760.00,2017,2018,CHI,Chicago Bulls
5647,Kris Humphries,1481400.00,2004,2005,UTA,Utah Jazz
6094,Kris Humphries,1592400.00,2005,2006,UTA,Utah Jazz
6487,Kris Humphries,1703520.00,2006,2007,TOR,Toronto Raptors 
6896,Kris Humphries,2522913.00,2007,2008,TOR,Toronto Raptors 
7299,Kris Humphries,3200000.00,2008,2009,TOR,Toronto Raptors 
7745,Kris Humphries,3200000.00,2009,2010,NJN,Brooklyn Nets
8179,Kris Humphries,3200000.00,2010,2011,NJN,Brooklyn Nets
8619,Kris Humphries,8000000.00,2011,2012,NJN,Brooklyn Nets
9052,Kris Humphries,12000000.00,2012,2013,NJN,Brooklyn Nets
9455,Kris Humphries,12000000.00,2013,2014,BOS,Boston Celtic
9934,Kris Humphries,4300000.00,2014,2015,WAS,Washington Wizards
10476,Kris Humphries,4600000.00,2015,2016,PHO,Phoenix Suns
10477,Kris Humphries,388025.00,2015,2016,ATL,Atlanta Hawks
11061,Kris Humphries,4000000.00,2016,2017,ATL,Atlanta Hawks
10478,Kristaps Porzingis,4131720.00,2015,2016,NYK,New York Knicks
11062,Kristaps Porzingis,4317720.00,2016,2017,NYK,New York Knicks
11622,Kristaps Porzingis,4503600.00,2017,2018,NYK,New York Knicks
199,Kurk Lee,120000.00,1990,1991,NJN,Brooklyn Nets
200,Kurt Rambis,900000.00,1990,1991,PHO,Phoenix Suns
556,Kurt Rambis,950000.00,1991,1992,PHO,Phoenix Suns
931,Kurt Rambis,1100000.00,1992,1993,PHO,Phoenix Suns
1316,Kurt Rambis,400000.00,1993,1994,LAL,Los Angeles Lakers
1317,Kurt Rambis,180000.00,1993,1994,SAC,Sacramento Kings
2065,Kurt Thomas,1071000.00,1995,1996,MIA,Miami Heat
2436,Kurt Thomas,1238000.00,1996,1997,MIA,Miami Heat
3202,Kurt Thomas,1750000.00,1998,1999,NYK,New York Knicks
4371,Kurt Thomas,4413375.00,2001,2002,NYK,New York Knicks
4815,Kurt Thomas,4903750.00,2002,2003,NYK,New York Knicks
5233,Kurt Thomas,5394125.00,2003,2004,NYK,New York Knicks
5648,Kurt Thomas,5884500.00,2004,2005,NYK,New York Knicks
6488,Kurt Thomas,7821482.00,2006,2007,PHO,Phoenix Suns
6897,Kurt Thomas,8091188.00,2007,2008,SAS,San Antonio Spurs
7300,Kurt Thomas,4200000.00,2008,2009,SAS,San Antonio Spurs
7746,Kurt Thomas,3800000.00,2009,2010,MIL,Milwaukee Bucks
8180,Kurt Thomas,1352181.00,2010,2011,CHI,Chicago Bulls
4372,Kwame Brown,3697440.00,2001,2002,WAS,Washington Wizards
4816,Kwame Brown,3974760.00,2002,2003,WAS,Washington Wizards
5234,Kwame Brown,4252080.00,2003,2004,WAS,Washington Wizards
5649,Kwame Brown,5361873.00,2004,2005,WAS,Washington Wizards
6095,Kwame Brown,7500000.00,2005,2006,LAL,Los Angeles Lakers
6489,Kwame Brown,8287500.00,2006,2007,LAL,Los Angeles Lakers
6898,Kwame Brown,9075000.00,2007,2008,MEM,Memphis Grizzlies
7301,Kwame Brown,4000000.00,2008,2009,DET,Detroit Pistons
7747,Kwame Brown,4100000.00,2009,2010,DET,Detroit Pistons
8620,Kwame Brown,6750000.00,2011,2012,GSW,Golden State Warriors
9053,Kwame Brown,2819044.00,2012,2013,PHI,Philadelphia 76ers
9456,Kwame Brown,2945901.00,2013,2014,PHI,Philadelphia 76ers
9935,Kyle Anderson,1093680.00,2014,2015,SAS,San Antonio Spurs
10479,Kyle Anderson,1142879.00,2015,2016,SAS,San Antonio Spurs
11063,Kyle Anderson,1192080.00,2016,2017,SAS,San Antonio Spurs
11623,Kyle Anderson,2151704.00,2017,2018,SAS,San Antonio Spurs
11064,Kyle Collinsworth,70000.00,2016,2017,DAL,Dallas Mavericks
5650,Kyle Korver,620046.00,2004,2005,PHI,Philadelphia 76ers
6096,Kyle Korver,3630363.00,2005,2006,PHI,Philadelphia 76ers
6490,Kyle Korver,4018182.00,2006,2007,PHI,Philadelphia 76ers
6899,Kyle Korver,4400000.00,2007,2008,UTA,Utah Jazz
7302,Kyle Korver,4956818.00,2008,2009,UTA,Utah Jazz
7748,Kyle Korver,5155115.00,2009,2010,UTA,Utah Jazz
8181,Kyle Korver,5000000.00,2010,2011,CHI,Chicago Bulls
8621,Kyle Korver,5000000.00,2011,2012,CHI,Chicago Bulls
9054,Kyle Korver,5000000.00,2012,2013,ATL,Atlanta Hawks
9457,Kyle Korver,6760563.00,2013,2014,ATL,Atlanta Hawks
9936,Kyle Korver,6253521.00,2014,2015,ATL,Atlanta Hawks
10480,Kyle Korver,5746479.00,2015,2016,ATL,Atlanta Hawks
11065,Kyle Korver,5239437.00,2016,2017,CLE,Cleveland Caveliers
11624,Kyle Korver,7000000.00,2017,2018,CLE,Cleveland Caveliers
11625,Kyle Kuzma,1423560.00,2017,2018,LAL,Los Angeles Lakers
6491,Kyle Lowry,1011720.00,2006,2007,MEM,Memphis Grizzlies
6900,Kyle Lowry,1087680.00,2007,2008,MEM,Memphis Grizzlies
7303,Kyle Lowry,1163520.00,2008,2009,HOU,Houston Rockets
7749,Kyle Lowry,2034997.00,2009,2010,HOU,Houston Rockets
8182,Kyle Lowry,5750000.00,2010,2011,HOU,Houston Rockets
8622,Kyle Lowry,5750000.00,2011,2012,HOU,Houston Rockets
9055,Kyle Lowry,5750000.00,2012,2013,TOR,Toronto Raptors 
9458,Kyle Lowry,6210000.00,2013,2014,TOR,Toronto Raptors 
9937,Kyle Lowry,12000000.00,2014,2015,TOR,Toronto Raptors 
10481,Kyle Lowry,12000000.00,2015,2016,TOR,Toronto Raptors 
11066,Kyle Lowry,12000000.00,2016,2017,TOR,Toronto Raptors 
11626,Kyle Lowry,28703704.00,2017,2018,TOR,Toronto Raptors 
9056,Kyle O\'Quinn,788872.00,2012,2013,ORL,Orlando Magic
9459,Kyle O\'Quinn,788872.00,2013,2014,ORL,Orlando Magic
9938,Kyle O\'Quinn,915243.00,2014,2015,ORL,Orlando Magic
10482,Kyle O\'Quinn,3750000.00,2015,2016,NYK,New York Knicks
11067,Kyle O\'Quinn,3900000.00,2016,2017,NYK,New York Knicks
11627,Kyle O\'Quinn,4087500.00,2017,2018,NYK,New York Knicks
9460,Kyle Singler,1045000.00,2013,2014,DET,Detroit Pistons
9939,Kyle Singler,1090000.00,2014,2015,OKC,Oklahoma City Thunder
10483,Kyle Singler,5000000.00,2015,2016,OKC,Oklahoma City Thunder
11068,Kyle Singler,4837500.00,2016,2017,OKC,Oklahoma City Thunder
11628,Kyle Singler,4666500.00,2017,2018,OKC,Oklahoma City Thunder
7304,Kyle Weaver,806452.00,2008,2009,OKC,Oklahoma City Thunder
7750,Kyle Weaver,870968.00,2009,2010,OKC,Oklahoma City Thunder
8623,Kyrie Irving,5144280.00,2011,2012,CLE,Cleveland Caveliers
9057,Kyrie Irving,5530080.00,2012,2013,CLE,Cleveland Caveliers
9461,Kyrie Irving,5607240.00,2013,2014,CLE,Cleveland Caveliers
9940,Kyrie Irving,7070730.00,2014,2015,CLE,Cleveland Caveliers
10484,Kyrie Irving,14746000.00,2015,2016,CLE,Cleveland Caveliers
11069,Kyrie Irving,17638063.00,2016,2017,CLE,Cleveland Caveliers
11629,Kyrie Irving,18868625.00,2017,2018,BOS,Boston Celtic
6901,Kyrylo Fesenko,750000.00,2007,2008,UTA,Utah Jazz
7305,Kyrylo Fesenko,810000.00,2008,2009,UTA,Utah Jazz
7751,Kyrylo Fesenko,870000.00,2009,2010,UTA,Utah Jazz
8183,Kyrylo Fesenko,1087500.00,2010,2011,UTA,Utah Jazz
557,LaBradford Smith,620000.00,1991,1992,WAS,Washington Wizards
932,LaBradford Smith,760000.00,1992,1993,WAS,Washington Wizards
1318,LaBradford Smith,940000.00,1993,1994,WAS,Washington Wizards
3553,Lamar Odom,2445480.00,1999,2000,LAC,Los Angeles Clippers
3944,Lamar Odom,2628960.00,2000,2001,LAC,Los Angeles Clippers
4373,Lamar Odom,2812320.00,2001,2002,LAC,Los Angeles Clippers
4817,Lamar Odom,3557585.00,2002,2003,LAC,Los Angeles Clippers
5235,Lamar Odom,9963596.00,2003,2004,MIA,Miami Heat
5651,Lamar Odom,10548596.00,2004,2005,LAL,Los Angeles Lakers
6097,Lamar Odom,11465333.00,2005,2006,LAL,Los Angeles Lakers
6492,Lamar Odom,12348596.00,2006,2007,LAL,Los Angeles Lakers
6902,Lamar Odom,13248596.00,2007,2008,LAL,Los Angeles Lakers
7306,Lamar Odom,14148596.00,2008,2009,LAL,Los Angeles Lakers
7752,Lamar Odom,7500000.00,2009,2010,LAL,Los Angeles Lakers
8184,Lamar Odom,8200000.00,2010,2011,LAL,Los Angeles Lakers
8624,Lamar Odom,8900000.00,2011,2012,DAL,Dallas Mavericks
9058,Lamar Odom,8200000.00,2012,2013,LAC,Los Angeles Clippers
10485,Lamar Patterson,525093.00,2015,2016,ATL,Atlanta Hawks
11070,Lamar Patterson,128623.00,2016,2017,ATL,Atlanta Hawks
11071,Lamar Patterson,100000.00,2016,2017,SAC,Sacramento Kings
6493,LaMarcus Aldridge,4027320.00,2006,2007,POR,Portland Trail Blazers
6903,LaMarcus Aldridge,4329360.00,2007,2008,POR,Portland Trail Blazers
7307,LaMarcus Aldridge,4631400.00,2008,2009,POR,Portland Trail Blazers
7753,LaMarcus Aldridge,5844827.00,2009,2010,POR,Portland Trail Blazers
8185,LaMarcus Aldridge,11244000.00,2010,2011,POR,Portland Trail Blazers
8625,LaMarcus Aldridge,12372000.00,2011,2012,POR,Portland Trail Blazers
9059,LaMarcus Aldridge,13500000.00,2012,2013,POR,Portland Trail Blazers
9462,LaMarcus Aldridge,14128000.00,2013,2014,POR,Portland Trail Blazers
9941,LaMarcus Aldridge,16006000.00,2014,2015,POR,Portland Trail Blazers
10486,LaMarcus Aldridge,19500000.00,2015,2016,SAS,San Antonio Spurs
11072,LaMarcus Aldridge,20575005.00,2016,2017,SAS,San Antonio Spurs
11630,LaMarcus Aldridge,21461010.00,2017,2018,SAS,San Antonio Spurs
1691,Lamond Murray,2000000.00,1994,1995,LAC,Los Angeles Clippers
2066,Lamond Murray,2400000.00,1995,1996,LAC,Los Angeles Clippers
2437,Lamond Murray,2700000.00,1996,1997,LAC,Los Angeles Clippers
2823,Lamond Murray,2900000.00,1997,1998,LAC,Los Angeles Clippers
3203,Lamond Murray,3500000.00,1998,1999,LAC,Los Angeles Clippers
3554,Lamond Murray,3000000.00,1999,2000,CLE,Cleveland Caveliers
3945,Lamond Murray,3380000.00,2000,2001,CLE,Cleveland Caveliers
4374,Lamond Murray,3750000.00,2001,2002,CLE,Cleveland Caveliers
4818,Lamond Murray,4125000.00,2002,2003,TOR,Toronto Raptors 
5236,Lamond Murray,4500000.00,2003,2004,TOR,Toronto Raptors 
5652,Lamond Murray,4875000.00,2004,2005,TOR,Toronto Raptors 
6098,Lamond Murray,5250000.00,2005,2006,TOR,Toronto Raptors 
6099,Lamond Murray,1138500.00,2005,2006,NJN,Brooklyn Nets
558,Lamont Strothers,150000.00,1991,1992,POR,Portland Trail Blazers
559,Lanard Copeland,130000.00,1991,1992,LAC,Los Angeles Clippers
201,Lance Blanks,365000.00,1990,1991,DET,Detroit Pistons
8186,Lance Stephenson,750000.00,2010,2011,IND,Indiana Pacers
8626,Lance Stephenson,810000.00,2011,2012,IND,Indiana Pacers
9060,Lance Stephenson,870000.00,2012,2013,IND,Indiana Pacers
9463,Lance Stephenson,1005000.00,2013,2014,IND,Indiana Pacers
10487,Lance Stephenson,9000000.00,2015,2016,MEM,Memphis Grizzlies
11073,Lance Stephenson,4000000.00,2016,2017,IND,Indiana Pacers
11074,Lance Stephenson,1227286.00,2016,2017,NOH,New Orleans Pelicans
11075,Lance Stephenson,144386.00,2016,2017,MIN,Minnesota Timberwolves
11631,Lance Stephenson,4180000.00,2017,2018,IND,Indiana Pacers
8627,Lance Thomas,328444.00,2011,2012,NOH,New Orleans Pelicans
9061,Lance Thomas,762195.00,2012,2013,NOH,New Orleans Pelicans
9464,Lance Thomas,884293.00,2013,2014,NOH,New Orleans Pelicans
9942,Lance Thomas,403784.00,2014,2015,NYK,New York Knicks
10488,Lance Thomas,1650000.00,2015,2016,NYK,New York Knicks
11076,Lance Thomas,6191000.00,2016,2017,NYK,New York Knicks
11632,Lance Thomas,6655325.00,2017,2018,NYK,New York Knicks
8187,Landry Fields,473604.00,2010,2011,NYK,New York Knicks
8628,Landry Fields,762195.00,2011,2012,NYK,New York Knicks
9062,Landry Fields,6250000.00,2012,2013,TOR,Toronto Raptors 
9465,Landry Fields,6250000.00,2013,2014,TOR,Toronto Raptors 
9943,Landry Fields,6250000.00,2014,2015,TOR,Toronto Raptors 
9944,Langston Galloway,235762.00,2014,2015,NYK,New York Knicks
10489,Langston Galloway,845059.00,2015,2016,NYK,New York Knicks
11077,Langston Galloway,5200000.00,2016,2017,SAC,Sacramento Kings
11633,Langston Galloway,6666667.00,2017,2018,DET,Detroit Pistons
933,LaPhonso Ellis,1900000.00,1992,1993,DEN,Denver Nuggets
1319,LaPhonso Ellis,2350000.00,1993,1994,DEN,Denver Nuggets
1692,LaPhonso Ellis,2731000.00,1994,1995,DEN,Denver Nuggets
2067,LaPhonso Ellis,3039000.00,1995,1996,DEN,Denver Nuggets
2438,LaPhonso Ellis,3294000.00,1996,1997,DEN,Denver Nuggets
2824,LaPhonso Ellis,3650000.00,1997,1998,DEN,Denver Nuggets
3204,LaPhonso Ellis,1750000.00,1998,1999,ATL,Atlanta Hawks
3555,LaPhonso Ellis,1925000.00,1999,2000,ATL,Atlanta Hawks
3946,LaPhonso Ellis,1200000.00,2000,2001,MIN,Minnesota Timberwolves
4375,LaPhonso Ellis,3000000.00,2001,2002,MIA,Miami Heat
4819,LaPhonso Ellis,3100000.00,2002,2003,MIA,Miami Heat
3947,Lari Ketner,423500.00,2000,2001,IND,Indiana Pacers
3556,Laron Profit,301875.00,1999,2000,WAS,Washington Wizards
3948,Laron Profit,508000.00,2000,2001,WAS,Washington Wizards
4376,Laron Profit,630850.00,2001,2002,ORL,Orlando Magic
5653,Laron Profit,745046.00,2004,2005,WAS,Washington Wizards
6100,Laron Profit,745248.00,2005,2006,LAL,Los Angeles Lakers
202,Larry Bird,1500000.00,1990,1991,BOS,Boston Celtic
560,Larry Bird,7070000.00,1991,1992,BOS,Boston Celtic
934,Larry Bird,2300000.00,1992,1993,BOS,Boston Celtic
203,Larry Drew,550000.00,1990,1991,LAL,Los Angeles Lakers
561,Larry Drew,600000.00,1991,1992,LAL,Los Angeles Lakers
9945,Larry Drew,59686.00,2014,2015,PHI,Philadelphia 76ers
3205,Larry Hughes,1330000.00,1998,1999,PHI,Philadelphia 76ers
3557,Larry Hughes,1722240.00,1999,2000,GSW,Golden State Warriors
3949,Larry Hughes,1842480.00,2000,2001,GSW,Golden State Warriors
4377,Larry Hughes,2343635.00,2001,2002,GSW,Golden State Warriors
4820,Larry Hughes,4546000.00,2002,2003,WAS,Washington Wizards
5237,Larry Hughes,5000600.00,2003,2004,WAS,Washington Wizards
5654,Larry Hughes,5455200.00,2004,2005,WAS,Washington Wizards
6101,Larry Hughes,10344900.00,2005,2006,CLE,Cleveland Caveliers
6494,Larry Hughes,13363012.00,2006,2007,CLE,Cleveland Caveliers
6904,Larry Hughes,12000084.00,2007,2008,CHI,Chicago Bulls
7308,Larry Hughes,12827676.00,2008,2009,NYK,New York Knicks
7754,Larry Hughes,13655268.00,2009,2010,SAC,Sacramento Kings
8629,Larry Hughes,414443.00,2011,2012,ORL,Orlando Magic
562,Larry Johnson,1955000.00,1991,1992,CHA,Charlotte Hornets
935,Larry Johnson,2540000.00,1992,1993,CHA,Charlotte Hornets
1320,Larry Johnson,3125000.00,1993,1994,CHA,Charlotte Hornets
1693,Larry Johnson,3710000.00,1994,1995,CHA,Charlotte Hornets
2068,Larry Johnson,4295000.00,1995,1996,CHA,Charlotte Hornets
2439,Larry Johnson,5004000.00,1996,1997,NYK,New York Knicks
2825,Larry Johnson,8460714.00,1997,1998,NYK,New York Knicks
3206,Larry Johnson,10186000.00,1998,1999,NYK,New York Knicks
4378,Larry Johnson,11335714.00,2001,2002,NYK,New York Knicks
4821,Larry Johnson,9610714.00,2002,2003,NYK,New York Knicks
204,Larry Krystkowiak,605000.00,1990,1991,MIL,Milwaukee Bucks
563,Larry Krystkowiak,605000.00,1991,1992,MIL,Milwaukee Bucks
936,Larry Krystkowiak,605000.00,1992,1993,UTA,Utah Jazz
1321,Larry Krystkowiak,644000.00,1993,1994,ORL,Orlando Magic
205,Larry Nance,1260000.00,1990,1991,CLE,Cleveland Caveliers
564,Larry Nance,1363000.00,1991,1992,CLE,Cleveland Caveliers
937,Larry Nance,2775000.00,1992,1993,CLE,Cleveland Caveliers
1322,Larry Nance,2840000.00,1993,1994,CLE,Cleveland Caveliers
11634,Larry Nance,1471382.00,2017,2018,LAL,Los Angeles Lakers
10490,Larry Nance Jr.,1155600.00,2015,2016,LAL,Los Angeles Lakers
11078,Larry Nance Jr.,1207680.00,2016,2017,LAL,Los Angeles Lakers
8188,Larry Owens,55718.00,2010,2011,SAS,San Antonio Spurs
8630,Larry Owens,86052.00,2011,2012,NJN,Brooklyn Nets
1694,Larry Robinson,30000.00,1994,1995,HOU,Houston Rockets
3950,Larry Robinson,611000.00,2000,2001,ATL,Atlanta Hawks
4379,Larry Robinson,715850.00,2001,2002,NYK,New York Knicks
8189,Larry Sanders,1731960.00,2010,2011,MIL,Milwaukee Bucks
8631,Larry Sanders,1861920.00,2011,2012,MIL,Milwaukee Bucks
9063,Larry Sanders,1991760.00,2012,2013,MIL,Milwaukee Bucks
9466,Larry Sanders,3053368.00,2013,2014,MIL,Milwaukee Bucks
9946,Larry Sanders,11000000.00,2014,2015,MIL,Milwaukee Bucks
10491,Larry Sanders,1865547.00,2015,2016,MIL,Milwaukee Bucks
11079,Larry Sanders,1865547.00,2016,2017,MIL,Milwaukee Bucks
11080,Larry Sanders,207722.00,2016,2017,CLE,Cleveland Caveliers
11635,Larry Sanders,1865547.00,2017,2018,MIL,Milwaukee Bucks
206,Larry Smith,800000.00,1990,1991,HOU,Houston Rockets
565,Larry Smith,997000.00,1991,1992,HOU,Houston Rockets
938,Larry Smith,500000.00,1992,1993,SAS,San Antonio Spurs
566,Larry Stewart,130000.00,1991,1992,WAS,Washington Wizards
939,Larry Stewart,500000.00,1992,1993,WAS,Washington Wizards
1323,Larry Stewart,600000.00,1993,1994,WAS,Washington Wizards
1695,Larry Stewart,700000.00,1994,1995,WAS,Washington Wizards
2440,Larry Stewart,247500.00,1996,1997,OKC,Oklahoma City Thunder
207,LaSalle Thompson,2000000.00,1990,1991,IND,Indiana Pacers
567,LaSalle Thompson,2000000.00,1991,1992,IND,Indiana Pacers
940,LaSalle Thompson,2000000.00,1992,1993,IND,Indiana Pacers
1324,LaSalle Thompson,2000000.00,1993,1994,IND,Indiana Pacers
2441,LaSalle Thompson,247500.00,1996,1997,DEN,Denver Nuggets
941,Latrell Sprewell,550000.00,1992,1993,GSW,Golden State Warriors
1325,Latrell Sprewell,700000.00,1993,1994,GSW,Golden State Warriors
1696,Latrell Sprewell,890000.00,1994,1995,GSW,Golden State Warriors
2069,Latrell Sprewell,975000.00,1995,1996,GSW,Golden State Warriors
2442,Latrell Sprewell,7000000.00,1996,1997,GSW,Golden State Warriors
2826,Latrell Sprewell,7770000.00,1997,1998,GSW,Golden State Warriors
3207,Latrell Sprewell,8300000.00,1998,1999,NYK,New York Knicks
4380,Latrell Sprewell,11250000.00,2001,2002,NYK,New York Knicks
4822,Latrell Sprewell,12375000.00,2002,2003,NYK,New York Knicks
5238,Latrell Sprewell,13500000.00,2003,2004,MIN,Minnesota Timberwolves
5655,Latrell Sprewell,14625000.00,2004,2005,MIN,Minnesota Timberwolves
11636,Lauri Markkanen,3821640.00,2017,2018,CHI,Chicago Bulls
4381,Lavor Postell,465850.00,2001,2002,NYK,New York Knicks
4823,Lavor Postell,587435.00,2002,2003,NYK,New York Knicks
8632,Lavoy Allen,473604.00,2011,2012,PHI,Philadelphia 76ers
9064,Lavoy Allen,3000000.00,2012,2013,PHI,Philadelphia 76ers
9467,Lavoy Allen,3060000.00,2013,2014,PHI,Philadelphia 76ers
9947,Lavoy Allen,948163.00,2014,2015,IND,Indiana Pacers
10492,Lavoy Allen,3700000.00,2015,2016,IND,Indiana Pacers
11081,Lavoy Allen,4000000.00,2016,2017,IND,Indiana Pacers
3558,Lawrence Funderburke,2400000.00,1999,2000,SAC,Sacramento Kings
3951,Lawrence Funderburke,2700000.00,2000,2001,SAC,Sacramento Kings
4382,Lawrence Funderburke,3025000.00,2001,2002,SAC,Sacramento Kings
4824,Lawrence Funderburke,3300000.00,2002,2003,SAC,Sacramento Kings
5239,Lawrence Funderburke,3600000.00,2003,2004,SAC,Sacramento Kings
2070,Lawrence Moten,280000.00,1995,1996,MEM,Memphis Grizzlies
2443,Lawrence Moten,321000.00,1996,1997,MEM,Memphis Grizzlies
6102,Lawrence Roberts,398762.00,2005,2006,MEM,Memphis Grizzlies
6495,Lawrence Roberts,664209.00,2006,2007,MEM,Memphis Grizzlies
8190,Lazar Hayward,1020960.00,2010,2011,MIN,Minnesota Timberwolves
8633,Lazar Hayward,1097520.00,2011,2012,OKC,Oklahoma City Thunder
9065,Lazar Hayward,80413.00,2012,2013,MIN,Minnesota Timberwolves
3559,Lazaro Borrell,301875.00,1999,2000,OKC,Oklahoma City Thunder
5240,Leandro Barbosa,809280.00,2003,2004,PHO,Phoenix Suns
5656,Leandro Barbosa,870000.00,2004,2005,PHO,Phoenix Suns
6496,Leandro Barbosa,1679733.00,2006,2007,PHO,Phoenix Suns
6905,Leandro Barbosa,5600000.00,2007,2008,PHO,Phoenix Suns
7309,Leandro Barbosa,6100000.00,2008,2009,PHO,Phoenix Suns
7755,Leandro Barbosa,6600000.00,2009,2010,PHO,Phoenix Suns
8191,Leandro Barbosa,7100000.00,2010,2011,TOR,Toronto Raptors 
8634,Leandro Barbosa,7600000.00,2011,2012,TOR,Toronto Raptors 
9066,Leandro Barbosa,1229255.00,2012,2013,WAS,Washington Wizards
9948,Leandro Barbosa,1448490.00,2014,2015,GSW,Golden State Warriors
10493,Leandro Barbosa,2500000.00,2015,2016,GSW,Golden State Warriors
11082,Leandro Barbosa,4000000.00,2016,2017,PHO,Phoenix Suns
11637,Leandro Barbosa,500000.00,2017,2018,PHO,Phoenix Suns
5241,LeBron James,4018920.00,2003,2004,CLE,Cleveland Caveliers
5657,LeBron James,4320360.00,2004,2005,CLE,Cleveland Caveliers
6103,LeBron James,4621800.00,2005,2006,CLE,Cleveland Caveliers
6497,LeBron James,5828090.00,2006,2007,CLE,Cleveland Caveliers
6906,LeBron James,13041250.00,2007,2008,CLE,Cleveland Caveliers
7310,LeBron James,14410581.00,2008,2009,CLE,Cleveland Caveliers
7756,LeBron James,15779912.00,2009,2010,CLE,Cleveland Caveliers
8635,LeBron James,16022500.00,2011,2012,MIA,Miami Heat
9067,LeBron James,17545000.00,2012,2013,MIA,Miami Heat
9468,LeBron James,19067500.00,2013,2014,MIA,Miami Heat
9949,LeBron James,20644400.00,2014,2015,CLE,Cleveland Caveliers
10494,LeBron James,22971000.00,2015,2016,CLE,Cleveland Caveliers
11083,LeBron James,30963450.00,2016,2017,CLE,Cleveland Caveliers
11638,LeBron James,33285709.00,2017,2018,CLE,Cleveland Caveliers
208,Ledell Eackles,605000.00,1990,1991,WAS,Washington Wizards
568,Ledell Eackles,780000.00,1991,1992,WAS,Washington Wizards
942,Ledell Eackles,780000.00,1992,1993,WAS,Washington Wizards
1697,Ledell Eackles,150000.00,1994,1995,MIA,Miami Heat
943,Lee Mayberry,520000.00,1992,1993,MIL,Milwaukee Bucks
1326,Lee Mayberry,670000.00,1993,1994,MIL,Milwaukee Bucks
1698,Lee Mayberry,820000.00,1994,1995,MIL,Milwaukee Bucks
2071,Lee Mayberry,965000.00,1995,1996,MIL,Milwaukee Bucks
2444,Lee Mayberry,1100000.00,1996,1997,MEM,Memphis Grizzlies
2827,Lee Mayberry,1320000.00,1997,1998,MEM,Memphis Grizzlies
3208,Lee Mayberry,1540000.00,1998,1999,MEM,Memphis Grizzlies
3952,Lee Nailon,316969.00,2000,2001,CHA,Charlotte Hornets
4383,Lee Nailon,465850.00,2001,2002,CHA,Charlotte Hornets
4825,Lee Nailon,587435.00,2002,2003,NYK,New York Knicks
5658,Lee Nailon,745046.00,2004,2005,NOH,New Orleans Pelicans
6104,Lee Nailon,835810.00,2005,2006,PHI,Philadelphia 76ers
7311,Leon Powe,797581.00,2008,2009,BOS,Boston Celtic
7757,Leon Powe,855189.00,2009,2010,CLE,Cleveland Caveliers
8192,Leon Powe,915852.00,2010,2011,CLE,Cleveland Caveliers
3560,Leon Smith,449920.00,1999,2000,DAL,Dallas Mavericks
3953,Leon Smith,483680.00,2000,2001,DAL,Dallas Mavericks
4384,Leon Smith,517360.00,2001,2002,DAL,Dallas Mavericks
569,LeRon Ellis,180000.00,1991,1992,LAC,Los Angeles Clippers
1327,LeRon Ellis,150000.00,1993,1994,CHA,Charlotte Hornets
2072,LeRon Ellis,400000.00,1995,1996,MIA,Miami Heat
209,Les Jepsen,505000.00,1990,1991,GSW,Golden State Warriors
570,Les Jepsen,504000.00,1991,1992,SAC,Sacramento Kings
944,Les Jepsen,504000.00,1992,1993,SAC,Sacramento Kings
1328,Les Jepsen,504000.00,1993,1994,SAC,Sacramento Kings
210,Lester Conner,900000.00,1990,1991,MIL,Milwaukee Bucks
571,Lester Conner,900000.00,1991,1992,MIL,Milwaukee Bucks
945,Lester Conner,890000.00,1992,1993,ORL,Orlando Magic
1329,Lester Conner,25000.00,1993,1994,ORL,Orlando Magic
7758,Lester Hudson,199185.00,2009,2010,MEM,Memphis Grizzlies
7759,Lester Hudson,193802.00,2009,2010,BOS,Boston Celtic
8193,Lester Hudson,192791.00,2010,2011,WAS,Washington Wizards
9950,Lester Hudson,55774.00,2014,2015,LAC,Los Angeles Clippers
10495,Levi Randolph,25000.00,2015,2016,BOS,Boston Celtic
6105,Linas Kleiza,879360.00,2005,2006,DEN,Denver Nuggets
6907,Linas Kleiza,1011360.00,2007,2008,DEN,Denver Nuggets
7312,Linas Kleiza,1824493.00,2008,2009,DEN,Denver Nuggets
8194,Linas Kleiza,4995000.00,2010,2011,TOR,Toronto Raptors 
8636,Linas Kleiza,4605000.00,2011,2012,TOR,Toronto Raptors 
9068,Linas Kleiza,4600000.00,2012,2013,TOR,Toronto Raptors 
1330,Lindsey Hunter,902000.00,1993,1994,DET,Detroit Pistons
1699,Lindsey Hunter,1173000.00,1994,1995,DET,Detroit Pistons
2445,Lindsey Hunter,1715000.00,1996,1997,DET,Detroit Pistons
2828,Lindsey Hunter,1750000.00,1997,1998,DET,Detroit Pistons
3209,Lindsey Hunter,2050000.00,1998,1999,DET,Detroit Pistons
3561,Lindsey Hunter,2350000.00,1999,2000,DET,Detroit Pistons
3954,Lindsey Hunter,2650000.00,2000,2001,MIL,Milwaukee Bucks
4385,Lindsey Hunter,3425760.00,2001,2002,LAL,Los Angeles Lakers
4826,Lindsey Hunter,3870912.00,2002,2003,TOR,Toronto Raptors 
5242,Lindsey Hunter,3000000.00,2003,2004,DET,Detroit Pistons
5659,Lindsey Hunter,1600000.00,2004,2005,DET,Detroit Pistons
6106,Lindsey Hunter,1760000.00,2005,2006,DET,Detroit Pistons
6498,Lindsey Hunter,2250000.00,2006,2007,DET,Detroit Pistons
6908,Lindsey Hunter,2250000.00,2007,2008,DET,Detroit Pistons
7313,Lindsey Hunter,1143473.00,2008,2009,CHI,Chicago Bulls
7760,Lindsey Hunter,1306455.00,2009,2010,CHI,Chicago Bulls
5243,Linton Johnson,366931.00,2003,2004,CHI,Chicago Bulls
6107,Linton Johnson,719373.00,2005,2006,NJN,Brooklyn Nets
6499,Linton Johnson,771331.00,2006,2007,NOH,New Orleans Pelicans
6909,Linton Johnson,283953.00,2007,2008,PHO,Phoenix Suns
5660,Lionel Chalmers,450000.00,2004,2005,LAC,Los Angeles Clippers
6108,Lionel Chalmers,682050.00,2005,2006,MIN,Minnesota Timberwolves
211,Lionel Simmons,930000.00,1990,1991,SAC,Sacramento Kings
572,Lionel Simmons,1289000.00,1991,1992,SAC,Sacramento Kings
946,Lionel Simmons,1464000.00,1992,1993,SAC,Sacramento Kings
1331,Lionel Simmons,1743000.00,1993,1994,SAC,Sacramento Kings
1700,Lionel Simmons,2181400.00,1994,1995,SAC,Sacramento Kings
2073,Lionel Simmons,2676000.00,1995,1996,SAC,Sacramento Kings
2446,Lionel Simmons,3194000.00,1996,1997,SAC,Sacramento Kings
2829,Lionel Simmons,3716500.00,1997,1998,SAC,Sacramento Kings
3210,Lionel Simmons,4238500.00,1998,1999,SAC,Sacramento Kings
947,Litterial Green,140000.00,1992,1993,ORL,Orlando Magic
1332,Litterial Green,250000.00,1993,1994,ORL,Orlando Magic
2447,Litterial Green,247500.00,1996,1997,DET,Detroit Pistons
11084,Livio Jean-Charles,1188840.00,2016,2017,SAS,San Antonio Spurs
11639,Livio Jean-Charles,1035200.00,2017,2018,SAS,San Antonio Spurs
948,Lloyd Daniels,140000.00,1992,1993,SAS,San Antonio Spurs
1333,Lloyd Daniels,182000.00,1993,1994,SAS,San Antonio Spurs
1701,Lloyd Daniels,250000.00,1994,1995,SAS,San Antonio Spurs
1702,Lloyd Daniels,11400.00,1994,1995,PHI,Philadelphia 76ers
2448,Lloyd Daniels,184100.00,1996,1997,NJN,Brooklyn Nets
2074,Logan Vander Velden,200000.00,1995,1996,LAC,Los Angeles Clippers
4827,Lonny Baxter,349458.00,2002,2003,CHI,Chicago Bulls
5244,Lonny Baxter,636679.00,2003,2004,TOR,Toronto Raptors 
5661,Lonny Baxter,542475.00,2004,2005,NOH,New Orleans Pelicans
6109,Lonny Baxter,745248.00,2005,2006,HOU,Houston Rockets
11640,Lonzo Ball,6286560.00,2017,2018,LAL,Los Angeles Lakers
2075,Loren Meyer,556000.00,1995,1996,DAL,Dallas Mavericks
2449,Loren Meyer,639000.00,1996,1997,PHO,Phoenix Suns
2830,Loren Meyer,722760.00,1997,1998,PHO,Phoenix Suns
3211,Loren Meyer,450000.00,1998,1999,DEN,Denver Nuggets
4386,Loren Woods,332817.00,2001,2002,MIN,Minnesota Timberwolves
4828,Loren Woods,662435.00,2002,2003,MIN,Minnesota Timberwolves
5245,Loren Woods,638679.00,2003,2004,MIA,Miami Heat
5662,Loren Woods,755000.00,2004,2005,TOR,Toronto Raptors 
6110,Loren Woods,780000.00,2005,2006,TOR,Toronto Raptors 
6500,Loren Woods,300000.00,2006,2007,SAC,Sacramento Kings
2450,Lorenzen Wright,1480000.00,1996,1997,LAC,Los Angeles Clippers
2831,Lorenzen Wright,1701720.00,1997,1998,LAC,Los Angeles Clippers
3212,Lorenzen Wright,1923000.00,1998,1999,LAC,Los Angeles Clippers
3562,Lorenzen Wright,4400000.00,1999,2000,ATL,Atlanta Hawks
3955,Lorenzen Wright,4950000.00,2000,2001,ATL,Atlanta Hawks
4387,Lorenzen Wright,5500000.00,2001,2002,MEM,Memphis Grizzlies
4829,Lorenzen Wright,6050000.00,2002,2003,MEM,Memphis Grizzlies
5246,Lorenzen Wright,6600000.00,2003,2004,MEM,Memphis Grizzlies
5663,Lorenzen Wright,7150000.00,2004,2005,MEM,Memphis Grizzlies
6111,Lorenzen Wright,7700000.00,2005,2006,MEM,Memphis Grizzlies
6501,Lorenzen Wright,3250000.00,2006,2007,ATL,Atlanta Hawks
7314,Lorenzen Wright,1262275.00,2008,2009,CLE,Cleveland Caveliers
9951,Lorenzo Brown,283367.00,2014,2015,MIN,Minnesota Timberwolves
10496,Lorenzo Brown,117016.00,2015,2016,DET,Detroit Pistons
10497,Lorenzo Brown,111444.00,2015,2016,PHO,Phoenix Suns
949,Lorenzo Williams,7000.00,1992,1993,CHA,Charlotte Hornets
1334,Lorenzo Williams,250000.00,1993,1994,BOS,Boston Celtic
1703,Lorenzo Williams,200000.00,1994,1995,DAL,Dallas Mavericks
2076,Lorenzo Williams,1550000.00,1995,1996,DAL,Dallas Mavericks
2451,Lorenzo Williams,940000.00,1996,1997,WAS,Washington Wizards
2832,Lorenzo Williams,1128000.00,1997,1998,WAS,Washington Wizards
3213,Lorenzo Williams,1316000.00,1998,1999,WAS,Washington Wizards
3563,Lorenzo Williams,1540000.00,1999,2000,WAS,Washington Wizards
3956,Lorenzo Williams,1750000.00,2000,2001,WAS,Washington Wizards
4388,Lorenzo Williams,1880000.00,2001,2002,WAS,Washington Wizards
4830,Lorenzo Williams,2068000.00,2002,2003,WAS,Washington Wizards
10498,Lou Amundson,1650000.00,2015,2016,NYK,New York Knicks
11085,Lou Amundson,1551659.00,2016,2017,NYK,New York Knicks
2452,Lou Roe,247500.00,1996,1997,GSW,Golden State Warriors
3564,Lou Roe,97412.00,1999,2000,MIN,Minnesota Timberwolves
9952,Lou Williams,5450000.00,2014,2015,TOR,Toronto Raptors 
10499,Lou Williams,7000000.00,2015,2016,LAL,Los Angeles Lakers
11086,Lou Williams,7000000.00,2016,2017,HOU,Houston Rockets
11641,Lou Williams,7000000.00,2017,2018,LAC,Los Angeles Clippers
6502,Louis Amundson,105696.00,2006,2007,PHI,Philadelphia 76ers
6503,Louis Amundson,75000.00,2006,2007,SAC,Sacramento Kings
7315,Louis Amundson,797581.00,2008,2009,PHO,Phoenix Suns
7761,Louis Amundson,855189.00,2009,2010,PHO,Phoenix Suns
8195,Louis Amundson,2225000.00,2010,2011,GSW,Golden State Warriors
8637,Louis Amundson,2403000.00,2011,2012,IND,Indiana Pacers
9069,Louis Amundson,1069509.00,2012,2013,MIN,Minnesota Timberwolves
9953,Louis Amundson,409167.00,2014,2015,NYK,New York Knicks
6112,Louis Williams,450000.00,2005,2006,PHI,Philadelphia 76ers
6504,Louis Williams,664209.00,2006,2007,PHI,Philadelphia 76ers
7316,Louis Williams,4500000.00,2008,2009,PHI,Philadelphia 76ers
7762,Louis Williams,4972500.00,2009,2010,PHI,Philadelphia 76ers
8196,Louis Williams,5000000.00,2010,2011,PHI,Philadelphia 76ers
8638,Louis Williams,5176000.00,2011,2012,PHI,Philadelphia 76ers
9070,Louis Williams,5000000.00,2012,2013,ATL,Atlanta Hawks
9469,Louis Williams,5225000.00,2013,2014,ATL,Atlanta Hawks
212,Loy Vaught,825000.00,1990,1991,LAC,Los Angeles Clippers
573,Loy Vaught,1000000.00,1991,1992,LAC,Los Angeles Clippers
950,Loy Vaught,1100000.00,1992,1993,LAC,Los Angeles Clippers
1335,Loy Vaught,1225000.00,1993,1994,LAC,Los Angeles Clippers
1704,Loy Vaught,2750000.00,1994,1995,LAC,Los Angeles Clippers
2077,Loy Vaught,3000000.00,1995,1996,LAC,Los Angeles Clippers
2453,Loy Vaught,3100000.00,1996,1997,LAC,Los Angeles Clippers
2833,Loy Vaught,3350000.00,1997,1998,LAC,Los Angeles Clippers
3214,Loy Vaught,3830000.00,1998,1999,DET,Detroit Pistons
3565,Loy Vaught,4180000.00,1999,2000,DET,Detroit Pistons
3957,Loy Vaught,4812025.00,2000,2001,DAL,Dallas Mavericks
4389,Loy Vaught,5222025.00,2001,2002,WAS,Washington Wizards
4831,Loy Vaught,5364964.00,2002,2003,WAS,Washington Wizards
574,Luc Longley,1590000.00,1991,1992,MIN,Minnesota Timberwolves
1336,Luc Longley,1590000.00,1993,1994,MIN,Minnesota Timberwolves
2078,Luc Longley,2300000.00,1995,1996,CHI,Chicago Bulls
2454,Luc Longley,2790000.00,1996,1997,CHI,Chicago Bulls
2834,Luc Longley,3184900.00,1997,1998,CHI,Chicago Bulls
3215,Luc Longley,4000000.00,1998,1999,PHO,Phoenix Suns
4390,Luc Longley,6325000.00,2001,2002,NYK,New York Knicks
4832,Luc Longley,6900000.00,2002,2003,NYK,New York Knicks
7317,Luc Mbah a Moute,757000.00,2008,2009,MIL,Milwaukee Bucks
7763,Luc Mbah a Moute,736420.00,2009,2010,MIL,Milwaukee Bucks
8197,Luc Mbah a Moute,854389.00,2010,2011,MIL,Milwaukee Bucks
8639,Luc Mbah a Moute,5000000.00,2011,2012,MIL,Milwaukee Bucks
9071,Luc Mbah a Moute,4795192.00,2012,2013,MIL,Milwaukee Bucks
9470,Luc Mbah a Moute,4588384.00,2013,2014,SAC,Sacramento Kings
9954,Luc Mbah a Moute,4382576.00,2014,2015,PHI,Philadelphia 76ers
10500,Luc Mbah a Moute,1270964.00,2015,2016,LAC,Los Angeles Clippers
11087,Luc Mbah a Moute,2203000.00,2016,2017,LAC,Los Angeles Clippers
11642,Luc Mbah a Moute,2116955.00,2017,2018,HOU,Houston Rockets
9955,Lucas Nogueira,1762680.00,2014,2015,TOR,Toronto Raptors 
10501,Lucas Nogueira,1842000.00,2015,2016,TOR,Toronto Raptors 
11088,Lucas Nogueira,1921320.00,2016,2017,TOR,Toronto Raptors 
11643,Lucas Nogueira,2947305.00,2017,2018,TOR,Toronto Raptors 
1337,Lucious Harris,350000.00,1993,1994,DAL,Dallas Mavericks
1705,Lucious Harris,455000.00,1994,1995,DAL,Dallas Mavericks
2079,Lucious Harris,725000.00,1995,1996,DAL,Dallas Mavericks
2455,Lucious Harris,1200000.00,1996,1997,PHI,Philadelphia 76ers
2835,Lucious Harris,1440000.00,1997,1998,NJN,Brooklyn Nets
3216,Lucious Harris,1680000.00,1998,1999,NJN,Brooklyn Nets
3566,Lucious Harris,1920000.00,1999,2000,NJN,Brooklyn Nets
3958,Lucious Harris,2160000.00,2000,2001,NJN,Brooklyn Nets
4391,Lucious Harris,2400000.00,2001,2002,NJN,Brooklyn Nets
4833,Lucious Harris,2640000.00,2002,2003,NJN,Brooklyn Nets
5247,Lucious Harris,2500000.00,2003,2004,NJN,Brooklyn Nets
5664,Lucious Harris,2500000.00,2004,2005,CLE,Cleveland Caveliers
9956,Luigi Datome,1750000.00,2014,2015,BOS,Boston Celtic
5665,Luis Flores,385277.00,2004,2005,GSW,Golden State Warriors
10502,Luis Montero,525093.00,2015,2016,POR,Portland Trail Blazers
7318,Luis Scola,3100667.00,2008,2009,HOU,Houston Rockets
7764,Luis Scola,3375600.00,2009,2010,HOU,Houston Rockets
8198,Luis Scola,7775378.00,2010,2011,HOU,Houston Rockets
8640,Luis Scola,8591793.00,2011,2012,HOU,Houston Rockets
9072,Luis Scola,4148510.00,2012,2013,PHO,Phoenix Suns
9471,Luis Scola,4508504.00,2013,2014,IND,Indiana Pacers
9957,Luis Scola,6541000.00,2014,2015,HOU,Houston Rockets
9958,Luis Scola,6172538.00,2014,2015,HOU,Houston Rockets
9959,Luis Scola,4868499.00,2014,2015,IND,Indiana Pacers
10503,Luis Scola,3000000.00,2015,2016,TOR,Toronto Raptors 
11089,Luis Scola,5000000.00,2016,2017,NJN,Brooklyn Nets
8199,Luke Babbitt,1645440.00,2010,2011,POR,Portland Trail Blazers
8641,Luke Babbitt,1768800.00,2011,2012,POR,Portland Trail Blazers
9073,Luke Babbitt,1892280.00,2012,2013,POR,Portland Trail Blazers
9960,Luke Babbitt,981084.00,2014,2015,NOH,New Orleans Pelicans
10504,Luke Babbitt,1100000.00,2015,2016,NOH,New Orleans Pelicans
11090,Luke Babbitt,1227000.00,2016,2017,MIA,Miami Heat
11644,Luke Babbitt,1974159.00,2017,2018,ATL,Atlanta Hawks
8200,Luke Harangody,473604.00,2010,2011,CLE,Cleveland Caveliers
8642,Luke Harangody,762195.00,2011,2012,CLE,Cleveland Caveliers
9074,Luke Harangody,1054389.00,2012,2013,CLE,Cleveland Caveliers
5666,Luke Jackson,1818720.00,2004,2005,CLE,Cleveland Caveliers
6113,Luke Jackson,1955160.00,2005,2006,CLE,Cleveland Caveliers
6505,Luke Jackson,40501.00,2006,2007,LAC,Los Angeles Clippers
6910,Luke Jackson,279415.00,2007,2008,MIA,Miami Heat
11645,Luke Kennard,2759280.00,2017,2018,DET,Detroit Pistons
5248,Luke Ridnour,1424400.00,2003,2004,OKC,Oklahoma City Thunder
5667,Luke Ridnour,1531200.00,2004,2005,OKC,Oklahoma City Thunder
6114,Luke Ridnour,1638000.00,2005,2006,OKC,Oklahoma City Thunder
6506,Luke Ridnour,2425878.00,2006,2007,OKC,Oklahoma City Thunder
6911,Luke Ridnour,6500000.00,2007,2008,OKC,Oklahoma City Thunder
7319,Luke Ridnour,6500000.00,2008,2009,MIL,Milwaukee Bucks
7765,Luke Ridnour,6500000.00,2009,2010,MIL,Milwaukee Bucks
8201,Luke Ridnour,4000000.00,2010,2011,MIN,Minnesota Timberwolves
8643,Luke Ridnour,3680000.00,2011,2012,MIN,Minnesota Timberwolves
9075,Luke Ridnour,4000000.00,2012,2013,MIN,Minnesota Timberwolves
9472,Luke Ridnour,4320000.00,2013,2014,MIL,Milwaukee Bucks
9961,Luke Ridnour,2750000.00,2014,2015,ORL,Orlando Magic
6507,Luke Schenscher,55000.00,2006,2007,CHI,Chicago Bulls
5249,Luke Walton,366931.00,2003,2004,LAL,Los Angeles Lakers
5668,Luke Walton,620046.00,2004,2005,LAL,Los Angeles Lakers
6115,Luke Walton,1250000.00,2005,2006,LAL,Los Angeles Lakers
6508,Luke Walton,1375000.00,2006,2007,LAL,Los Angeles Lakers
6912,Luke Walton,4000000.00,2007,2008,LAL,Los Angeles Lakers
7320,Luke Walton,4420000.00,2008,2009,LAL,Los Angeles Lakers
7766,Luke Walton,4840000.00,2009,2010,LAL,Los Angeles Lakers
8202,Luke Walton,5260000.00,2010,2011,LAL,Los Angeles Lakers
8644,Luke Walton,5680000.00,2011,2012,LAL,Los Angeles Lakers
9076,Luke Walton,6091363.00,2012,2013,CLE,Cleveland Caveliers
9077,Luke Zeller,473604.00,2012,2013,PHO,Phoenix Suns
6116,Luol Deng,2443920.00,2005,2006,CHI,Chicago Bulls
6509,Luol Deng,2614440.00,2006,2007,CHI,Chicago Bulls
6913,Luol Deng,3320339.00,2007,2008,CHI,Chicago Bulls
7321,Luol Deng,9385000.00,2008,2009,CHI,Chicago Bulls
7767,Luol Deng,10370425.00,2009,2010,CHI,Chicago Bulls
8203,Luol Deng,11345000.00,2010,2011,CHI,Chicago Bulls
8645,Luol Deng,12325000.00,2011,2012,CHI,Chicago Bulls
9078,Luol Deng,13305000.00,2012,2013,CHI,Chicago Bulls
9473,Luol Deng,14275000.00,2013,2014,CHI,Chicago Bulls
9962,Luol Deng,9714461.00,2014,2015,MIA,Miami Heat
10505,Luol Deng,10151612.00,2015,2016,MIA,Miami Heat
11091,Luol Deng,18000000.00,2016,2017,LAL,Los Angeles Lakers
11646,Luol Deng,17190000.00,2017,2018,LAL,Los Angeles Lakers
6117,Luther Head,975600.00,2005,2006,HOU,Houston Rockets
6510,Luther Head,1048800.00,2006,2007,HOU,Houston Rockets
7322,Luther Head,1962378.00,2008,2009,HOU,Houston Rockets
7768,Luther Head,884881.00,2009,2010,IND,Indiana Pacers
8204,Luther Head,992680.00,2010,2011,SAC,Sacramento Kings
1338,Luther Wright,650000.00,1993,1994,UTA,Utah Jazz
1706,Luther Wright,845000.00,1994,1995,UTA,Utah Jazz
6511,Lynn Greer,664209.00,2006,2007,MIL,Milwaukee Bucks
9079,Maalik Wayns,217301.00,2012,2013,PHI,Philadelphia 76ers
3959,Maceo Baston,423500.00,2000,2001,MIL,Milwaukee Bucks
6914,Maceo Baston,1830000.00,2007,2008,TOR,Toronto Raptors 
7323,Maceo Baston,2272860.00,2008,2009,IND,Indiana Pacers
5250,Maciej Lampe,829000.00,2003,2004,NYK,New York Knicks
5669,Maciej Lampe,900000.00,2004,2005,PHO,Phoenix Suns
6118,Maciej Lampe,900000.00,2005,2006,NOH,New Orleans Pelicans
213,Magic Johnson,2400000.00,1990,1991,LAL,Los Angeles Lakers
575,Magic Johnson,2500000.00,1991,1992,LAL,Los Angeles Lakers
951,Magic Johnson,2500000.00,1992,1993,LAL,Los Angeles Lakers
1339,Magic Johnson,2500000.00,1993,1994,LAL,Los Angeles Lakers
214,Mahmoud Abdul-Rauf,1660000.00,1990,1991,DEN,Denver Nuggets
576,Mahmoud Abdul-Rauf,2008000.00,1991,1992,DEN,Denver Nuggets
952,Mahmoud Abdul-Rauf,2358000.00,1992,1993,DEN,Denver Nuggets
1340,Mahmoud Abdul-Rauf,1825000.00,1993,1994,DEN,Denver Nuggets
1707,Mahmoud Abdul-Rauf,2200000.00,1994,1995,DEN,Denver Nuggets
2080,Mahmoud Abdul-Rauf,2600000.00,1995,1996,DEN,Denver Nuggets
2456,Mahmoud Abdul-Rauf,3100000.00,1996,1997,SAC,Sacramento Kings
2836,Mahmoud Abdul-Rauf,3300000.00,1997,1998,SAC,Sacramento Kings
3960,Mahmoud Abdul-Rauf,798500.00,2000,2001,MEM,Memphis Grizzlies
3217,Makhtar N\'Diaye,287500.00,1998,1999,MEM,Memphis Grizzlies
11092,Malachi Richardson,1439880.00,2016,2017,SAC,Sacramento Kings
11647,Malachi Richardson,1504560.00,2017,2018,SAC,Sacramento Kings
11093,Malcolm Brogdon,925000.00,2016,2017,MIL,Milwaukee Bucks
11648,Malcolm Brogdon,1312611.00,2017,2018,MIL,Milwaukee Bucks
11094,Malcolm Delaney,2500000.00,2016,2017,ATL,Atlanta Hawks
11649,Malcolm Delaney,2500000.00,2017,2018,ATL,Atlanta Hawks
8646,Malcolm Lee,500000.00,2011,2012,MIN,Minnesota Timberwolves
9080,Malcolm Lee,762195.00,2012,2013,MIN,Minnesota Timberwolves
9474,Malcolm Lee,884293.00,2013,2014,PHO,Phoenix Suns
1341,Malcolm Mackey,550000.00,1993,1994,PHO,Phoenix Suns
10506,Malcolm Miller,25000.00,2015,2016,BOS,Boston Celtic
8647,Malcolm Thomas,103104.00,2011,2012,SAS,San Antonio Spurs
9963,Malcolm Thomas,474000.00,2014,2015,PHI,Philadelphia 76ers
4392,Malik Allen,332817.00,2001,2002,MIA,Miami Heat
4834,Malik Allen,512435.00,2002,2003,MIA,Miami Heat
5251,Malik Allen,1510000.00,2003,2004,MIA,Miami Heat
5670,Malik Allen,1950625.00,2004,2005,MIA,Miami Heat
6119,Malik Allen,1670000.00,2005,2006,CHI,Chicago Bulls
6512,Malik Allen,1803600.00,2006,2007,CHI,Chicago Bulls
6915,Malik Allen,998398.00,2007,2008,DAL,Dallas Mavericks
7324,Malik Allen,1300000.00,2008,2009,MIL,Milwaukee Bucks
7769,Malik Allen,1300000.00,2009,2010,DEN,Denver Nuggets
8205,Malik Allen,1229255.00,2010,2011,ORL,Orlando Magic
11095,Malik Beasley,1627320.00,2016,2017,DEN,Denver Nuggets
11650,Malik Beasley,1700640.00,2017,2018,DEN,Denver Nuggets
7325,Malik Hairston,351091.00,2008,2009,SAS,San Antonio Spurs
7770,Malik Hairston,736420.00,2009,2010,SAS,San Antonio Spurs
11651,Malik Monk,2904480.00,2017,2018,CHA,Charlotte Hornets
2837,Malik Rose,272250.00,1997,1998,SAS,San Antonio Spurs
3567,Malik Rose,2285000.00,1999,2000,SAS,San Antonio Spurs
4393,Malik Rose,2285000.00,2001,2002,SAS,San Antonio Spurs
4835,Malik Rose,4370000.00,2002,2003,SAS,San Antonio Spurs
5252,Malik Rose,4916250.00,2003,2004,SAS,San Antonio Spurs
6120,Malik Rose,6008750.00,2005,2006,NYK,New York Knicks
6916,Malik Rose,7101250.00,2007,2008,NYK,New York Knicks
7326,Malik Rose,7647500.00,2008,2009,OKC,Oklahoma City Thunder
953,Malik Sealy,790000.00,1992,1993,IND,Indiana Pacers
1342,Malik Sealy,1023000.00,1993,1994,IND,Indiana Pacers
1708,Malik Sealy,1260000.00,1994,1995,LAC,Los Angeles Clippers
2081,Malik Sealy,1495000.00,1995,1996,LAC,Los Angeles Clippers
2457,Malik Sealy,1732000.00,1996,1997,LAC,Los Angeles Clippers
2838,Malik Sealy,1150000.00,1997,1998,DET,Detroit Pistons
3218,Malik Sealy,1000000.00,1998,1999,MIN,Minnesota Timberwolves
3568,Malik Sealy,1100000.00,1999,2000,MIN,Minnesota Timberwolves
3961,Mamadou N\'Diaye,737880.00,2000,2001,DEN,Denver Nuggets
4394,Mamadou N\'Diaye,793200.00,2001,2002,TOR,Toronto Raptors 
4836,Mamadou N\'Diaye,848520.00,2002,2003,TOR,Toronto Raptors 
5671,Mamadou N\'Diaye,750000.00,2004,2005,LAC,Los Angeles Clippers
8206,Manny Harris,473604.00,2010,2011,CLE,Cleveland Caveliers
8648,Manny Harris,122942.00,2011,2012,CLE,Cleveland Caveliers
11096,Manny Harris,119494.00,2016,2017,DAL,Dallas Mavericks
4837,Manu Ginobili,1325000.00,2002,2003,SAS,San Antonio Spurs
5253,Manu Ginobili,1457500.00,2003,2004,SAS,San Antonio Spurs
6513,Manu Ginobili,8254375.00,2006,2007,SAS,San Antonio Spurs
6917,Manu Ginobili,9079811.00,2007,2008,SAS,San Antonio Spurs
7327,Manu Ginobili,9905248.00,2008,2009,SAS,San Antonio Spurs
7771,Manu Ginobili,10728130.00,2009,2010,SAS,San Antonio Spurs
8207,Manu Ginobili,11854584.00,2010,2011,SAS,San Antonio Spurs
8649,Manu Ginobili,12981038.00,2011,2012,SAS,San Antonio Spurs
9081,Manu Ginobili,14107492.00,2012,2013,SAS,San Antonio Spurs
9475,Manu Ginobili,7500000.00,2013,2014,SAS,San Antonio Spurs
9964,Manu Ginobili,7000000.00,2014,2015,SAS,San Antonio Spurs
10507,Manu Ginobili,2814000.00,2015,2016,SAS,San Antonio Spurs
11097,Manu Ginobili,14000000.00,2016,2017,SAS,San Antonio Spurs
11652,Manu Ginobili,2500000.00,2017,2018,SAS,San Antonio Spurs
215,Manute Bol,1300000.00,1990,1991,PHI,Philadelphia 76ers
577,Manute Bol,1350000.00,1991,1992,PHI,Philadelphia 76ers
954,Manute Bol,1650000.00,1992,1993,PHI,Philadelphia 76ers
1343,Manute Bol,650000.00,1993,1994,MIA,Miami Heat
1709,Manute Bol,200000.00,1994,1995,GSW,Golden State Warriors
7328,Marc Gasol,3093333.00,2008,2009,MEM,Memphis Grizzlies
7772,Marc Gasol,3240000.00,2009,2010,MEM,Memphis Grizzlies
8208,Marc Gasol,3480000.00,2010,2011,MEM,Memphis Grizzlies
8650,Marc Gasol,12922194.00,2011,2012,MEM,Memphis Grizzlies
9082,Marc Gasol,13891359.00,2012,2013,MEM,Memphis Grizzlies
9476,Marc Gasol,14860523.00,2013,2014,MEM,Memphis Grizzlies
9965,Marc Gasol,15829688.00,2014,2015,MEM,Memphis Grizzlies
10508,Marc Gasol,19700000.00,2015,2016,MEM,Memphis Grizzlies
11098,Marc Gasol,21165675.00,2016,2017,MEM,Memphis Grizzlies
11653,Marc Gasol,22642350.00,2017,2018,MEM,Memphis Grizzlies
3962,Marc Jackson,316969.00,2000,2001,GSW,Golden State Warriors
4395,Marc Jackson,3250000.00,2001,2002,GSW,Golden State Warriors
4838,Marc Jackson,3575000.00,2002,2003,MIN,Minnesota Timberwolves
5672,Marc Jackson,4225000.00,2004,2005,PHI,Philadelphia 76ers
6121,Marc Jackson,4550000.00,2005,2006,NJN,Brooklyn Nets
6514,Marc Jackson,4875000.00,2006,2007,NOH,New Orleans Pelicans
10509,Marcelo Huertas,525093.00,2015,2016,LAL,Los Angeles Lakers
11099,Marcelo Huertas,1500000.00,2016,2017,HOU,Houston Rockets
6918,Marcin Gortat,427163.00,2007,2008,ORL,Orlando Magic
7329,Marcin Gortat,711517.00,2008,2009,ORL,Orlando Magic
7773,Marcin Gortat,5854000.00,2009,2010,ORL,Orlando Magic
8651,Marcin Gortat,6790640.00,2011,2012,PHO,Phoenix Suns
9083,Marcin Gortat,7258960.00,2012,2013,PHO,Phoenix Suns
9477,Marcin Gortat,7727280.00,2013,2014,WAS,Washington Wizards
9966,Marcin Gortat,10434782.00,2014,2015,WAS,Washington Wizards
10510,Marcin Gortat,11217391.00,2015,2016,WAS,Washington Wizards
11100,Marcin Gortat,12000000.00,2016,2017,WAS,Washington Wizards
11654,Marcin Gortat,12782609.00,2017,2018,WAS,Washington Wizards
6919,Marco Belinelli,1345800.00,2007,2008,GSW,Golden State Warriors
7774,Marco Belinelli,1547640.00,2009,2010,TOR,Toronto Raptors 
8209,Marco Belinelli,2380270.00,2010,2011,NOH,New Orleans Pelicans
8652,Marco Belinelli,3377604.00,2011,2012,NOH,New Orleans Pelicans
9084,Marco Belinelli,1957000.00,2012,2013,CHI,Chicago Bulls
9478,Marco Belinelli,2750000.00,2013,2014,SAS,San Antonio Spurs
9967,Marco Belinelli,2873750.00,2014,2015,SAS,San Antonio Spurs
10511,Marco Belinelli,6333333.00,2015,2016,SAC,Sacramento Kings
11101,Marco Belinelli,6333333.00,2016,2017,CHA,Charlotte Hornets
11655,Marco Belinelli,6606060.00,2017,2018,ATL,Atlanta Hawks
5254,Marcus Banks,1499400.00,2003,2004,BOS,Boston Celtic
5673,Marcus Banks,1611840.00,2004,2005,BOS,Boston Celtic
6122,Marcus Banks,1724280.00,2005,2006,BOS,Boston Celtic
6515,Marcus Banks,3672414.00,2006,2007,PHO,Phoenix Suns
6920,Marcus Banks,3966207.00,2007,2008,MIA,Miami Heat
7330,Marcus Banks,4260000.00,2008,2009,TOR,Toronto Raptors 
7775,Marcus Banks,4553793.00,2009,2010,TOR,Toronto Raptors 
8210,Marcus Banks,4847586.00,2010,2011,NOH,New Orleans Pelicans
2458,Marcus Brown,220000.00,1996,1997,POR,Portland Trail Blazers
2839,Marcus Brown,500000.00,1997,1998,MEM,Memphis Grizzlies
3219,Marcus Brown,500000.00,1998,1999,MEM,Memphis Grizzlies
3569,Marcus Brown,43294.00,1999,2000,DET,Detroit Pistons
2459,Marcus Camby,2434000.00,1996,1997,TOR,Toronto Raptors 
2840,Marcus Camby,2799240.00,1997,1998,TOR,Toronto Raptors 
3220,Marcus Camby,3164000.00,1998,1999,NYK,New York Knicks
4396,Marcus Camby,7300000.00,2001,2002,NYK,New York Knicks
4839,Marcus Camby,6750000.00,2002,2003,DEN,Denver Nuggets
5255,Marcus Camby,7250000.00,2003,2004,DEN,Denver Nuggets
6123,Marcus Camby,9150000.00,2005,2006,DEN,Denver Nuggets
6921,Marcus Camby,11250000.00,2007,2008,DEN,Denver Nuggets
7331,Marcus Camby,10000000.00,2008,2009,LAC,Los Angeles Clippers
7776,Marcus Camby,7650000.00,2009,2010,POR,Portland Trail Blazers
8211,Marcus Camby,11749832.00,2010,2011,POR,Portland Trail Blazers
8653,Marcus Camby,11227250.00,2011,2012,POR,Portland Trail Blazers
9085,Marcus Camby,4590338.00,2012,2013,NYK,New York Knicks
9479,Marcus Camby,4383773.00,2013,2014,TOR,Toronto Raptors 
9480,Marcus Camby,1399507.00,2013,2014,HOU,Houston Rockets
9968,Marcus Camby,646609.00,2014,2015,TOR,Toronto Raptors 
3963,Marcus Fizer,2562000.00,2000,2001,CHI,Chicago Bulls
4397,Marcus Fizer,2754120.00,2001,2002,CHI,Chicago Bulls
4840,Marcus Fizer,2946240.00,2002,2003,CHI,Chicago Bulls
5256,Marcus Fizer,3726994.00,2003,2004,CHI,Chicago Bulls
5674,Marcus Fizer,735960.00,2004,2005,MIL,Milwaukee Bucks
11102,Marcus Georges-Hunt,31969.00,2016,2017,MIA,Miami Heat
11103,Marcus Georges-Hunt,31969.00,2016,2017,ORL,Orlando Magic
11104,Marcus Georges-Hunt,25000.00,2016,2017,BOS,Boston Celtic
11656,Marcus Georges-Hunt,1312611.00,2017,2018,MIN,Minnesota Timberwolves
4841,Marcus Haislip,1439400.00,2002,2003,MIL,Milwaukee Bucks
5257,Marcus Haislip,1547280.00,2003,2004,MIL,Milwaukee Bucks
5675,Marcus Haislip,1400000.00,2004,2005,MIL,Milwaukee Bucks
5676,Marcus Haislip,576380.00,2004,2005,IND,Indiana Pacers
7777,Marcus Haislip,825497.00,2009,2010,SAS,San Antonio Spurs
7778,Marcus Landry,457588.00,2009,2010,BOS,Boston Celtic
216,Marcus Liberty,210000.00,1990,1991,DEN,Denver Nuggets
578,Marcus Liberty,260000.00,1991,1992,DEN,Denver Nuggets
955,Marcus Liberty,360000.00,1992,1993,DEN,Denver Nuggets
1344,Marcus Liberty,650000.00,1993,1994,DET,Detroit Pistons
8654,Marcus Morris,1823280.00,2011,2012,HOU,Houston Rockets
9086,Marcus Morris,1959960.00,2012,2013,PHO,Phoenix Suns
9481,Marcus Morris,1987320.00,2013,2014,PHO,Phoenix Suns
9969,Marcus Morris,2943221.00,2014,2015,PHO,Phoenix Suns
10512,Marcus Morris,5000000.00,2015,2016,DET,Detroit Pistons
11105,Marcus Morris,4625000.00,2016,2017,DET,Detroit Pistons
11657,Marcus Morris,5000000.00,2017,2018,BOS,Boston Celtic
11106,Marcus Paige,125000.00,2016,2017,UTA,Utah Jazz
9970,Marcus Smart,3283320.00,2014,2015,BOS,Boston Celtic
10513,Marcus Smart,3431040.00,2015,2016,BOS,Boston Celtic
11107,Marcus Smart,3578880.00,2016,2017,BOS,Boston Celtic
11658,Marcus Smart,4538020.00,2017,2018,BOS,Boston Celtic
7779,Marcus Thornton,457888.00,2009,2010,NOH,New Orleans Pelicans
8212,Marcus Thornton,762195.00,2010,2011,SAC,Sacramento Kings
8655,Marcus Thornton,7000000.00,2011,2012,SAC,Sacramento Kings
9087,Marcus Thornton,7525000.00,2012,2013,SAC,Sacramento Kings
9482,Marcus Thornton,8050000.00,2013,2014,SAC,Sacramento Kings
9971,Marcus Thornton,8575000.00,2014,2015,PHO,Phoenix Suns
10514,Marcus Thornton,1186000.00,2015,2016,HOU,Houston Rockets
10515,Marcus Thornton,251107.00,2015,2016,WAS,Washington Wizards
11108,Marcus Thornton,1315448.00,2016,2017,NJN,Brooklyn Nets
6516,Marcus Vinicius,412718.00,2006,2007,NOH,New Orleans Pelicans
6922,Marcus Vinicius,687456.00,2007,2008,MEM,Memphis Grizzlies
956,Marcus Webb,140000.00,1992,1993,BOS,Boston Celtic
6517,Marcus Williams,1097880.00,2006,2007,NJN,Brooklyn Nets
6923,Marcus Williams,1180200.00,2007,2008,NJN,Brooklyn Nets
6924,Marcus Williams,12890.00,2007,2008,SAS,San Antonio Spurs
7780,Marcus Williams,855189.00,2009,2010,MEM,Memphis Grizzlies
6925,Mardy Collins,967320.00,2007,2008,NYK,New York Knicks
7332,Mardy Collins,1034760.00,2008,2009,LAC,Los Angeles Clippers
7781,Mardy Collins,1867742.00,2009,2010,LAC,Los Angeles Clippers
2082,Mario Bennett,480000.00,1995,1996,PHO,Phoenix Suns
2460,Mario Bennett,555000.00,1996,1997,PHO,Phoenix Suns
2841,Mario Bennett,630000.00,1997,1998,PHO,Phoenix Suns
2842,Mario Bennett,272500.00,1997,1998,LAL,Los Angeles Lakers
7782,Mario Chalmers,773500.00,2009,2010,MIA,Miami Heat
8656,Mario Chalmers,4000000.00,2011,2012,MIA,Miami Heat
9088,Mario Chalmers,4000000.00,2012,2013,MIA,Miami Heat
9483,Mario Chalmers,4000000.00,2013,2014,MIA,Miami Heat
9972,Mario Chalmers,4000000.00,2014,2015,MIA,Miami Heat
10516,Mario Chalmers,4300000.00,2015,2016,MEM,Memphis Grizzlies
11659,Mario Chalmers,2106407.00,2017,2018,MEM,Memphis Grizzlies
217,Mario Elie,50000.00,1990,1991,GSW,Golden State Warriors
579,Mario Elie,130000.00,1991,1992,GSW,Golden State Warriors
957,Mario Elie,608000.00,1992,1993,POR,Portland Trail Blazers
1345,Mario Elie,790000.00,1993,1994,HOU,Houston Rockets
1710,Mario Elie,1450000.00,1994,1995,HOU,Houston Rockets
2083,Mario Elie,1450000.00,1995,1996,HOU,Houston Rockets
2461,Mario Elie,1400000.00,1996,1997,HOU,Houston Rockets
3570,Mario Elie,1925000.00,1999,2000,SAS,San Antonio Spurs
3964,Mario Elie,1000000.00,2000,2001,PHO,Phoenix Suns
10517,Mario Hezonja,3741480.00,2015,2016,ORL,Orlando Magic
11109,Mario Hezonja,3909840.00,2016,2017,ORL,Orlando Magic
11660,Mario Hezonja,4078320.00,2017,2018,ORL,Orlando Magic
5677,Mario Kasun,385277.00,2004,2005,ORL,Orlando Magic
6124,Mario Kasun,682050.00,2005,2006,ORL,Orlando Magic
6518,Mario Kasun,919551.00,2006,2007,ORL,Orlando Magic
6926,Mario West,427163.00,2007,2008,ATL,Atlanta Hawks
7333,Mario West,711517.00,2008,2009,ATL,Atlanta Hawks
7783,Mario West,446740.00,2009,2010,ATL,Atlanta Hawks
218,Mark Acres,437000.00,1990,1991,ORL,Orlando Magic
580,Mark Acres,547000.00,1991,1992,ORL,Orlando Magic
219,Mark Aguirre,1115000.00,1990,1991,DET,Detroit Pistons
958,Mark Aguirre,1351000.00,1992,1993,DET,Detroit Pistons
1346,Mark Aguirre,1471000.00,1993,1994,DET,Detroit Pistons
1347,Mark Aguirre,150000.00,1993,1994,LAC,Los Angeles Clippers
220,Mark Alarie,500000.00,1990,1991,WAS,Washington Wizards
581,Mark Alarie,550000.00,1991,1992,WAS,Washington Wizards
3965,Mark Blount,316969.00,2000,2001,BOS,Boston Celtic
4398,Mark Blount,540850.00,2001,2002,BOS,Boston Celtic
4842,Mark Blount,762435.00,2002,2003,DEN,Denver Nuggets
5258,Mark Blount,944922.00,2003,2004,BOS,Boston Celtic
5678,Mark Blount,4903000.00,2004,2005,BOS,Boston Celtic
6125,Mark Blount,5515875.00,2005,2006,BOS,Boston Celtic
6519,Mark Blount,7288165.00,2006,2007,MIN,Minnesota Timberwolves
6927,Mark Blount,7901040.00,2007,2008,MIA,Miami Heat
7784,Mark Blount,7962500.00,2009,2010,MIN,Minnesota Timberwolves
2462,Mark Bradtke,247500.00,1996,1997,PHI,Philadelphia 76ers
221,Mark Bryant,405000.00,1990,1991,POR,Portland Trail Blazers
582,Mark Bryant,450000.00,1991,1992,POR,Portland Trail Blazers
959,Mark Bryant,1100000.00,1992,1993,POR,Portland Trail Blazers
1348,Mark Bryant,1300000.00,1993,1994,POR,Portland Trail Blazers
1711,Mark Bryant,1400000.00,1994,1995,POR,Portland Trail Blazers
2084,Mark Bryant,1000000.00,1995,1996,HOU,Houston Rockets
2463,Mark Bryant,1150000.00,1996,1997,PHO,Phoenix Suns
2843,Mark Bryant,2250000.00,1997,1998,PHO,Phoenix Suns
3221,Mark Bryant,2050000.00,1998,1999,CHI,Chicago Bulls
3571,Mark Bryant,2000000.00,1999,2000,CLE,Cleveland Caveliers
3966,Mark Bryant,2200000.00,2000,2001,CLE,Cleveland Caveliers
4399,Mark Bryant,1000000.00,2001,2002,SAS,San Antonio Spurs
4843,Mark Bryant,1030000.00,2002,2003,DEN,Denver Nuggets
2085,Mark Davis,200000.00,1995,1996,MIN,Minnesota Timberwolves
2464,Mark Davis,247500.00,1996,1997,PHI,Philadelphia 76ers
2844,Mark Davis,326700.00,1997,1998,PHI,Philadelphia 76ers
3572,Mark Davis,6000.00,1999,2000,GSW,Golden State Warriors
222,Mark Eaton,2000000.00,1990,1991,UTA,Utah Jazz
583,Mark Eaton,1333000.00,1991,1992,UTA,Utah Jazz
960,Mark Eaton,1333000.00,1992,1993,UTA,Utah Jazz
1349,Mark Eaton,1333000.00,1993,1994,UTA,Utah Jazz
2465,Mark Hendrickson,247000.00,1996,1997,PHI,Philadelphia 76ers
3222,Mark Hendrickson,425000.00,1998,1999,NJN,Brooklyn Nets
3573,Mark Hendrickson,62764.00,1999,2000,CLE,Cleveland Caveliers
223,Mark Jackson,1785000.00,1990,1991,NYK,New York Knicks
584,Mark Jackson,1250000.00,1991,1992,NYK,New York Knicks
961,Mark Jackson,1790000.00,1992,1993,LAC,Los Angeles Clippers
1350,Mark Jackson,2000000.00,1993,1994,LAC,Los Angeles Clippers
2086,Mark Jackson,2600000.00,1995,1996,IND,Indiana Pacers
2466,Mark Jackson,2900000.00,1996,1997,DEN,Denver Nuggets
3967,Mark Jackson,3570000.00,2000,2001,TOR,Toronto Raptors 
4400,Mark Jackson,3860000.00,2001,2002,NYK,New York Knicks
4844,Mark Jackson,3500000.00,2002,2003,DEN,Denver Nuggets
4845,Mark Jackson,1030000.00,2002,2003,UTA,Utah Jazz
5259,Mark Jackson,1500000.00,2003,2004,DEN,Denver Nuggets
585,Mark Macon,970000.00,1991,1992,DEN,Denver Nuggets
962,Mark Macon,1228000.00,1992,1993,DEN,Denver Nuggets
1351,Mark Macon,1498000.00,1993,1994,DET,Detroit Pistons
1712,Mark Macon,1767000.00,1994,1995,DET,Detroit Pistons
3968,Mark Madsen,707040.00,2000,2001,LAL,Los Angeles Lakers
4401,Mark Madsen,759960.00,2001,2002,LAL,Los Angeles Lakers
4846,Mark Madsen,813000.00,2002,2003,LAL,Los Angeles Lakers
5260,Mark Madsen,663679.00,2003,2004,MIN,Minnesota Timberwolves
5679,Mark Madsen,745046.00,2004,2005,MIN,Minnesota Timberwolves
6126,Mark Madsen,2000000.00,2005,2006,MIN,Minnesota Timberwolves
6520,Mark Madsen,2210000.00,2006,2007,MIN,Minnesota Timberwolves
6928,Mark Madsen,2420000.00,2007,2008,MIN,Minnesota Timberwolves
7334,Mark Madsen,2630000.00,2008,2009,MIN,Minnesota Timberwolves
7785,Mark Madsen,2840000.00,2009,2010,LAC,Los Angeles Clippers
3969,Mark Pope,498500.00,2000,2001,MIL,Milwaukee Bucks
4402,Mark Pope,590850.00,2001,2002,MIL,Milwaukee Bucks
4847,Mark Pope,637435.00,2002,2003,NYK,New York Knicks
5261,Mark Pope,751179.00,2003,2004,DEN,Denver Nuggets
224,Mark Price,1400000.00,1990,1991,CLE,Cleveland Caveliers
586,Mark Price,1520000.00,1991,1992,CLE,Cleveland Caveliers
963,Mark Price,1690000.00,1992,1993,CLE,Cleveland Caveliers
1352,Mark Price,2850000.00,1993,1994,CLE,Cleveland Caveliers
1713,Mark Price,3200000.00,1994,1995,CLE,Cleveland Caveliers
2087,Mark Price,3687000.00,1995,1996,WAS,Washington Wizards
2467,Mark Price,3409000.00,1996,1997,GSW,Golden State Warriors
2845,Mark Price,4090920.00,1997,1998,ORL,Orlando Magic
3223,Mark Price,5488000.00,1998,1999,ORL,Orlando Magic
587,Mark Randall,180000.00,1991,1992,CHI,Chicago Bulls
964,Mark Randall,250000.00,1992,1993,DET,Detroit Pistons
1353,Mark Randall,1200000.00,1993,1994,DEN,Denver Nuggets
2468,Mark Strickland,247500.00,1996,1997,MIA,Miami Heat
3224,Mark Strickland,2100000.00,1998,1999,MIA,Miami Heat
3970,Mark Strickland,2400000.00,2000,2001,DEN,Denver Nuggets
4403,Mark Strickland,715850.00,2001,2002,ATL,Atlanta Hawks
4848,Mark Strickland,60361.00,2002,2003,DAL,Dallas Mavericks
225,Mark West,875000.00,1990,1991,PHO,Phoenix Suns
588,Mark West,975000.00,1991,1992,PHO,Phoenix Suns
965,Mark West,1000000.00,1992,1993,PHO,Phoenix Suns
1354,Mark West,1000000.00,1993,1994,PHO,Phoenix Suns
1714,Mark West,1500000.00,1994,1995,DET,Detroit Pistons
2469,Mark West,2000000.00,1996,1997,CLE,Cleveland Caveliers
3225,Mark West,1000000.00,1998,1999,ATL,Atlanta Hawks
9973,Markel Brown,507336.00,2014,2015,NJN,Brooklyn Nets
10518,Markel Brown,845059.00,2015,2016,NJN,Brooklyn Nets
11661,Markelle Fultz,7026240.00,2017,2018,PHI,Philadelphia 76ers
8657,Markieff Morris,1919160.00,2011,2012,PHO,Phoenix Suns
9089,Markieff Morris,2063040.00,2012,2013,PHO,Phoenix Suns
9484,Markieff Morris,2091840.00,2013,2014,PHO,Phoenix Suns
9974,Markieff Morris,2989239.00,2014,2015,PHO,Phoenix Suns
10519,Markieff Morris,8000000.00,2015,2016,WAS,Washington Wizards
11110,Markieff Morris,7400000.00,2016,2017,WAS,Washington Wizards
11662,Markieff Morris,8000000.00,2017,2018,WAS,Washington Wizards
4849,Marko Jaric,1750000.00,2002,2003,LAC,Los Angeles Clippers
5680,Marko Jaric,2100000.00,2004,2005,LAC,Los Angeles Clippers
6127,Marko Jaric,5000000.00,2005,2006,MIN,Minnesota Timberwolves
6521,Marko Jaric,5525000.00,2006,2007,MIN,Minnesota Timberwolves
6929,Marko Jaric,6050000.00,2007,2008,MIN,Minnesota Timberwolves
7335,Marko Jaric,6575000.00,2008,2009,MEM,Memphis Grizzlies
7786,Marko Jaric,7100000.00,2009,2010,MEM,Memphis Grizzlies
8213,Marko Jaric,7625000.00,2010,2011,MEM,Memphis Grizzlies
2846,Marko Milic,242000.00,1997,1998,PHI,Philadelphia 76ers
3226,Marko Milic,350000.00,1998,1999,PHO,Phoenix Suns
3227,Marlon Garnett,287500.00,1998,1999,BOS,Boston Celtic
1355,Marlon Maxey,375000.00,1993,1994,MIN,Minnesota Timberwolves
2088,Marques Bragg,225000.00,1995,1996,MIN,Minnesota Timberwolves
11111,Marquese Chriss,2941440.00,2016,2017,PHO,Phoenix Suns
11663,Marquese Chriss,3073800.00,2017,2018,PHO,Phoenix Suns
5681,Marquis Daniels,4903000.00,2004,2005,DAL,Dallas Mavericks
6128,Marquis Daniels,5393300.00,2005,2006,DAL,Dallas Mavericks
6930,Marquis Daniels,6373900.00,2007,2008,IND,Indiana Pacers
7336,Marquis Daniels,6864200.00,2008,2009,IND,Indiana Pacers
7787,Marquis Daniels,1990000.00,2009,2010,BOS,Boston Celtic
8214,Marquis Daniels,2470000.00,2010,2011,SAC,Sacramento Kings
8658,Marquis Daniels,1223166.00,2011,2012,BOS,Boston Celtic
9090,Marquis Daniels,1229255.00,2012,2013,MIL,Milwaukee Bucks
9091,Marquis Teague,1028400.00,2012,2013,CHI,Chicago Bulls
9485,Marquis Teague,1074720.00,2013,2014,CHI,Chicago Bulls
9975,Marquis Teague,1120920.00,2014,2015,PHI,Philadelphia 76ers
7337,Marreese Speights,1542600.00,2008,2009,PHI,Philadelphia 76ers
7788,Marreese Speights,1658280.00,2009,2010,PHI,Philadelphia 76ers
8215,Marreese Speights,1773960.00,2010,2011,PHI,Philadelphia 76ers
8659,Marreese Speights,2721255.00,2011,2012,MEM,Memphis Grizzlies
9092,Marreese Speights,4200000.00,2012,2013,CLE,Cleveland Caveliers
9486,Marreese Speights,3500000.00,2013,2014,GSW,Golden State Warriors
9976,Marreese Speights,3657500.00,2014,2015,GSW,Golden State Warriors
10520,Marreese Speights,3815000.00,2015,2016,GSW,Golden State Warriors
11112,Marreese Speights,1403611.00,2016,2017,LAC,Los Angeles Clippers
11664,Marreese Speights,2116955.00,2017,2018,ORL,Orlando Magic
10521,Marshall Henderson,35000.00,2015,2016,SAC,Sacramento Kings
11113,Marshall Plumlee,543471.00,2016,2017,NYK,New York Knicks
11665,Marshall Plumlee,100000.00,2017,2018,NYK,New York Knicks
8660,MarShon Brooks,1110120.00,2011,2012,NJN,Brooklyn Nets
9093,MarShon Brooks,1193280.00,2012,2013,NJN,Brooklyn Nets
9487,MarShon Brooks,1210080.00,2013,2014,BOS,Boston Celtic
6129,Martell Webster,2586120.00,2005,2006,POR,Portland Trail Blazers
6522,Martell Webster,2780160.00,2006,2007,POR,Portland Trail Blazers
6931,Martell Webster,2974080.00,2007,2008,POR,Portland Trail Blazers
7338,Martell Webster,3771133.00,2008,2009,POR,Portland Trail Blazers
7789,Martell Webster,4344000.00,2009,2010,POR,Portland Trail Blazers
8216,Martell Webster,4800000.00,2010,2011,MIN,Minnesota Timberwolves
8661,Martell Webster,5256000.00,2011,2012,MIN,Minnesota Timberwolves
9094,Martell Webster,1600000.00,2012,2013,WAS,Washington Wizards
9095,Martell Webster,600000.00,2012,2013,MIN,Minnesota Timberwolves
9488,Martell Webster,5150000.00,2013,2014,WAS,Washington Wizards
9977,Martell Webster,5381750.00,2014,2015,WAS,Washington Wizards
10522,Martell Webster,5613500.00,2015,2016,WAS,Washington Wizards
11114,Martell Webster,830000.00,2016,2017,WAS,Washington Wizards
11666,Martell Webster,830000.00,2017,2018,WAS,Washington Wizards
2089,Martin Lewis,200000.00,1995,1996,TOR,Toronto Raptors 
2470,Martin Muursepp,401000.00,1996,1997,MIA,Miami Heat
3228,Martin Muursepp,763200.00,1998,1999,CHI,Chicago Bulls
589,Marty Conlon,130000.00,1991,1992,OKC,Oklahoma City Thunder
966,Marty Conlon,200000.00,1992,1993,SAC,Sacramento Kings
1356,Marty Conlon,250000.00,1993,1994,SAC,Sacramento Kings
1715,Marty Conlon,182500.00,1994,1995,MIL,Milwaukee Bucks
2090,Marty Conlon,1165000.00,1995,1996,MIL,Milwaukee Bucks
2471,Marty Conlon,1200000.00,1996,1997,PHO,Phoenix Suns
2472,Marty Conlon,247500.00,1996,1997,BOS,Boston Celtic
3229,Marty Conlon,662500.00,1998,1999,MIA,Miami Heat
3574,Marty Conlon,229059.00,1999,2000,BOS,Boston Celtic
3575,Marty Conlon,114529.00,1999,2000,LAC,Los Angeles Clippers
6130,Martynas Andriuskevicius,398762.00,2005,2006,CLE,Cleveland Caveliers
6523,Martynas Andriuskevicius,664209.00,2006,2007,CHI,Chicago Bulls
6131,Marvin Williams,3883560.00,2005,2006,ATL,Atlanta Hawks
6524,Marvin Williams,4174800.00,2006,2007,ATL,Atlanta Hawks
6932,Marvin Williams,4466040.00,2007,2008,ATL,Atlanta Hawks
7339,Marvin Williams,5636143.00,2008,2009,ATL,Atlanta Hawks
7790,Marvin Williams,7500000.00,2009,2010,ATL,Atlanta Hawks
8217,Marvin Williams,6712500.00,2010,2011,ATL,Atlanta Hawks
8662,Marvin Williams,7500000.00,2011,2012,ATL,Atlanta Hawks
9096,Marvin Williams,8287500.00,2012,2013,UTA,Utah Jazz
9489,Marvin Williams,7500000.00,2013,2014,UTA,Utah Jazz
10523,Marvin Williams,7000000.00,2015,2016,CHA,Charlotte Hornets
11115,Marvin Williams,12250000.00,2016,2017,CHA,Charlotte Hornets
11667,Marvin Williams,13168750.00,2017,2018,CHA,Charlotte Hornets
9490,Mason Plumlee,1298640.00,2013,2014,NJN,Brooklyn Nets
9978,Mason Plumlee,1357080.00,2014,2015,NJN,Brooklyn Nets
10524,Mason Plumlee,1415520.00,2015,2016,POR,Portland Trail Blazers
11116,Mason Plumlee,2328530.00,2016,2017,DEN,Denver Nuggets
11668,Mason Plumlee,14041096.00,2017,2018,DEN,Denver Nuggets
3971,Mateen Cleaves,1253400.00,2000,2001,DET,Detroit Pistons
4404,Mateen Cleaves,1347480.00,2001,2002,SAC,Sacramento Kings
4850,Mateen Cleaves,1441440.00,2002,2003,SAC,Sacramento Kings
5682,Mateen Cleaves,735960.00,2004,2005,OKC,Oklahoma City Thunder
6132,Mateen Cleaves,305784.00,2005,2006,OKC,Oklahoma City Thunder
5683,Matt Barnes,695046.00,2004,2005,SAC,Sacramento Kings
6133,Matt Barnes,552269.00,2005,2006,PHI,Philadelphia 76ers
6134,Matt Barnes,131593.00,2005,2006,NYK,New York Knicks
6525,Matt Barnes,771331.00,2006,2007,GSW,Golden State Warriors
6933,Matt Barnes,3000000.00,2007,2008,GSW,Golden State Warriors
7340,Matt Barnes,926678.00,2008,2009,PHO,Phoenix Suns
7791,Matt Barnes,1600000.00,2009,2010,ORL,Orlando Magic
8218,Matt Barnes,1765000.00,2010,2011,LAL,Los Angeles Lakers
8663,Matt Barnes,1906200.00,2011,2012,LAL,Los Angeles Lakers
9097,Matt Barnes,1229255.00,2012,2013,LAC,Los Angeles Clippers
9491,Matt Barnes,3250000.00,2013,2014,LAC,Los Angeles Clippers
9979,Matt Barnes,3396250.00,2014,2015,LAC,Los Angeles Clippers
10525,Matt Barnes,3542500.00,2015,2016,MEM,Memphis Grizzlies
11117,Matt Barnes,6125000.00,2016,2017,SAC,Sacramento Kings
11118,Matt Barnes,383351.00,2016,2017,GSW,Golden State Warriors
11669,Matt Barnes,2133542.00,2017,2018,SAC,Sacramento Kings
5684,Matt Bonner,385277.00,2004,2005,TOR,Toronto Raptors 
6135,Matt Bonner,2000000.00,2005,2006,TOR,Toronto Raptors 
6526,Matt Bonner,2000000.00,2006,2007,SAS,San Antonio Spurs
6934,Matt Bonner,2678000.00,2007,2008,SAS,San Antonio Spurs
7341,Matt Bonner,2987000.00,2008,2009,SAS,San Antonio Spurs
7792,Matt Bonner,3240380.00,2009,2010,SAS,San Antonio Spurs
8219,Matt Bonner,3000000.00,2010,2011,SAS,San Antonio Spurs
8664,Matt Bonner,3315000.00,2011,2012,SAS,San Antonio Spurs
9098,Matt Bonner,3630000.00,2012,2013,SAS,San Antonio Spurs
9492,Matt Bonner,3945000.00,2013,2014,SAS,San Antonio Spurs
9980,Matt Bonner,1448490.00,2014,2015,SAS,San Antonio Spurs
10526,Matt Bonner,1499187.00,2015,2016,SAS,San Antonio Spurs
226,Matt Bullard,120000.00,1990,1991,HOU,Houston Rockets
590,Matt Bullard,275000.00,1991,1992,HOU,Houston Rockets
1357,Matt Bullard,650000.00,1993,1994,HOU,Houston Rockets
2091,Matt Bullard,225000.00,1995,1996,ATL,Atlanta Hawks
2473,Matt Bullard,247500.00,1996,1997,HOU,Houston Rockets
3576,Matt Bullard,1333333.00,1999,2000,HOU,Houston Rockets
3972,Matt Bullard,2100000.00,2000,2001,HOU,Houston Rockets
4405,Matt Bullard,1300000.00,2001,2002,CHA,Charlotte Hornets
4851,Matt Bullard,1430000.00,2002,2003,NOH,New Orleans Pelicans
5262,Matt Carroll,349032.00,2003,2004,POR,Portland Trail Blazers
7342,Matt Carroll,5050000.00,2008,2009,DAL,Dallas Mavericks
7793,Matt Carroll,4700000.00,2009,2010,DAL,Dallas Mavericks
9099,Matt Carroll,3500000.00,2012,2013,NOH,New Orleans Pelicans
11119,Matt Costello,50000.00,2016,2017,ATL,Atlanta Hawks
11120,Matt Costello,31500.00,2016,2017,MEM,Memphis Grizzlies
1716,Matt Fish,150000.00,1994,1995,LAC,Los Angeles Clippers
2474,Matt Fish,247500.00,1996,1997,WAS,Washington Wizards
2847,Matt Fish,150000.00,1997,1998,SAC,Sacramento Kings
5685,Matt Freije,352388.00,2004,2005,NOH,New Orleans Pelicans
5686,Matt Freije,28191.00,2004,2005,MIA,Miami Heat
6527,Matt Freije,145961.00,2006,2007,ATL,Atlanta Hawks
967,Matt Geiger,140000.00,1992,1993,MIA,Miami Heat
1358,Matt Geiger,250000.00,1993,1994,MIA,Miami Heat
1717,Matt Geiger,1402000.00,1994,1995,MIA,Miami Heat
2092,Matt Geiger,1532000.00,1995,1996,CHA,Charlotte Hornets
2848,Matt Geiger,1402000.00,1997,1998,CHA,Charlotte Hornets
3230,Matt Geiger,6800000.00,1998,1999,PHI,Philadelphia 76ers
3577,Matt Geiger,6889520.00,1999,2000,PHI,Philadelphia 76ers
4406,Matt Geiger,8142160.00,2001,2002,PHI,Philadelphia 76ers
3231,Matt Harpring,900000.00,1998,1999,ORL,Orlando Magic
3973,Matt Harpring,1244880.00,2000,2001,CLE,Cleveland Caveliers
4407,Matt Harpring,1908401.00,2001,2002,PHI,Philadelphia 76ers
4852,Matt Harpring,4000000.00,2002,2003,UTA,Utah Jazz
5263,Matt Harpring,4290000.00,2003,2004,UTA,Utah Jazz
5687,Matt Harpring,4690000.00,2004,2005,UTA,Utah Jazz
6136,Matt Harpring,5020000.00,2005,2006,UTA,Utah Jazz
6935,Matt Harpring,6000000.00,2007,2008,UTA,Utah Jazz
7343,Matt Harpring,6000000.00,2008,2009,UTA,Utah Jazz
7794,Matt Harpring,6500000.00,2009,2010,OKC,Oklahoma City Thunder
2475,Matt Maloney,247500.00,1996,1997,HOU,Houston Rockets
3578,Matt Maloney,2081250.00,1999,2000,HOU,Houston Rockets
3974,Matt Maloney,1790000.00,2000,2001,HOU,Houston Rockets
3975,Matt Maloney,611000.00,2000,2001,ATL,Atlanta Hawks
4408,Matt Maloney,2543750.00,2001,2002,HOU,Houston Rockets
4853,Matt Maloney,170716.00,2002,2003,ATL,Atlanta Hawks
5264,Matt Maloney,3006260.00,2003,2004,HOU,Houston Rockets
5688,Matt Maloney,3237500.00,2004,2005,HOU,Houston Rockets
968,Matt Othick,13000.00,1992,1993,SAS,San Antonio Spurs
6137,Matt Walsh,38904.00,2005,2006,MIA,Miami Heat
1359,Matt Wenstrom,150000.00,1993,1994,BOS,Boston Celtic
1718,Matt Wenstrom,150000.00,1994,1995,BOS,Boston Celtic
9981,Matthew Dellavedova,816482.00,2014,2015,CLE,Cleveland Caveliers
10527,Matthew Dellavedova,1147280.00,2015,2016,CLE,Cleveland Caveliers
11121,Matthew Dellavedova,9607500.00,2016,2017,MIL,Milwaukee Bucks
11670,Matthew Dellavedova,9607500.00,2017,2018,MIL,Milwaukee Bucks
6936,Maurice Ager,974400.00,2007,2008,NJN,Brooklyn Nets
7344,Maurice Ager,1042440.00,2008,2009,NJN,Brooklyn Nets
8220,Maurice Ager,83305.00,2010,2011,MIN,Minnesota Timberwolves
227,Maurice Cheeks,1000000.00,1990,1991,NYK,New York Knicks
591,Maurice Cheeks,1000000.00,1991,1992,ATL,Atlanta Hawks
969,Maurice Cheeks,600000.00,1992,1993,ATL,Atlanta Hawks
4409,Maurice Evans,332817.00,2001,2002,MIN,Minnesota Timberwolves
5689,Maurice Evans,695046.00,2004,2005,SAC,Sacramento Kings
6138,Maurice Evans,1500000.00,2005,2006,DET,Detroit Pistons
6528,Maurice Evans,1620000.00,2006,2007,LAL,Los Angeles Lakers
6937,Maurice Evans,1740000.00,2007,2008,ORL,Orlando Magic
7345,Maurice Evans,2500000.00,2008,2009,ATL,Atlanta Hawks
7795,Maurice Evans,2500000.00,2009,2010,ATL,Atlanta Hawks
8221,Maurice Evans,2500000.00,2010,2011,WAS,Washington Wizards
8665,Maurice Evans,1223166.00,2011,2012,WAS,Washington Wizards
9100,Maurice Harkless,1731960.00,2012,2013,ORL,Orlando Magic
9493,Maurice Harkless,1809840.00,2013,2014,ORL,Orlando Magic
9982,Maurice Harkless,1887840.00,2014,2015,ORL,Orlando Magic
10528,Maurice Harkless,2894059.00,2015,2016,POR,Portland Trail Blazers
11122,Maurice Harkless,8988764.00,2016,2017,POR,Portland Trail Blazers
11671,Maurice Harkless,10162922.00,2017,2018,POR,Portland Trail Blazers
10529,Maurice Ndour,525094.00,2015,2016,DAL,Dallas Mavericks
11123,Maurice Ndour,543471.00,2016,2017,NYK,New York Knicks
11124,Maurice Ndour,437318.00,2016,2017,DAL,Dallas Mavericks
2849,Maurice Taylor,1051800.00,1997,1998,LAC,Los Angeles Clippers
3232,Maurice Taylor,1209000.00,1998,1999,LAC,Los Angeles Clippers
3579,Maurice Taylor,1367400.00,1999,2000,LAC,Los Angeles Clippers
3976,Maurice Taylor,2250000.00,2000,2001,HOU,Houston Rockets
4410,Maurice Taylor,6500000.00,2001,2002,HOU,Houston Rockets
5265,Maurice Taylor,7800000.00,2003,2004,HOU,Houston Rockets
5690,Maurice Taylor,8450000.00,2004,2005,HOU,Houston Rockets
6139,Maurice Taylor,9100000.00,2005,2006,NYK,New York Knicks
6529,Maurice Taylor,1065918.00,2006,2007,SAC,Sacramento Kings
11672,Maxi Kleber,815615.00,2017,2018,DAL,Dallas Mavericks
4854,Mehmet Okur,1000000.00,2002,2003,DET,Detroit Pistons
5266,Mehmet Okur,1100000.00,2003,2004,DET,Detroit Pistons
5691,Mehmet Okur,7500000.00,2004,2005,UTA,Utah Jazz
6140,Mehmet Okur,8250000.00,2005,2006,UTA,Utah Jazz
6938,Mehmet Okur,8500000.00,2007,2008,UTA,Utah Jazz
7346,Mehmet Okur,8500000.00,2008,2009,UTA,Utah Jazz
7796,Mehmet Okur,9000000.00,2009,2010,UTA,Utah Jazz
8222,Mehmet Okur,9945000.00,2010,2011,UTA,Utah Jazz
8666,Mehmet Okur,10890000.00,2011,2012,NJN,Brooklyn Nets
4855,Melvin Ely,1490120.00,2002,2003,LAC,Los Angeles Clippers
6530,Melvin Ely,3303813.00,2006,2007,SAS,San Antonio Spurs
6939,Melvin Ely,895341.00,2007,2008,NOH,New Orleans Pelicans
7347,Melvin Ely,998398.00,2008,2009,NOH,New Orleans Pelicans
8223,Melvin Ely,1223166.00,2010,2011,DEN,Denver Nuggets
4856,Mengke Bateer,512453.00,2002,2003,SAS,San Antonio Spurs
5267,Mengke Bateer,636679.00,2003,2004,TOR,Toronto Raptors 
3977,Metta World Peace,1160760.00,2000,2001,CHI,Chicago Bulls
4411,Metta World Peace,1241760.00,2001,2002,CHI,Chicago Bulls
4857,Metta World Peace,1904860.00,2002,2003,IND,Indiana Pacers
5268,Metta World Peace,5473684.00,2003,2004,IND,Indiana Pacers
5692,Metta World Peace,6157895.00,2004,2005,IND,Indiana Pacers
6141,Metta World Peace,6842105.00,2005,2006,IND,Indiana Pacers
6531,Metta World Peace,7526316.00,2006,2007,SAC,Sacramento Kings
7348,Metta World Peace,7400000.00,2008,2009,HOU,Houston Rockets
7797,Metta World Peace,5854000.00,2009,2010,LAL,Los Angeles Lakers
8224,Metta World Peace,6322320.00,2010,2011,LAL,Los Angeles Lakers
8667,Metta World Peace,6790640.00,2011,2012,LAL,Los Angeles Lakers
9101,Metta World Peace,7258960.00,2012,2013,LAL,Los Angeles Lakers
9494,Metta World Peace,1590000.00,2013,2014,NYK,New York Knicks
10530,Metta World Peace,1499187.00,2015,2016,LAL,Los Angeles Lakers
11125,Metta World Peace,1551659.00,2016,2017,LAL,Los Angeles Lakers
9102,Meyers Leonard,2126520.00,2012,2013,POR,Portland Trail Blazers
9495,Meyers Leonard,2222160.00,2013,2014,POR,Portland Trail Blazers
9983,Meyers Leonard,2317920.00,2014,2015,POR,Portland Trail Blazers
10531,Meyers Leonard,3075880.00,2015,2016,POR,Portland Trail Blazers
11126,Meyers Leonard,9213484.00,2016,2017,POR,Portland Trail Blazers
11673,Meyers Leonard,9904495.00,2017,2018,POR,Portland Trail Blazers
228,Michael Adams,825000.00,1990,1991,DEN,Denver Nuggets
592,Michael Adams,1309000.00,1991,1992,WAS,Washington Wizards
970,Michael Adams,1309000.00,1992,1993,WAS,Washington Wizards
1360,Michael Adams,1309000.00,1993,1994,WAS,Washington Wizards
1719,Michael Adams,1240000.00,1994,1995,CHA,Charlotte Hornets
229,Michael Ansley,200000.00,1990,1991,ORL,Orlando Magic
7798,Michael Beasley,4638600.00,2009,2010,MIA,Miami Heat
8225,Michael Beasley,4962240.00,2010,2011,MIN,Minnesota Timberwolves
8668,Michael Beasley,6262347.00,2011,2012,MIN,Minnesota Timberwolves
9103,Michael Beasley,5750000.00,2012,2013,PHO,Phoenix Suns
9496,Michael Beasley,4666667.00,2013,2014,PHO,Phoenix Suns
9497,Michael Beasley,1027424.00,2013,2014,MIA,Miami Heat
9984,Michael Beasley,777778.00,2014,2015,PHO,Phoenix Suns
9985,Michael Beasley,330226.00,2014,2015,MIA,Miami Heat
10532,Michael Beasley,306527.00,2015,2016,HOU,Houston Rockets
11127,Michael Beasley,1403611.00,2016,2017,MIL,Milwaukee Bucks
11128,Michael Beasley,777777.00,2016,2017,PHO,Phoenix Suns
11674,Michael Beasley,2116955.00,2017,2018,NYK,New York Knicks
4412,Michael Bradley,1123560.00,2001,2002,TOR,Toronto Raptors 
4858,Michael Bradley,1207800.00,2002,2003,TOR,Toronto Raptors 
5269,Michael Bradley,1292040.00,2003,2004,TOR,Toronto Raptors 
5693,Michael Bradley,720046.00,2004,2005,ORL,Orlando Magic
6142,Michael Bradley,819550.00,2005,2006,PHI,Philadelphia 76ers
230,Michael Cage,910000.00,1990,1991,OKC,Oklahoma City Thunder
593,Michael Cage,1390000.00,1991,1992,OKC,Oklahoma City Thunder
971,Michael Cage,1390000.00,1992,1993,OKC,Oklahoma City Thunder
1361,Michael Cage,1502000.00,1993,1994,OKC,Oklahoma City Thunder
1720,Michael Cage,1635000.00,1994,1995,CLE,Cleveland Caveliers
2093,Michael Cage,2126000.00,1995,1996,CLE,Cleveland Caveliers
2476,Michael Cage,1473000.00,1996,1997,PHI,Philadelphia 76ers
2850,Michael Cage,2055421.00,1997,1998,NJN,Brooklyn Nets
3233,Michael Cage,2350000.00,1998,1999,NJN,Brooklyn Nets
3580,Michael Cage,510000.00,1999,2000,NJN,Brooklyn Nets
9498,Michael Carter-Williams,2200920.00,2013,2014,PHI,Philadelphia 76ers
9986,Michael Carter-Williams,2300040.00,2014,2015,MIL,Milwaukee Bucks
10533,Michael Carter-Williams,2399040.00,2015,2016,MIL,Milwaukee Bucks
11129,Michael Carter-Williams,3183526.00,2016,2017,CHI,Chicago Bulls
11675,Michael Carter-Williams,2700000.00,2017,2018,CHA,Charlotte Hornets
1362,Michael Curry,150000.00,1993,1994,PHI,Philadelphia 76ers
2477,Michael Curry,400000.00,1996,1997,DET,Detroit Pistons
2851,Michael Curry,500000.00,1997,1998,MIL,Milwaukee Bucks
3234,Michael Curry,550000.00,1998,1999,MIL,Milwaukee Bucks
3581,Michael Curry,2000000.00,1999,2000,DET,Detroit Pistons
3978,Michael Curry,2200000.00,2000,2001,DET,Detroit Pistons
4413,Michael Curry,2400000.00,2001,2002,DET,Detroit Pistons
4859,Michael Curry,2600000.00,2002,2003,DET,Detroit Pistons
5270,Michael Curry,2800000.00,2003,2004,TOR,Toronto Raptors 
5694,Michael Curry,845122.00,2004,2005,IND,Indiana Pacers
3235,Michael Dickerson,949600.00,1998,1999,HOU,Houston Rockets
3582,Michael Dickerson,1224960.00,1999,2000,MEM,Memphis Grizzlies
3979,Michael Dickerson,1310400.00,2000,2001,MEM,Memphis Grizzlies
4414,Michael Dickerson,1940702.00,2001,2002,MEM,Memphis Grizzlies
4860,Michael Dickerson,5500000.00,2002,2003,MEM,Memphis Grizzlies
5271,Michael Dickerson,6187500.00,2003,2004,MEM,Memphis Grizzlies
3236,Michael Doleac,1050000.00,1998,1999,ORL,Orlando Magic
3980,Michael Doleac,1452000.00,2000,2001,ORL,Orlando Magic
4415,Michael Doleac,2000856.00,2001,2002,CLE,Cleveland Caveliers
4861,Michael Doleac,1400000.00,2002,2003,NYK,New York Knicks
5272,Michael Doleac,1540000.00,2003,2004,NYK,New York Knicks
5695,Michael Doleac,2400000.00,2004,2005,MIA,Miami Heat
6143,Michael Doleac,2640000.00,2005,2006,MIA,Miami Heat
6940,Michael Doleac,3120000.00,2007,2008,MIN,Minnesota Timberwolves
2094,Michael Finley,628000.00,1995,1996,PHO,Phoenix Suns
2478,Michael Finley,723000.00,1996,1997,DAL,Dallas Mavericks
3237,Michael Finley,6000000.00,1998,1999,DAL,Dallas Mavericks
3583,Michael Finley,7200000.00,1999,2000,DAL,Dallas Mavericks
3981,Michael Finley,8400000.00,2000,2001,DAL,Dallas Mavericks
4416,Michael Finley,10625000.00,2001,2002,DAL,Dallas Mavericks
4862,Michael Finley,11953125.00,2002,2003,DAL,Dallas Mavericks
5696,Michael Finley,14609375.00,2004,2005,DAL,Dallas Mavericks
6144,Michael Finley,15937500.00,2005,2006,DAL,Dallas Mavericks
6532,Michael Finley,2889000.00,2006,2007,SAS,San Antonio Spurs
6941,Michael Finley,18593750.00,2007,2008,DAL,Dallas Mavericks
6942,Michael Finley,3103000.00,2007,2008,SAS,San Antonio Spurs
7349,Michael Finley,2500000.00,2008,2009,SAS,San Antonio Spurs
7799,Michael Finley,2500000.00,2009,2010,SAS,San Antonio Spurs
10534,Michael Frazier,50000.00,2015,2016,LAL,Los Angeles Lakers
11130,Michael Gbinije,650000.00,2016,2017,DET,Detroit Pistons
11676,Michael Gbinije,500000.00,2017,2018,DET,Detroit Pistons
3238,Michael Hawkins,350000.00,1998,1999,SAC,Sacramento Kings
3982,Michael Hawkins,423500.00,2000,2001,CLE,Cleveland Caveliers
231,Michael Jordan,2500000.00,1990,1991,CHI,Chicago Bulls
594,Michael Jordan,3250000.00,1991,1992,CHI,Chicago Bulls
972,Michael Jordan,4000000.00,1992,1993,CHI,Chicago Bulls
1363,Michael Jordan,4000000.00,1993,1994,CHI,Chicago Bulls
2095,Michael Jordan,3850000.00,1995,1996,CHI,Chicago Bulls
2479,Michael Jordan,30140000.00,1996,1997,CHI,Chicago Bulls
2852,Michael Jordan,33140000.00,1997,1998,CHI,Chicago Bulls
4417,Michael Jordan,1000000.00,2001,2002,WAS,Washington Wizards
4863,Michael Jordan,1030000.00,2002,2003,WAS,Washington Wizards
10535,Michael Kidd-Gilchrist,6331404.00,2015,2016,CHA,Charlotte Hornets
11131,Michael Kidd-Gilchrist,13000000.00,2016,2017,CHA,Charlotte Hornets
11677,Michael Kidd-Gilchrist,13000000.00,2017,2018,CHA,Charlotte Hornets
3239,Michael Olowokandi,2700000.00,1998,1999,LAC,Los Angeles Clippers
3584,Michael Olowokandi,3456240.00,1999,2000,LAC,Los Angeles Clippers
3983,Michael Olowokandi,3697440.00,2000,2001,LAC,Los Angeles Clippers
4418,Michael Olowokandi,4662472.00,2001,2002,LAC,Los Angeles Clippers
4864,Michael Olowokandi,6061213.00,2002,2003,LAC,Los Angeles Clippers
5273,Michael Olowokandi,4917000.00,2003,2004,MIN,Minnesota Timberwolves
5697,Michael Olowokandi,5408700.00,2004,2005,MIN,Minnesota Timberwolves
6145,Michael Olowokandi,5900400.00,2005,2006,MIN,Minnesota Timberwolves
3984,Michael Redd,316969.00,2000,2001,MIL,Milwaukee Bucks
4419,Michael Redd,465850.00,2001,2002,MIL,Milwaukee Bucks
4865,Michael Redd,3000000.00,2002,2003,MIL,Milwaukee Bucks
5274,Michael Redd,3000000.00,2003,2004,MIL,Milwaukee Bucks
5698,Michael Redd,3000000.00,2004,2005,MIL,Milwaukee Bucks
6146,Michael Redd,12000000.00,2005,2006,MIL,Milwaukee Bucks
6533,Michael Redd,13260000.00,2006,2007,MIL,Milwaukee Bucks
6943,Michael Redd,14520000.00,2007,2008,MIL,Milwaukee Bucks
7350,Michael Redd,15780000.00,2008,2009,MIL,Milwaukee Bucks
7800,Michael Redd,17040000.00,2009,2010,MIL,Milwaukee Bucks
8226,Michael Redd,18300000.00,2010,2011,MIL,Milwaukee Bucks
8669,Michael Redd,1308506.00,2011,2012,PHO,Phoenix Suns
3985,Michael Ruffin,440000.00,2000,2001,CHI,Chicago Bulls
4420,Michael Ruffin,540850.00,2001,2002,CHI,Chicago Bulls
4421,Michael Ruffin,468297.00,2001,2002,PHI,Philadelphia 76ers
5275,Michael Ruffin,663679.00,2003,2004,UTA,Utah Jazz
5699,Michael Ruffin,745046.00,2004,2005,WAS,Washington Wizards
6147,Michael Ruffin,1670000.00,2005,2006,WAS,Washington Wizards
6534,Michael Ruffin,1803600.00,2006,2007,WAS,Washington Wizards
6944,Michael Ruffin,1033930.00,2007,2008,MIL,Milwaukee Bucks
7351,Michael Ruffin,1141838.00,2008,2009,POR,Portland Trail Blazers
232,Michael Smith,525000.00,1990,1991,BOS,Boston Celtic
595,Michael Smith,625000.00,1991,1992,BOS,Boston Celtic
973,Michael Smith,650000.00,1992,1993,BOS,Boston Celtic
1721,Michael Smith,150000.00,1994,1995,SAC,Sacramento Kings
2096,Michael Smith,1340000.00,1995,1996,SAC,Sacramento Kings
2480,Michael Smith,1570000.00,1996,1997,SAC,Sacramento Kings
2853,Michael Smith,1920000.00,1997,1998,SAC,Sacramento Kings
3240,Michael Smith,2180000.00,1998,1999,MEM,Memphis Grizzlies
3585,Michael Smith,2000000.00,1999,2000,WAS,Washington Wizards
3986,Michael Smith,2200000.00,2000,2001,WAS,Washington Wizards
4422,Michael Smith,2400000.00,2001,2002,WAS,Washington Wizards
2854,Michael Stewart,242000.00,1997,1998,SAC,Sacramento Kings
3586,Michael Stewart,3200000.00,1999,2000,TOR,Toronto Raptors 
3987,Michael Stewart,3520000.00,2000,2001,TOR,Toronto Raptors 
4423,Michael Stewart,3840000.00,2001,2002,TOR,Toronto Raptors 
4866,Michael Stewart,4160000.00,2002,2003,CLE,Cleveland Caveliers
5276,Michael Stewart,4480000.00,2003,2004,BOS,Boston Celtic
5700,Michael Stewart,4800000.00,2004,2005,BOS,Boston Celtic
10536,Michale Kyser,25000.00,2015,2016,TOR,Toronto Raptors 
233,Micheal Williams,325000.00,1990,1991,IND,Indiana Pacers
596,Micheal Williams,500000.00,1991,1992,IND,Indiana Pacers
1364,Micheal Williams,2075000.00,1993,1994,MIN,Minnesota Timberwolves
2097,Micheal Williams,2375000.00,1995,1996,MIN,Minnesota Timberwolves
2855,Micheal Williams,2775000.00,1997,1998,MIN,Minnesota Timberwolves
6535,Mickael Gelabale,802000.00,2006,2007,OKC,Oklahoma City Thunder
6945,Mickael Gelabale,802000.00,2007,2008,OKC,Oklahoma City Thunder
9104,Mickael Gelabale,447298.00,2012,2013,MIN,Minnesota Timberwolves
5277,Mickael Pietrus,1527946.00,2003,2004,GSW,Golden State Warriors
5701,Mickael Pietrus,1785960.00,2004,2005,GSW,Golden State Warriors
6148,Mickael Pietrus,1910520.00,2005,2006,GSW,Golden State Warriors
6536,Mickael Pietrus,2535260.00,2006,2007,GSW,Golden State Warriors
6946,Mickael Pietrus,3470770.00,2007,2008,GSW,Golden State Warriors
7352,Mickael Pietrus,5300000.00,2008,2009,ORL,Orlando Magic
7801,Mickael Pietrus,5300000.00,2009,2010,ORL,Orlando Magic
8670,Mickael Pietrus,5300000.00,2011,2012,PHO,Phoenix Suns
8671,Mickael Pietrus,1223166.00,2011,2012,BOS,Boston Celtic
9105,Mickael Pietrus,1005097.00,2012,2013,TOR,Toronto Raptors 
8672,Mickell Gladness,248263.00,2011,2012,MIA,Miami Heat
4867,Mike Batiste,349458.00,2002,2003,MEM,Memphis Grizzlies
3241,Mike Bibby,2400000.00,1998,1999,MEM,Memphis Grizzlies
3587,Mike Bibby,3092400.00,1999,2000,MEM,Memphis Grizzlies
3988,Mike Bibby,3308160.00,2000,2001,MEM,Memphis Grizzlies
4424,Mike Bibby,4174893.00,2001,2002,SAC,Sacramento Kings
4868,Mike Bibby,8500000.00,2002,2003,SAC,Sacramento Kings
5278,Mike Bibby,9500000.00,2003,2004,SAC,Sacramento Kings
5702,Mike Bibby,10500000.00,2004,2005,SAC,Sacramento Kings
6149,Mike Bibby,11500000.00,2005,2006,SAC,Sacramento Kings
6537,Mike Bibby,12500000.00,2006,2007,SAC,Sacramento Kings
6947,Mike Bibby,13500000.00,2007,2008,ATL,Atlanta Hawks
7353,Mike Bibby,14983603.00,2008,2009,ATL,Atlanta Hawks
7802,Mike Bibby,6217617.00,2009,2010,ATL,Atlanta Hawks
8227,Mike Bibby,5564767.00,2010,2011,WAS,Washington Wizards
8673,Mike Bibby,1352181.00,2011,2012,NYK,New York Knicks
234,Mike Brown,650000.00,1990,1991,UTA,Utah Jazz
597,Mike Brown,1175000.00,1991,1992,UTA,Utah Jazz
974,Mike Brown,1275000.00,1992,1993,UTA,Utah Jazz
1365,Mike Brown,1375000.00,1993,1994,MIN,Minnesota Timberwolves
6948,Mike Conley,3377160.00,2007,2008,MEM,Memphis Grizzlies
7354,Mike Conley,3630480.00,2008,2009,MEM,Memphis Grizzlies
7803,Mike Conley,3883800.00,2009,2010,MEM,Memphis Grizzlies
8228,Mike Conley,4913007.00,2010,2011,MEM,Memphis Grizzlies
8674,Mike Conley,6611571.00,2011,2012,MEM,Memphis Grizzlies
9106,Mike Conley,7305786.00,2012,2013,MEM,Memphis Grizzlies
9499,Mike Conley,8000001.00,2013,2014,MEM,Memphis Grizzlies
9987,Mike Conley,8894216.00,2014,2015,MEM,Memphis Grizzlies
10537,Mike Conley,9588426.00,2015,2016,MEM,Memphis Grizzlies
11132,Mike Conley,26540100.00,2016,2017,MEM,Memphis Grizzlies
11678,Mike Conley,28530608.00,2017,2018,MEM,Memphis Grizzlies
4869,Mike Dunleavy,3100080.00,2002,2003,GSW,Golden State Warriors
5279,Mike Dunleavy,3332520.00,2003,2004,GSW,Golden State Warriors
5703,Mike Dunleavy,3565080.00,2004,2005,GSW,Golden State Warriors
6150,Mike Dunleavy,4506261.00,2005,2006,GSW,Golden State Warriors
6949,Mike Dunleavy,8219008.00,2007,2008,IND,Indiana Pacers
7355,Mike Dunleavy,9000000.00,2008,2009,IND,Indiana Pacers
7804,Mike Dunleavy,9780992.00,2009,2010,IND,Indiana Pacers
8229,Mike Dunleavy,10561984.00,2010,2011,IND,Indiana Pacers
8675,Mike Dunleavy,3750000.00,2011,2012,MIL,Milwaukee Bucks
9107,Mike Dunleavy,3750000.00,2012,2013,MIL,Milwaukee Bucks
9500,Mike Dunleavy,3183000.00,2013,2014,CHI,Chicago Bulls
10538,Mike Dunleavy,4500000.00,2015,2016,CHI,Chicago Bulls
11133,Mike Dunleavy,4837500.00,2016,2017,ATL,Atlanta Hawks
11679,Mike Dunleavy,1662500.00,2017,2018,ATL,Atlanta Hawks
235,Mike Gminski,1650000.00,1990,1991,CHA,Charlotte Hornets
598,Mike Gminski,1850000.00,1991,1992,CHA,Charlotte Hornets
975,Mike Gminski,1415000.00,1992,1993,CHA,Charlotte Hornets
1366,Mike Gminski,1850000.00,1993,1994,CHA,Charlotte Hornets
1722,Mike Gminski,1000000.00,1994,1995,MIL,Milwaukee Bucks
6538,Mike Hall,135895.00,2006,2007,WAS,Washington Wizards
7805,Mike Harris,64978.00,2009,2010,HOU,Houston Rockets
599,Mike Holton,400000.00,1991,1992,CHA,Charlotte Hornets
600,Mike Iuzzolino,185000.00,1991,1992,DAL,Dallas Mavericks
976,Mike Iuzzolino,241000.00,1992,1993,DAL,Dallas Mavericks
4870,Mike James,512435.00,2002,2003,MIA,Miami Heat
5280,Mike James,638679.00,2003,2004,BOS,Boston Celtic
5704,Mike James,3100000.00,2004,2005,MIL,Milwaukee Bucks
6151,Mike James,3410000.00,2005,2006,TOR,Toronto Raptors 
6539,Mike James,5215000.00,2006,2007,MIN,Minnesota Timberwolves
6950,Mike James,5632200.00,2007,2008,NOH,New Orleans Pelicans
7356,Mike James,6244093.00,2008,2009,WAS,Washington Wizards
7806,Mike James,6466600.00,2009,2010,WAS,Washington Wizards
8676,Mike James,277566.00,2011,2012,CHI,Chicago Bulls
9108,Mike James,795401.00,2012,2013,DAL,Dallas Mavericks
3989,Mike Miller,2320080.00,2000,2001,ORL,Orlando Magic
4425,Mike Miller,2494080.00,2001,2002,ORL,Orlando Magic
4871,Mike Miller,2668080.00,2002,2003,ORL,Orlando Magic
5281,Mike Miller,3380457.00,2003,2004,MEM,Memphis Grizzlies
5705,Mike Miller,6000000.00,2004,2005,MEM,Memphis Grizzlies
6152,Mike Miller,6750000.00,2005,2006,MEM,Memphis Grizzlies
6540,Mike Miller,7623813.00,2006,2007,MEM,Memphis Grizzlies
6951,Mike Miller,8376194.00,2007,2008,MEM,Memphis Grizzlies
7357,Mike Miller,9028575.00,2008,2009,MIN,Minnesota Timberwolves
7807,Mike Miller,9750000.00,2009,2010,WAS,Washington Wizards
8677,Mike Miller,5400000.00,2011,2012,MIA,Miami Heat
9109,Mike Miller,5800000.00,2012,2013,MIA,Miami Heat
9501,Mike Miller,1399507.00,2013,2014,MEM,Memphis Grizzlies
9988,Mike Miller,6600000.00,2014,2015,MIA,Miami Heat
9989,Mike Miller,2732000.00,2014,2015,CLE,Cleveland Caveliers
10539,Mike Miller,2854940.00,2015,2016,POR,Portland Trail Blazers
10540,Mike Miller,1499187.00,2015,2016,DEN,Denver Nuggets
11134,Mike Miller,3500000.00,2016,2017,DEN,Denver Nuggets
9990,Mike Muscala,816482.00,2014,2015,ATL,Atlanta Hawks
10541,Mike Muscala,947276.00,2015,2016,ATL,Atlanta Hawks
11135,Mike Muscala,1015696.00,2016,2017,ATL,Atlanta Hawks
11680,Mike Muscala,5000000.00,2017,2018,ATL,Atlanta Hawks
3990,Mike Penberthy,316969.00,2000,2001,LAL,Los Angeles Lakers
4426,Mike Penberthy,28405.00,2001,2002,LAL,Los Angeles Lakers
1367,Mike Peplowski,150000.00,1993,1994,SAC,Sacramento Kings
2481,Mike Peplowski,247500.00,1996,1997,GSW,Golden State Warriors
236,Mike Sanders,760000.00,1990,1991,IND,Indiana Pacers
601,Mike Sanders,860000.00,1991,1992,IND,Indiana Pacers
977,Mike Sanders,1100000.00,1992,1993,CLE,Cleveland Caveliers
978,Mike Sanders,910000.00,1992,1993,IND,Indiana Pacers
9110,Mike Scott,473604.00,2012,2013,ATL,Atlanta Hawks
9502,Mike Scott,788872.00,2013,2014,ATL,Atlanta Hawks
9991,Mike Scott,3333333.00,2014,2015,ATL,Atlanta Hawks
10542,Mike Scott,3333333.00,2015,2016,ATL,Atlanta Hawks
11136,Mike Scott,3333334.00,2016,2017,PHO,Phoenix Suns
11681,Mike Scott,1709538.00,2017,2018,WAS,Washington Wizards
3991,Mike Smith,316969.00,2000,2001,WAS,Washington Wizards
237,Mike Smrek,325000.00,1990,1991,LAC,Los Angeles Clippers
5282,Mike Sweetney,1840800.00,2003,2004,NYK,New York Knicks
5706,Mike Sweetney,1978920.00,2004,2005,NYK,New York Knicks
6153,Mike Sweetney,2116920.00,2005,2006,CHI,Chicago Bulls
6541,Mike Sweetney,2696956.00,2006,2007,CHI,Chicago Bulls
7358,Mike Taylor,500000.00,2008,2009,LAC,Los Angeles Clippers
11137,Mike Tobey,138938.00,2016,2017,CHA,Charlotte Hornets
4872,Mike Wilks,55402.00,2002,2003,ATL,Atlanta Hawks
5283,Mike Wilks,638679.00,2003,2004,HOU,Houston Rockets
6154,Mike Wilks,745248.00,2005,2006,CLE,Cleveland Caveliers
6542,Mike Wilks,798112.00,2006,2007,OKC,Oklahoma City Thunder
6952,Mike Wilks,162281.00,2007,2008,DEN,Denver Nuggets
6953,Mike Wilks,67151.00,2007,2008,WAS,Washington Wizards
7359,Mike Wilks,998398.00,2008,2009,MEM,Memphis Grizzlies
7808,Mike Wilks,175908.00,2009,2010,OKC,Oklahoma City Thunder
602,Mike Woodson,658000.00,1991,1992,HOU,Houston Rockets
3588,Mikki Moore,460000.00,1999,2000,DET,Detroit Pistons
3992,Mikki Moore,2850000.00,2000,2001,DET,Detroit Pistons
4427,Mikki Moore,2531250.00,2001,2002,DET,Detroit Pistons
4873,Mikki Moore,2412500.00,2002,2003,DET,Detroit Pistons
4874,Mikki Moore,46642.00,2002,2003,BOS,Boston Celtic
5284,Mikki Moore,513000.00,2003,2004,NJN,Brooklyn Nets
5707,Mikki Moore,870046.00,2004,2005,LAC,Los Angeles Clippers
6155,Mikki Moore,1020000.00,2005,2006,OKC,Oklahoma City Thunder
6543,Mikki Moore,1071225.00,2006,2007,NJN,Brooklyn Nets
7360,Mikki Moore,5632200.00,2008,2009,SAC,Sacramento Kings
7809,Mikki Moore,2000000.00,2009,2010,SAC,Sacramento Kings
7810,Mikki Moore,537952.00,2009,2010,GSW,Golden State Warriors
6544,Mile Ilic,800000.00,2006,2007,NJN,Brooklyn Nets
6954,Mile Ilic,864000.00,2007,2008,NOH,New Orleans Pelicans
9111,Miles Plumlee,1073280.00,2012,2013,IND,Indiana Pacers
9503,Miles Plumlee,1121520.00,2013,2014,PHO,Phoenix Suns
9992,Miles Plumlee,1169880.00,2014,2015,MIL,Milwaukee Bucks
10543,Miles Plumlee,2109294.00,2015,2016,MIL,Milwaukee Bucks
11138,Miles Plumlee,12500000.00,2016,2017,MIL,Milwaukee Bucks
11682,Miles Plumlee,12500000.00,2017,2018,ATL,Atlanta Hawks
3242,Miles Simon,287500.00,1998,1999,ORL,Orlando Magic
238,Milos Babic,200000.00,1990,1991,CLE,Cleveland Caveliers
11683,Milos Teodosic,6000000.00,2017,2018,LAC,Los Angeles Clippers
3589,Milt Palacio,301875.00,1999,2000,MEM,Memphis Grizzlies
3993,Milt Palacio,316969.00,2000,2001,BOS,Boston Celtic
4428,Milt Palacio,690000.00,2001,2002,BOS,Boston Celtic
4875,Milt Palacio,750000.00,2002,2003,CLE,Cleveland Caveliers
5285,Milt Palacio,688679.00,2003,2004,TOR,Toronto Raptors 
5708,Milt Palacio,807546.00,2004,2005,TOR,Toronto Raptors 
6156,Milt Palacio,1400000.00,2005,2006,UTA,Utah Jazz
11139,Mindaugas Kuzminskas,2898000.00,2016,2017,NYK,New York Knicks
11684,Mindaugas Kuzminskas,3025035.00,2017,2018,NYK,New York Knicks
9993,Miroslav Raduljica,300000.00,2014,2015,LAC,Los Angeles Clippers
9994,Miroslav Raduljica,96100.00,2014,2015,MIN,Minnesota Timberwolves
10544,Miroslav Raduljica,300000.00,2015,2016,LAC,Los Angeles Clippers
11140,Miroslav Raduljica,300000.00,2016,2017,LAC,Los Angeles Clippers
11685,Miroslav Raduljica,300000.00,2017,2018,LAC,Los Angeles Clippers
3243,Mirsad Turkcan,739400.00,1998,1999,NYK,New York Knicks
9112,Mirza Teletovic,3090000.00,2012,2013,NJN,Brooklyn Nets
9504,Mirza Teletovic,3229050.00,2013,2014,NJN,Brooklyn Nets
9995,Mirza Teletovic,3368100.00,2014,2015,NJN,Brooklyn Nets
10545,Mirza Teletovic,5500000.00,2015,2016,PHO,Phoenix Suns
11141,Mirza Teletovic,10500000.00,2016,2017,MIL,Milwaukee Bucks
11686,Mirza Teletovic,10500000.00,2017,2018,MIL,Milwaukee Bucks
9996,Mitch McGary,1400040.00,2014,2015,OKC,Oklahoma City Thunder
10546,Mitch McGary,1463040.00,2015,2016,OKC,Oklahoma City Thunder
11142,Mitch McGary,1526040.00,2016,2017,OKC,Oklahoma City Thunder
239,Mitch Richmond,850000.00,1990,1991,GSW,Golden State Warriors
603,Mitch Richmond,950000.00,1991,1992,SAC,Sacramento Kings
979,Mitch Richmond,1036000.00,1992,1993,SAC,Sacramento Kings
1368,Mitch Richmond,2500000.00,1993,1994,SAC,Sacramento Kings
1723,Mitch Richmond,3000000.00,1994,1995,SAC,Sacramento Kings
2098,Mitch Richmond,3500000.00,1995,1996,SAC,Sacramento Kings
2482,Mitch Richmond,3575000.00,1996,1997,SAC,Sacramento Kings
2856,Mitch Richmond,3000000.00,1997,1998,SAC,Sacramento Kings
3244,Mitch Richmond,2500000.00,1998,1999,WAS,Washington Wizards
3590,Mitch Richmond,10000000.00,1999,2000,WAS,Washington Wizards
3994,Mitch Richmond,10000000.00,2000,2001,WAS,Washington Wizards
4429,Mitch Richmond,10000000.00,2001,2002,WAS,Washington Wizards
4430,Mitch Richmond,1000000.00,2001,2002,LAL,Los Angeles Lakers
1369,Mitchell Butler,150000.00,1993,1994,WAS,Washington Wizards
1724,Mitchell Butler,400000.00,1994,1995,WAS,Washington Wizards
2099,Mitchell Butler,500000.00,1995,1996,WAS,Washington Wizards
2483,Mitchell Butler,600000.00,1996,1997,POR,Portland Trail Blazers
2857,Mitchell Butler,272250.00,1997,1998,CLE,Cleveland Caveliers
3245,Mitchell Butler,537500.00,1998,1999,CLE,Cleveland Caveliers
4431,Mitchell Butler,715850.00,2001,2002,POR,Portland Trail Blazers
5286,Mitchell Butler,876179.00,2003,2004,WAS,Washington Wizards
9997,Mitchell Watt,35000.00,2014,2015,GSW,Golden State Warriors
604,Mitchell Wiggins,335000.00,1991,1992,PHI,Philadelphia 76ers
980,Mitchell Wiggins,335000.00,1992,1993,PHI,Philadelphia 76ers
5287,Mo Williams,366931.00,2003,2004,UTA,Utah Jazz
5709,Mo Williams,1600000.00,2004,2005,MIL,Milwaukee Bucks
6157,Mo Williams,1760000.00,2005,2006,MIL,Milwaukee Bucks
6545,Mo Williams,1920000.00,2006,2007,MIL,Milwaukee Bucks
6955,Mo Williams,7750000.00,2007,2008,MIL,Milwaukee Bucks
7361,Mo Williams,8353000.00,2008,2009,CLE,Cleveland Caveliers
7811,Mo Williams,8860000.00,2009,2010,CLE,Cleveland Caveliers
8230,Mo Williams,9300000.00,2010,2011,LAC,Los Angeles Clippers
8678,Mo Williams,8500000.00,2011,2012,LAC,Los Angeles Clippers
9113,Mo Williams,8500000.00,2012,2013,UTA,Utah Jazz
9505,Mo Williams,2652000.00,2013,2014,POR,Portland Trail Blazers
10547,Mo Williams,2100000.00,2015,2016,CLE,Cleveland Caveliers
11143,Mo Williams,2200000.00,2016,2017,DEN,Denver Nuggets
6158,Monta Ellis,448762.00,2005,2006,GSW,Golden State Warriors
6546,Monta Ellis,664209.00,2006,2007,GSW,Golden State Warriors
6956,Monta Ellis,770610.00,2007,2008,GSW,Golden State Warriors
7812,Monta Ellis,11000000.00,2009,2010,GSW,Golden State Warriors
8231,Monta Ellis,11000000.00,2010,2011,GSW,Golden State Warriors
8679,Monta Ellis,11000000.00,2011,2012,GSW,Golden State Warriors
9114,Monta Ellis,11000000.00,2012,2013,MIL,Milwaukee Bucks
9506,Monta Ellis,8000000.00,2013,2014,DAL,Dallas Mavericks
9998,Monta Ellis,8360000.00,2014,2015,DAL,Dallas Mavericks
10548,Monta Ellis,10300000.00,2015,2016,IND,Indiana Pacers
11144,Monta Ellis,10770000.00,2016,2017,IND,Indiana Pacers
11687,Monta Ellis,2245400.00,2017,2018,IND,Indiana Pacers
10549,Montrezl Harrell,1000000.00,2015,2016,HOU,Houston Rockets
11145,Montrezl Harrell,1045000.00,2016,2017,HOU,Houston Rockets
11688,Montrezl Harrell,1471382.00,2017,2018,LAC,Los Angeles Clippers
1725,Monty Williams,650000.00,1994,1995,NYK,New York Knicks
2100,Monty Williams,845000.00,1995,1996,NYK,New York Knicks
2484,Monty Williams,1040000.00,1996,1997,SAS,San Antonio Spurs
2858,Monty Williams,1235000.00,1997,1998,SAS,San Antonio Spurs
3995,Monty Williams,1000000.00,2000,2001,ORL,Orlando Magic
4432,Monty Williams,778350.00,2001,2002,ORL,Orlando Magic
5288,Monty Williams,1000000.00,2003,2004,ORL,Orlando Magic
3246,Moochie Norris,350000.00,1998,1999,OKC,Oklahoma City Thunder
3996,Moochie Norris,523500.00,2000,2001,HOU,Houston Rockets
4433,Moochie Norris,3600000.00,2001,2002,HOU,Houston Rockets
5289,Moochie Norris,3500000.00,2003,2004,NYK,New York Knicks
5710,Moochie Norris,3850000.00,2004,2005,NYK,New York Knicks
6159,Moochie Norris,4200000.00,2005,2006,HOU,Houston Rockets
240,Mookie Blaylock,525000.00,1990,1991,NJN,Brooklyn Nets
605,Mookie Blaylock,575000.00,1991,1992,NJN,Brooklyn Nets
981,Mookie Blaylock,660000.00,1992,1993,ATL,Atlanta Hawks
1370,Mookie Blaylock,1630000.00,1993,1994,ATL,Atlanta Hawks
1726,Mookie Blaylock,2100000.00,1994,1995,ATL,Atlanta Hawks
2101,Mookie Blaylock,2500000.00,1995,1996,ATL,Atlanta Hawks
2485,Mookie Blaylock,2800000.00,1996,1997,ATL,Atlanta Hawks
2859,Mookie Blaylock,3000000.00,1997,1998,ATL,Atlanta Hawks
3247,Mookie Blaylock,3600000.00,1998,1999,ATL,Atlanta Hawks
3591,Mookie Blaylock,4200000.00,1999,2000,GSW,Golden State Warriors
3997,Mookie Blaylock,4800000.00,2000,2001,GSW,Golden State Warriors
4434,Mookie Blaylock,5400000.00,2001,2002,GSW,Golden State Warriors
241,Morlon Wiley,347000.00,1990,1991,ORL,Orlando Magic
606,Morlon Wiley,130000.00,1991,1992,SAS,San Antonio Spurs
982,Morlon Wiley,250000.00,1992,1993,ATL,Atlanta Hawks
1727,Morlon Wiley,310000.00,1994,1995,DAL,Dallas Mavericks
6957,Morris Almond,1005960.00,2007,2008,UTA,Utah Jazz
7362,Morris Almond,1081440.00,2008,2009,UTA,Utah Jazz
3998,Morris Peterson,898560.00,2000,2001,TOR,Toronto Raptors 
4435,Morris Peterson,966000.00,2001,2002,TOR,Toronto Raptors 
4876,Morris Peterson,1033320.00,2002,2003,TOR,Toronto Raptors 
5290,Morris Peterson,1646079.00,2003,2004,TOR,Toronto Raptors 
5711,Morris Peterson,4400000.00,2004,2005,TOR,Toronto Raptors 
6160,Morris Peterson,4550000.00,2005,2006,TOR,Toronto Raptors 
6547,Morris Peterson,4550000.00,2006,2007,TOR,Toronto Raptors 
6958,Morris Peterson,5356000.00,2007,2008,NOH,New Orleans Pelicans
7363,Morris Peterson,5592240.00,2008,2009,NOH,New Orleans Pelicans
7813,Morris Peterson,6212960.00,2009,2010,NOH,New Orleans Pelicans
242,Moses Malone,2406000.00,1990,1991,ATL,Atlanta Hawks
607,Moses Malone,1600000.00,1991,1992,MIL,Milwaukee Bucks
983,Moses Malone,2230000.00,1992,1993,MIL,Milwaukee Bucks
1371,Moses Malone,1200000.00,1993,1994,PHI,Philadelphia 76ers
1728,Moses Malone,468750.00,1994,1995,SAS,San Antonio Spurs
1729,Moses Malone,300000.00,1994,1995,PHI,Philadelphia 76ers
6548,Mouhamed Sene,1958640.00,2006,2007,OKC,Oklahoma City Thunder
6959,Mouhamed Sene,2105520.00,2007,2008,OKC,Oklahoma City Thunder
7364,Mouhamed Sene,2252400.00,2008,2009,OKC,Oklahoma City Thunder
243,Muggsy Bogues,805000.00,1990,1991,CHA,Charlotte Hornets
608,Muggsy Bogues,906000.00,1991,1992,CHA,Charlotte Hornets
984,Muggsy Bogues,700000.00,1992,1993,CHA,Charlotte Hornets
1372,Muggsy Bogues,900000.00,1993,1994,CHA,Charlotte Hornets
1730,Muggsy Bogues,1125000.00,1994,1995,CHA,Charlotte Hornets
2102,Muggsy Bogues,1350000.00,1995,1996,CHA,Charlotte Hornets
2860,Muggsy Bogues,1800000.00,1997,1998,CHA,Charlotte Hornets
3248,Muggsy Bogues,2800000.00,1998,1999,GSW,Golden State Warriors
3592,Muggsy Bogues,510000.00,1999,2000,TOR,Toronto Raptors 
3999,Muggsy Bogues,1740000.00,2000,2001,TOR,Toronto Raptors 
4436,Muggsy Bogues,1520860.00,2001,2002,DAL,Dallas Mavericks
4877,Muggsy Bogues,1659120.00,2002,2003,DAL,Dallas Mavericks
8232,Mustafa Shakur,89670.00,2010,2011,WAS,Washington Wizards
244,Mychal Thompson,615000.00,1990,1991,LAL,Los Angeles Lakers
609,Mychal Thompson,1807000.00,1991,1992,LAL,Los Angeles Lakers
8680,Mychel Thompson,168035.00,2011,2012,CLE,Cleveland Caveliers
10550,Myles Turner,2357760.00,2015,2016,IND,Indiana Pacers
11146,Myles Turner,2463840.00,2016,2017,IND,Indiana Pacers
11689,Myles Turner,2569920.00,2017,2018,IND,Indiana Pacers
610,Myron Brown,200000.00,1991,1992,MIN,Minnesota Timberwolves
9115,Nando de Colo,1400000.00,2012,2013,SAS,San Antonio Spurs
9507,Nando De Colo,1463000.00,2013,2014,SAS,San Antonio Spurs
2861,Nate Huffman,20000.00,1997,1998,LAC,Los Angeles Clippers
4878,Nate Huffman,349458.00,2002,2003,TOR,Toronto Raptors 
5291,Nate Huffman,1760000.00,2003,2004,TOR,Toronto Raptors 
5712,Nate Huffman,1280000.00,2004,2005,TOR,Toronto Raptors 
245,Nate McMillan,658000.00,1990,1991,OKC,Oklahoma City Thunder
611,Nate McMillan,733000.00,1991,1992,OKC,Oklahoma City Thunder
985,Nate McMillan,750000.00,1992,1993,OKC,Oklahoma City Thunder
1373,Nate McMillan,850000.00,1993,1994,OKC,Oklahoma City Thunder
1731,Nate McMillan,1060000.00,1994,1995,OKC,Oklahoma City Thunder
2103,Nate McMillan,1265000.00,1995,1996,OKC,Oklahoma City Thunder
2486,Nate McMillan,1355000.00,1996,1997,OKC,Oklahoma City Thunder
2862,Nate McMillan,3500000.00,1997,1998,OKC,Oklahoma City Thunder
6161,Nate Robinson,1102680.00,2005,2006,NYK,New York Knicks
6960,Nate Robinson,1268160.00,2007,2008,NYK,New York Knicks
7365,Nate Robinson,2020179.00,2008,2009,NYK,New York Knicks
7814,Nate Robinson,4000000.00,2009,2010,BOS,Boston Celtic
8233,Nate Robinson,4200000.00,2010,2011,OKC,Oklahoma City Thunder
8681,Nate Robinson,4500000.00,2011,2012,OKC,Oklahoma City Thunder
8682,Nate Robinson,983307.00,2011,2012,GSW,Golden State Warriors
9116,Nate Robinson,1146337.00,2012,2013,CHI,Chicago Bulls
9508,Nate Robinson,2016000.00,2013,2014,DEN,Denver Nuggets
9999,Nate Robinson,2106720.00,2014,2015,BOS,Boston Celtic
10000,Nate Robinson,154918.00,2014,2015,LAC,Los Angeles Clippers
10551,Nate Robinson,44000.00,2015,2016,NOH,New Orleans Pelicans
10001,Nate Wolters,816482.00,2014,2015,MIL,Milwaukee Bucks
10002,Nate Wolters,96056.00,2014,2015,NOH,New Orleans Pelicans
11147,Nate Wolters,50000.00,2016,2017,DEN,Denver Nuggets
7366,Nathan Jawai,442114.00,2008,2009,TOR,Toronto Raptors 
7815,Nathan Jawai,736420.00,2009,2010,MIN,Minnesota Timberwolves
3249,Nazr Mohammed,535000.00,1998,1999,PHI,Philadelphia 76ers
3593,Nazr Mohammed,690960.00,1999,2000,PHI,Philadelphia 76ers
4437,Nazr Mohammed,4500000.00,2001,2002,ATL,Atlanta Hawks
4879,Nazr Mohammed,4750000.00,2002,2003,ATL,Atlanta Hawks
5292,Nazr Mohammed,5000000.00,2003,2004,ATL,Atlanta Hawks
5713,Nazr Mohammed,5250000.00,2004,2005,NYK,New York Knicks
6549,Nazr Mohammed,5215000.00,2006,2007,DET,Detroit Pistons
8234,Nazr Mohammed,6883800.00,2010,2011,OKC,Oklahoma City Thunder
8683,Nazr Mohammed,3750000.00,2011,2012,OKC,Oklahoma City Thunder
9117,Nazr Mohammed,1352181.00,2012,2013,CHI,Chicago Bulls
9509,Nazr Mohammed,1399507.00,2013,2014,CHI,Chicago Bulls
10552,Nazr Mohammed,352750.00,2015,2016,OKC,Oklahoma City Thunder
5293,Ndudi Ebi,838560.00,2003,2004,MIN,Minnesota Timberwolves
5714,Ndudi Ebi,901440.00,2004,2005,MIN,Minnesota Timberwolves
6162,Ndudi Ebi,964320.00,2005,2006,MIN,Minnesota Timberwolves
246,Negele Knight,468000.00,1990,1991,PHO,Phoenix Suns
612,Negele Knight,469000.00,1991,1992,PHO,Phoenix Suns
986,Negele Knight,469000.00,1992,1993,PHO,Phoenix Suns
1374,Negele Knight,496000.00,1993,1994,SAS,San Antonio Spurs
1732,Negele Knight,150000.00,1994,1995,POR,Portland Trail Blazers
10553,Nemanja Bjelica,4000000.00,2015,2016,MIN,Minnesota Timberwolves
11148,Nemanja Bjelica,3800000.00,2016,2017,MIN,Minnesota Timberwolves
11690,Nemanja Bjelica,3949999.00,2017,2018,MIN,Minnesota Timberwolves
9510,Nemanja Nedovic,1056720.00,2013,2014,GSW,Golden State Warriors
10003,Nemanja Nedovic,1104240.00,2014,2015,GSW,Golden State Warriors
5715,Nenad Krstic,939480.00,2004,2005,NJN,Brooklyn Nets
6163,Nenad Krstic,1010040.00,2005,2006,NJN,Brooklyn Nets
6550,Nenad Krstic,1080480.00,2006,2007,NJN,Brooklyn Nets
6961,Nenad Krstic,1889760.00,2007,2008,NJN,Brooklyn Nets
7367,Nenad Krstic,4778548.00,2008,2009,OKC,Oklahoma City Thunder
7816,Nenad Krstic,5400000.00,2009,2010,OKC,Oklahoma City Thunder
8235,Nenad Krstic,5543116.00,2010,2011,BOS,Boston Celtic
4880,Nene,1945520.00,2002,2003,DEN,Denver Nuggets
5294,Nene,2102840.00,2003,2004,DEN,Denver Nuggets
6164,Nene,3039889.00,2005,2006,DEN,Denver Nuggets
6962,Nene,8840000.00,2007,2008,DEN,Denver Nuggets
7368,Nene,9680000.00,2008,2009,DEN,Denver Nuggets
7817,Nene,10520000.00,2009,2010,DEN,Denver Nuggets
8236,Nene,11360000.00,2010,2011,DEN,Denver Nuggets
8684,Nene,13000000.00,2011,2012,DEN,Denver Nuggets
9118,Nene,13000000.00,2012,2013,WAS,Washington Wizards
9511,Nene,13000000.00,2013,2014,WAS,Washington Wizards
10004,Nene Hilario,13000000.00,2014,2015,WAS,Washington Wizards
10554,Nene Hilario,13000000.00,2015,2016,WAS,Washington Wizards
11149,Nene Hilario,2898000.00,2016,2017,HOU,Houston Rockets
11691,Nene Hilario,3477600.00,2017,2018,HOU,Houston Rockets
9512,Nerlens Noel,3172320.00,2013,2014,PHI,Philadelphia 76ers
10005,Nerlens Noel,3315120.00,2014,2015,PHI,Philadelphia 76ers
10555,Nerlens Noel,3457800.00,2015,2016,PHI,Philadelphia 76ers
11150,Nerlens Noel,4384490.00,2016,2017,DAL,Dallas Mavericks
11692,Nerlens Noel,4187599.00,2017,2018,DAL,Dallas Mavericks
247,Nick Anderson,725000.00,1990,1991,ORL,Orlando Magic
613,Nick Anderson,750000.00,1991,1992,ORL,Orlando Magic
987,Nick Anderson,800000.00,1992,1993,ORL,Orlando Magic
1375,Nick Anderson,2670000.00,1993,1994,ORL,Orlando Magic
2104,Nick Anderson,3200000.00,1995,1996,ORL,Orlando Magic
2487,Nick Anderson,3790000.00,1996,1997,ORL,Orlando Magic
2863,Nick Anderson,4000000.00,1997,1998,ORL,Orlando Magic
3250,Nick Anderson,3200000.00,1998,1999,ORL,Orlando Magic
3594,Nick Anderson,5051906.00,1999,2000,SAC,Sacramento Kings
4000,Nick Anderson,3750000.00,2000,2001,SAC,Sacramento Kings
4438,Nick Anderson,5401906.00,2001,2002,MEM,Memphis Grizzlies
4881,Nick Anderson,6101906.00,2002,2003,CLE,Cleveland Caveliers
10006,Nick Calathes,816482.00,2014,2015,MEM,Memphis Grizzlies
5295,Nick Collison,1578240.00,2003,2004,OKC,Oklahoma City Thunder
5716,Nick Collison,1969680.00,2004,2005,OKC,Oklahoma City Thunder
6165,Nick Collison,1815000.00,2005,2006,OKC,Oklahoma City Thunder
6551,Nick Collison,2501070.00,2006,2007,OKC,Oklahoma City Thunder
6963,Nick Collison,5750000.00,2007,2008,OKC,Oklahoma City Thunder
7369,Nick Collison,6350000.00,2008,2009,OKC,Oklahoma City Thunder
7818,Nick Collison,6250000.00,2009,2010,OKC,Oklahoma City Thunder
8237,Nick Collison,13250000.00,2010,2011,OKC,Oklahoma City Thunder
8685,Nick Collison,3272997.00,2011,2012,OKC,Oklahoma City Thunder
9119,Nick Collison,2929332.00,2012,2013,OKC,Oklahoma City Thunder
9513,Nick Collison,2585668.00,2013,2014,OKC,Oklahoma City Thunder
10007,Nick Collison,2242003.00,2014,2015,OKC,Oklahoma City Thunder
10556,Nick Collison,3750000.00,2015,2016,OKC,Oklahoma City Thunder
11151,Nick Collison,3750000.00,2016,2017,OKC,Oklahoma City Thunder
11693,Nick Collison,2328652.00,2017,2018,OKC,Oklahoma City Thunder
6964,Nick Fazekas,427163.00,2007,2008,DAL,Dallas Mavericks
10008,Nick Johnson,507336.00,2014,2015,HOU,Houston Rockets
10557,Nick Johnson,845059.00,2015,2016,DEN,Denver Nuggets
11152,Nick Johnson,980431.00,2016,2017,DEN,Denver Nuggets
1376,Nick Van Exel,1100000.00,1993,1994,LAL,Los Angeles Lakers
1733,Nick Van Exel,1900000.00,1994,1995,LAL,Los Angeles Lakers
2105,Nick Van Exel,1900000.00,1995,1996,LAL,Los Angeles Lakers
2488,Nick Van Exel,1900000.00,1996,1997,LAL,Los Angeles Lakers
2864,Nick Van Exel,1900000.00,1997,1998,LAL,Los Angeles Lakers
3251,Nick Van Exel,1900000.00,1998,1999,DEN,Denver Nuggets
3595,Nick Van Exel,8354614.00,1999,2000,DEN,Denver Nuggets
4001,Nick Van Exel,9200000.00,2000,2001,DEN,Denver Nuggets
4439,Nick Van Exel,10164642.00,2001,2002,DEN,Denver Nuggets
4882,Nick Van Exel,11061234.00,2002,2003,DAL,Dallas Mavericks
5296,Nick Van Exel,11956625.00,2003,2004,GSW,Golden State Warriors
5717,Nick Van Exel,11933252.00,2004,2005,POR,Portland Trail Blazers
6965,Nick Young,1491240.00,2007,2008,WAS,Washington Wizards
7370,Nick Young,1602960.00,2008,2009,WAS,Washington Wizards
7819,Nick Young,1714800.00,2009,2010,WAS,Washington Wizards
8238,Nick Young,2630503.00,2010,2011,WAS,Washington Wizards
8686,Nick Young,3695857.00,2011,2012,WAS,Washington Wizards
9120,Nick Young,5600000.00,2012,2013,PHI,Philadelphia 76ers
9514,Nick Young,1106942.00,2013,2014,LAL,Los Angeles Lakers
10009,Nick Young,4994420.00,2014,2015,LAL,Los Angeles Lakers
10558,Nick Young,5219169.00,2015,2016,LAL,Los Angeles Lakers
11153,Nick Young,5443918.00,2016,2017,LAL,Los Angeles Lakers
11694,Nick Young,5192000.00,2017,2018,GSW,Golden State Warriors
11154,Nick Zeisloft,25000.00,2016,2017,IND,Indiana Pacers
7371,Nicolas Batum,1040640.00,2008,2009,POR,Portland Trail Blazers
7820,Nicolas Batum,1118760.00,2009,2010,POR,Portland Trail Blazers
8239,Nicolas Batum,1196760.00,2010,2011,POR,Portland Trail Blazers
8687,Nicolas Batum,2155365.00,2011,2012,POR,Portland Trail Blazers
9121,Nicolas Batum,10850000.00,2012,2013,POR,Portland Trail Blazers
9515,Nicolas Batum,11295250.00,2013,2014,POR,Portland Trail Blazers
10010,Nicolas Batum,11765500.00,2014,2015,POR,Portland Trail Blazers
10559,Nicolas Batum,12235750.00,2015,2016,CHA,Charlotte Hornets
11155,Nicolas Batum,20869566.00,2016,2017,CHA,Charlotte Hornets
11695,Nicolas Batum,22434783.00,2017,2018,CHA,Charlotte Hornets
11156,Nicolas Brussino,543471.00,2016,2017,DAL,Dallas Mavericks
11696,Nicolas Brussino,1312611.00,2017,2018,ATL,Atlanta Hawks
11157,Nicolas Laprovittola,210995.00,2016,2017,SAS,San Antonio Spurs
11697,Nigel Hayes,50000.00,2017,2018,NYK,New York Knicks
10011,Nik Stauskas,2745840.00,2014,2015,SAC,Sacramento Kings
10560,Nik Stauskas,2869440.00,2015,2016,PHI,Philadelphia 76ers
11158,Nik Stauskas,2993040.00,2016,2017,PHI,Philadelphia 76ers
11698,Nik Stauskas,3807146.00,2017,2018,PHI,Philadelphia 76ers
10561,Nikola Jokic,1300000.00,2015,2016,DEN,Denver Nuggets
11159,Nikola Jokic,1358500.00,2016,2017,DEN,Denver Nuggets
11699,Nikola Jokic,1471382.00,2017,2018,DEN,Denver Nuggets
11160,Nikola Jovanovic,30000.00,2016,2017,DET,Detroit Pistons
10562,Nikola Mirotic,5543725.00,2015,2016,CHI,Chicago Bulls
11161,Nikola Mirotic,5782450.00,2016,2017,CHI,Chicago Bulls
11700,Nikola Mirotic,12500000.00,2017,2018,CHI,Chicago Bulls
8240,Nikola Pekovic,4000000.00,2010,2011,MIN,Minnesota Timberwolves
8688,Nikola Pekovic,4503600.00,2011,2012,MIN,Minnesota Timberwolves
9122,Nikola Pekovic,4837200.00,2012,2013,MIN,Minnesota Timberwolves
9516,Nikola Pekovic,12100000.00,2013,2014,MIN,Minnesota Timberwolves
10012,Nikola Pekovic,12100000.00,2014,2015,MIN,Minnesota Timberwolves
10563,Nikola Pekovic,12100000.00,2015,2016,MIN,Minnesota Timberwolves
11162,Nikola Pekovic,12100000.00,2016,2017,MIN,Minnesota Timberwolves
11701,Nikola Pekovic,11600000.00,2017,2018,MIN,Minnesota Timberwolves
8689,Nikola Vucevic,1645400.00,2011,2012,PHI,Philadelphia 76ers
9123,Nikola Vucevic,1768800.00,2012,2013,ORL,Orlando Magic
9517,Nikola Vucevic,1793520.00,2013,2014,ORL,Orlando Magic
10013,Nikola Vucevic,2751260.00,2014,2015,ORL,Orlando Magic
10564,Nikola Vucevic,11250000.00,2015,2016,ORL,Orlando Magic
11163,Nikola Vucevic,11750000.00,2016,2017,ORL,Orlando Magic
11702,Nikola Vucevic,12250000.00,2017,2018,ORL,Orlando Magic
4883,Nikoloz Tskitishvili,2530920.00,2002,2003,DEN,Denver Nuggets
5297,Nikoloz Tskitishvili,2720760.00,2003,2004,DEN,Denver Nuggets
6166,Nikoloz Tskitishvili,745248.00,2005,2006,MIN,Minnesota Timberwolves
10565,Noah Vonleh,2637720.00,2015,2016,POR,Portland Trail Blazers
11164,Noah Vonleh,2751360.00,2016,2017,POR,Portland Trail Blazers
11703,Noah Vonleh,3505233.00,2017,2018,POR,Portland Trail Blazers
8690,Nolan Smith,1306920.00,2011,2012,POR,Portland Trail Blazers
9124,Nolan Smith,1404960.00,2012,2013,POR,Portland Trail Blazers
4440,Norm Richardson,332817.00,2001,2002,IND,Indiana Pacers
10566,Norman Powell,650000.00,2015,2016,TOR,Toronto Raptors 
11165,Norman Powell,874636.00,2016,2017,TOR,Toronto Raptors 
11704,Norman Powell,1471382.00,2017,2018,TOR,Toronto Raptors 
8691,Norris Cole,1035960.00,2011,2012,MIA,Miami Heat
9125,Norris Cole,1082520.00,2012,2013,MIA,Miami Heat
9518,Norris Cole,1129200.00,2013,2014,MIA,Miami Heat
10014,Norris Cole,2038206.00,2014,2015,NOH,New Orleans Pelicans
10567,Norris Cole,3036927.00,2015,2016,NOH,New Orleans Pelicans
11166,Norris Cole,247991.00,2016,2017,OKC,Oklahoma City Thunder
7372,O.J. Mayo,3875040.00,2008,2009,MEM,Memphis Grizzlies
7821,O.J. Mayo,4165560.00,2009,2010,MEM,Memphis Grizzlies
8241,O.J. Mayo,4456200.00,2010,2011,MEM,Memphis Grizzlies
8692,O.J. Mayo,5632637.00,2011,2012,MEM,Memphis Grizzlies
9126,O.J. Mayo,4020000.00,2012,2013,DAL,Dallas Mavericks
9519,O.J. Mayo,8000000.00,2013,2014,MIL,Milwaukee Bucks
10015,O.J. Mayo,8000000.00,2014,2015,MIL,Milwaukee Bucks
10568,O.J. Mayo,8000000.00,2015,2016,MIL,Milwaukee Bucks
3596,Obinna Ekezie,301875.00,1999,2000,MEM,Memphis Grizzlies
4002,Obinna Ekezie,423500.00,2000,2001,WAS,Washington Wizards
4441,Obinna Ekezie,540850.00,2001,2002,LAC,Los Angeles Clippers
5298,Obinna Ekezie,688679.00,2003,2004,ATL,Atlanta Hawks
11705,OG Anunoby,1645200.00,2017,2018,TOR,Toronto Raptors 
10016,Ognjen Kuzmic,816482.00,2014,2015,GSW,Golden State Warriors
11167,Okaro White,374933.00,2016,2017,MIA,Miami Heat
11706,Okaro White,1312611.00,2017,2018,MIA,Miami Heat
248,Olden Polynice,600000.00,1990,1991,LAC,Los Angeles Clippers
614,Olden Polynice,750000.00,1991,1992,LAC,Los Angeles Clippers
988,Olden Polynice,850000.00,1992,1993,DET,Detroit Pistons
1377,Olden Polynice,850000.00,1993,1994,DET,Detroit Pistons
1734,Olden Polynice,1900000.00,1994,1995,SAC,Sacramento Kings
2106,Olden Polynice,2520000.00,1995,1996,SAC,Sacramento Kings
2489,Olden Polynice,3140000.00,1996,1997,SAC,Sacramento Kings
2865,Olden Polynice,3610000.00,1997,1998,SAC,Sacramento Kings
3252,Olden Polynice,1000000.00,1998,1999,OKC,Oklahoma City Thunder
4003,Olden Polynice,2200000.00,2000,2001,UTA,Utah Jazz
6966,Oleksiy Pecherov,1345800.00,2007,2008,WAS,Washington Wizards
7373,Oleksiy Pecherov,1446720.00,2008,2009,WAS,Washington Wizards
7822,Oleksiy Pecherov,1547640.00,2009,2010,MIN,Minnesota Timberwolves
989,Oliver Miller,517000.00,1992,1993,PHO,Phoenix Suns
1378,Oliver Miller,672000.00,1993,1994,PHO,Phoenix Suns
1735,Oliver Miller,1540000.00,1994,1995,DET,Detroit Pistons
2107,Oliver Miller,2372000.00,1995,1996,TOR,Toronto Raptors 
2490,Oliver Miller,247500.00,1996,1997,DAL,Dallas Mavericks
3253,Oliver Miller,600000.00,1998,1999,SAC,Sacramento Kings
5299,Oliver Miller,686838.00,2003,2004,MIN,Minnesota Timberwolves
4004,Olumide Oyedeji,316969.00,2000,2001,OKC,Oklahoma City Thunder
4442,Olumide Oyedeji,465850.00,2001,2002,OKC,Oklahoma City Thunder
4884,Olumide Oyedeji,587435.00,2002,2003,ORL,Orlando Magic
4443,Omar Cook,292230.00,2001,2002,DAL,Dallas Mavericks
8242,Omer Asik,1721000.00,2010,2011,CHI,Chicago Bulls
8693,Omer Asik,1857500.00,2011,2012,CHI,Chicago Bulls
9520,Omer Asik,8374646.00,2013,2014,HOU,Houston Rockets
10017,Omer Asik,8374646.00,2014,2015,NOH,New Orleans Pelicans
10569,Omer Asik,11000000.00,2015,2016,NOH,New Orleans Pelicans
11168,Omer Asik,9904494.00,2016,2017,NOH,New Orleans Pelicans
11707,Omer Asik,10595505.00,2017,2018,NOH,New Orleans Pelicans
7823,Omri Casspi,1167000.00,2009,2010,SAC,Sacramento Kings
8243,Omri Casspi,1254480.00,2010,2011,SAC,Sacramento Kings
8694,Omri Casspi,1341960.00,2011,2012,CLE,Cleveland Caveliers
9127,Omri Casspi,2277306.00,2012,2013,CLE,Cleveland Caveliers
9521,Omri Casspi,947907.00,2013,2014,HOU,Houston Rockets
10018,Omri Casspi,1063384.00,2014,2015,SAC,Sacramento Kings
10570,Omri Casspi,3000000.00,2015,2016,SAC,Sacramento Kings
11169,Omri Casspi,3000000.00,2016,2017,NOH,New Orleans Pelicans
11170,Omri Casspi,138414.00,2016,2017,MIN,Minnesota Timberwolves
11708,Omri Casspi,2106470.00,2017,2018,GSW,Golden State Warriors
6167,Orien Greene,398762.00,2005,2006,BOS,Boston Celtic
8244,Orien Greene,52066.00,2010,2011,NJN,Brooklyn Nets
9128,Orlando Johnson,550000.00,2012,2013,IND,Indiana Pacers
9522,Orlando Johnson,788872.00,2013,2014,IND,Indiana Pacers
10571,Orlando Johnson,55722.00,2015,2016,NOH,New Orleans Pelicans
10572,Orlando Johnson,55722.00,2015,2016,PHO,Phoenix Suns
10019,Orlando Sanchez,15000.00,2014,2015,NYK,New York Knicks
249,Orlando Woolridge,805000.00,1990,1991,DEN,Denver Nuggets
990,Orlando Woolridge,1108000.00,1992,1993,DET,Detroit Pistons
1379,Orlando Woolridge,1542000.00,1993,1994,MIL,Milwaukee Bucks
1380,Orlando Woolridge,150000.00,1993,1994,PHI,Philadelphia 76ers
1736,Orlando Woolridge,2367000.00,1994,1995,MIL,Milwaukee Bucks
4444,Oscar Torres,332817.00,2001,2002,HOU,Houston Rockets
4885,Oscar Torres,168729.00,2002,2003,GSW,Golden State Warriors
2491,Othella Harrington,247500.00,1996,1997,HOU,Houston Rockets
3597,Othella Harrington,2025000.00,1999,2000,MEM,Memphis Grizzlies
4005,Othella Harrington,2250000.00,2000,2001,MEM,Memphis Grizzlies
4445,Othella Harrington,2475000.00,2001,2002,NYK,New York Knicks
4886,Othella Harrington,2700000.00,2002,2003,NYK,New York Knicks
5300,Othella Harrington,2925000.00,2003,2004,NYK,New York Knicks
6168,Othella Harrington,3500000.00,2005,2006,CHI,Chicago Bulls
7374,Othello Hunter,442114.00,2008,2009,ATL,Atlanta Hawks
7824,Othello Hunter,307564.00,2009,2010,ATL,Atlanta Hawks
250,Otis Smith,450000.00,1990,1991,ORL,Orlando Magic
615,Otis Smith,525000.00,1991,1992,ORL,Orlando Magic
251,Otis Thorpe,1760000.00,1990,1991,HOU,Houston Rockets
616,Otis Thorpe,1786000.00,1991,1992,HOU,Houston Rockets
1381,Otis Thorpe,2418000.00,1993,1994,HOU,Houston Rockets
1737,Otis Thorpe,2578400.00,1994,1995,HOU,Houston Rockets
2492,Otis Thorpe,7000000.00,1996,1997,DET,Detroit Pistons
2866,Otis Thorpe,5700000.00,1997,1998,MEM,Memphis Grizzlies
3254,Otis Thorpe,4400000.00,1998,1999,WAS,Washington Wizards
4006,Otis Thorpe,2200000.00,2000,2001,CHA,Charlotte Hornets
9523,Otto Porter,4278000.00,2013,2014,WAS,Washington Wizards
10020,Otto Porter,4470480.00,2014,2015,WAS,Washington Wizards
10573,Otto Porter,4662960.00,2015,2016,WAS,Washington Wizards
11171,Otto Porter,5893981.00,2016,2017,WAS,Washington Wizards
11709,Otto Porter,24773250.00,2017,2018,WAS,Washington Wizards
1382,P.J. Brown,600000.00,1993,1994,NJN,Brooklyn Nets
2108,P.J. Brown,960000.00,1995,1996,NJN,Brooklyn Nets
2493,P.J. Brown,2000000.00,1996,1997,MIA,Miami Heat
3255,P.J. Brown,4480000.00,1998,1999,MIA,Miami Heat
4007,P.J. Brown,5740000.00,2000,2001,CHA,Charlotte Hornets
4446,P.J. Brown,6404800.00,2001,2002,CHA,Charlotte Hornets
4887,P.J. Brown,7044800.00,2002,2003,NOH,New Orleans Pelicans
5301,P.J. Brown,8000000.00,2003,2004,NOH,New Orleans Pelicans
5718,P.J. Brown,8000000.00,2004,2005,NOH,New Orleans Pelicans
6169,P.J. Brown,8000000.00,2005,2006,NOH,New Orleans Pelicans
6552,P.J. Brown,8560000.00,2006,2007,CHI,Chicago Bulls
10574,P.J. Hairston,1201440.00,2015,2016,MEM,Memphis Grizzlies
11172,P.J. Hairston,11534.00,2016,2017,HOU,Houston Rockets
6553,P.J. Tucker,412718.00,2006,2007,TOR,Toronto Raptors 
9129,P.J. Tucker,762195.00,2012,2013,PHO,Phoenix Suns
9524,P.J. Tucker,884293.00,2013,2014,PHO,Phoenix Suns
10021,P.J. Tucker,5700000.00,2014,2015,PHO,Phoenix Suns
10575,P.J. Tucker,5500000.00,2015,2016,PHO,Phoenix Suns
11173,P.J. Tucker,5300000.00,2016,2017,TOR,Toronto Raptors 
11710,P.J. Tucker,7590035.00,2017,2018,HOU,Houston Rockets
9130,Pablo Prigioni,473604.00,2012,2013,NYK,New York Knicks
9525,Pablo Prigioni,1591350.00,2013,2014,NYK,New York Knicks
10022,Pablo Prigioni,1662961.00,2014,2015,HOU,Houston Rockets
10576,Pablo Prigioni,981348.00,2015,2016,LAC,Los Angeles Clippers
11174,Pablo Prigioni,1050961.00,2016,2017,HOU,Houston Rockets
5719,Pape Sow,385277.00,2004,2005,TOR,Toronto Raptors 
6170,Pape Sow,641748.00,2005,2006,TOR,Toronto Raptors 
6554,Pape Sow,744551.00,2006,2007,TOR,Toronto Raptors 
8245,Pape Sy,473604.00,2010,2011,ATL,Atlanta Hawks
11175,Pascal Siakam,1196040.00,2016,2017,TOR,Toronto Raptors 
11711,Pascal Siakam,1312611.00,2017,2018,TOR,Toronto Raptors 
4888,Pat Burke,349458.00,2002,2003,ORL,Orlando Magic
6555,Pat Burke,810000.00,2006,2007,PHO,Phoenix Suns
10577,Pat Connaughton,525093.00,2015,2016,POR,Portland Trail Blazers
11176,Pat Connaughton,874636.00,2016,2017,POR,Portland Trail Blazers
11712,Pat Connaughton,1471382.00,2017,2018,POR,Portland Trail Blazers
3256,Pat Garrity,740000.00,1998,1999,PHO,Phoenix Suns
4008,Pat Garrity,1019280.00,2000,2001,ORL,Orlando Magic
4447,Pat Garrity,1569691.00,2001,2002,ORL,Orlando Magic
4889,Pat Garrity,2350000.00,2002,2003,ORL,Orlando Magic
5302,Pat Garrity,2643750.00,2003,2004,ORL,Orlando Magic
5720,Pat Garrity,2937500.00,2004,2005,ORL,Orlando Magic
6171,Pat Garrity,3231250.00,2005,2006,ORL,Orlando Magic
6556,Pat Garrity,3525000.00,2006,2007,ORL,Orlando Magic
6967,Pat Garrity,3818750.00,2007,2008,ORL,Orlando Magic
10023,Patric Young,100000.00,2014,2015,NOH,New Orleans Pelicans
11177,Patricio Garino,100000.00,2016,2017,SAS,San Antonio Spurs
11178,Patricio Garino,31969.00,2016,2017,ORL,Orlando Magic
9526,Patrick Beverley,788872.00,2013,2014,HOU,Houston Rockets
10024,Patrick Beverley,915243.00,2014,2015,HOU,Houston Rockets
10578,Patrick Beverley,6500000.00,2015,2016,HOU,Houston Rockets
11179,Patrick Beverley,6000000.00,2016,2017,HOU,Houston Rockets
11713,Patrick Beverley,5513514.00,2017,2018,LAC,Los Angeles Clippers
617,Patrick Eddie,130000.00,1991,1992,NYK,New York Knicks
252,Patrick Ewing,4250000.00,1990,1991,NYK,New York Knicks
618,Patrick Ewing,3139000.00,1991,1992,NYK,New York Knicks
991,Patrick Ewing,3300000.00,1992,1993,NYK,New York Knicks
1383,Patrick Ewing,3825000.00,1993,1994,NYK,New York Knicks
1738,Patrick Ewing,4486700.00,1994,1995,NYK,New York Knicks
2109,Patrick Ewing,18724000.00,1995,1996,NYK,New York Knicks
2494,Patrick Ewing,3000000.00,1996,1997,NYK,New York Knicks
2867,Patrick Ewing,20500000.00,1997,1998,NYK,New York Knicks
3257,Patrick Ewing,18500000.00,1998,1999,NYK,New York Knicks
4009,Patrick Ewing,14000000.00,2000,2001,OKC,Oklahoma City Thunder
4448,Patrick Ewing,2118420.00,2001,2002,ORL,Orlando Magic
4890,Patrick Ewing,1850000.00,2002,2003,ORL,Orlando Magic
11180,Patrick McCaw,543471.00,2016,2017,GSW,Golden State Warriors
11714,Patrick McCaw,1312611.00,2017,2018,GSW,Golden State Warriors
7825,Patrick Mills,457588.00,2009,2010,POR,Portland Trail Blazers
8246,Patrick Mills,937195.00,2010,2011,POR,Portland Trail Blazers
9131,Patrick Mills,1085120.00,2012,2013,SAS,San Antonio Spurs
9527,Patrick Mills,1133950.00,2013,2014,SAS,San Antonio Spurs
10025,Patrick Mills,3842105.00,2014,2015,SAS,San Antonio Spurs
10579,Patrick Mills,3578947.00,2015,2016,SAS,San Antonio Spurs
6557,Patrick O\'Bryant,2061720.00,2006,2007,GSW,Golden State Warriors
6968,Patrick O\'Bryant,2216400.00,2007,2008,GSW,Golden State Warriors
7375,Patrick O\'Bryant,1500000.00,2008,2009,TOR,Toronto Raptors 
7826,Patrick O\'Bryant,1620000.00,2009,2010,TOR,Toronto Raptors 
8247,Patrick Patterson,1823280.00,2010,2011,HOU,Houston Rockets
8695,Patrick Patterson,1959960.00,2011,2012,HOU,Houston Rockets
9132,Patrick Patterson,2096760.00,2012,2013,SAC,Sacramento Kings
9528,Patrick Patterson,3105302.00,2013,2014,SAC,Sacramento Kings
10026,Patrick Patterson,5831326.00,2014,2015,TOR,Toronto Raptors 
10580,Patrick Patterson,6268675.00,2015,2016,TOR,Toronto Raptors 
11181,Patrick Patterson,6050000.00,2016,2017,TOR,Toronto Raptors 
11715,Patrick Patterson,5192000.00,2017,2018,OKC,Oklahoma City Thunder
11182,Patty Mills,3578948.00,2016,2017,SAS,San Antonio Spurs
11716,Patty Mills,10714286.00,2017,2018,SAS,San Antonio Spurs
4449,Pau Gasol,2970840.00,2001,2002,MEM,Memphis Grizzlies
4891,Pau Gasol,3193680.00,2002,2003,MEM,Memphis Grizzlies
5303,Pau Gasol,3417000.00,2003,2004,MEM,Memphis Grizzlies
5721,Pau Gasol,4318481.00,2004,2005,MEM,Memphis Grizzlies
6172,Pau Gasol,10993000.00,2005,2006,MEM,Memphis Grizzlies
6558,Pau Gasol,12364000.00,2006,2007,MEM,Memphis Grizzlies
6969,Pau Gasol,13735000.00,2007,2008,LAL,Los Angeles Lakers
7376,Pau Gasol,15106000.00,2008,2009,LAL,Los Angeles Lakers
7827,Pau Gasol,16452000.00,2009,2010,LAL,Los Angeles Lakers
8248,Pau Gasol,17823000.00,2010,2011,LAL,Los Angeles Lakers
8696,Pau Gasol,18714150.00,2011,2012,LAL,Los Angeles Lakers
9133,Pau Gasol,19000000.00,2012,2013,LAL,Los Angeles Lakers
9529,Pau Gasol,19285850.00,2013,2014,LAL,Los Angeles Lakers
10581,Pau Gasol,7448760.00,2015,2016,CHI,Chicago Bulls
11183,Pau Gasol,15500000.00,2016,2017,SAS,San Antonio Spurs
11717,Pau Gasol,16000000.00,2017,2018,SAS,San Antonio Spurs
6559,Paul Davis,412718.00,2006,2007,LAC,Los Angeles Clippers
6970,Paul Davis,687456.00,2007,2008,LAC,Los Angeles Clippers
7377,Paul Davis,328416.00,2008,2009,LAC,Los Angeles Clippers
7828,Paul Davis,80488.00,2009,2010,WAS,Washington Wizards
8249,Paul George,2238360.00,2010,2011,IND,Indiana Pacers
8697,Paul George,2406240.00,2011,2012,IND,Indiana Pacers
9134,Paul George,2574120.00,2012,2013,IND,Indiana Pacers
9530,Paul George,3282003.00,2013,2014,IND,Indiana Pacers
10027,Paul George,15925680.00,2014,2015,IND,Indiana Pacers
10582,Paul George,17120106.00,2015,2016,IND,Indiana Pacers
11184,Paul George,18314532.00,2016,2017,IND,Indiana Pacers
11718,Paul George,19508958.00,2017,2018,OKC,Oklahoma City Thunder
619,Paul Graham,125000.00,1991,1992,ATL,Atlanta Hawks
992,Paul Graham,500000.00,1992,1993,ATL,Atlanta Hawks
1384,Paul Graham,600000.00,1993,1994,ATL,Atlanta Hawks
2868,Paul Grant,785400.00,1997,1998,MIN,Minnesota Timberwolves
3258,Paul Grant,903240.00,1998,1999,MIL,Milwaukee Bucks
3598,Paul Grant,1021080.00,1999,2000,MIL,Milwaukee Bucks
5304,Paul Grant,350581.00,2003,2004,UTA,Utah Jazz
4010,Paul McPherson,316969.00,2000,2001,PHO,Phoenix Suns
6971,Paul Millsap,687456.00,2007,2008,UTA,Utah Jazz
7378,Paul Millsap,797581.00,2008,2009,UTA,Utah Jazz
7829,Paul Millsap,7692932.00,2009,2010,UTA,Utah Jazz
8250,Paul Millsap,7600000.00,2010,2011,UTA,Utah Jazz
8698,Paul Millsap,8103435.00,2011,2012,UTA,Utah Jazz
9135,Paul Millsap,8603633.00,2012,2013,UTA,Utah Jazz
9531,Paul Millsap,9500000.00,2013,2014,ATL,Atlanta Hawks
10028,Paul Millsap,9500000.00,2014,2015,ATL,Atlanta Hawks
11185,Paul Millsap,20072033.00,2016,2017,ATL,Atlanta Hawks
11719,Paul Millsap,31269231.00,2017,2018,DEN,Denver Nuggets
253,Paul Mokeski,100000.00,1990,1991,GSW,Golden State Warriors
3259,Paul Pierce,1165000.00,1998,1999,BOS,Boston Celtic
3599,Paul Pierce,1503960.00,1999,2000,BOS,Boston Celtic
4011,Paul Pierce,1608840.00,2000,2001,BOS,Boston Celtic
4450,Paul Pierce,2051271.00,2001,2002,BOS,Boston Celtic
4892,Paul Pierce,10067750.00,2002,2003,BOS,Boston Celtic
5305,Paul Pierce,11326219.00,2003,2004,BOS,Boston Celtic
5722,Paul Pierce,12584688.00,2004,2005,BOS,Boston Celtic
6173,Paul Pierce,13843156.00,2005,2006,BOS,Boston Celtic
7379,Paul Pierce,18077903.00,2008,2009,BOS,Boston Celtic
7830,Paul Pierce,19795712.00,2009,2010,BOS,Boston Celtic
8251,Paul Pierce,13876321.00,2010,2011,BOS,Boston Celtic
8699,Paul Pierce,15333334.00,2011,2012,BOS,Boston Celtic
9532,Paul Pierce,15333334.00,2013,2014,NJN,Brooklyn Nets
10029,Paul Pierce,5305000.00,2014,2015,WAS,Washington Wizards
10583,Paul Pierce,3400000.00,2015,2016,LAC,Los Angeles Clippers
11186,Paul Pierce,3500000.00,2016,2017,LAC,Los Angeles Clippers
11720,Paul Pierce,1096080.00,2017,2018,LAC,Los Angeles Clippers
254,Paul Pressey,900000.00,1990,1991,SAS,San Antonio Spurs
620,Paul Pressey,1000000.00,1991,1992,SAS,San Antonio Spurs
4893,Paul Shirley,29832.00,2002,2003,ATL,Atlanta Hawks
11187,Paul Zipser,750000.00,2016,2017,CHI,Chicago Bulls
11721,Paul Zipser,1312611.00,2017,2018,CHI,Chicago Bulls
5723,Pavel Podkolzin,1061880.00,2004,2005,DAL,Dallas Mavericks
6174,Pavel Podkolzin,1141560.00,2005,2006,DAL,Dallas Mavericks
3600,Peja Stojakovic,1310400.00,1999,2000,SAC,Sacramento Kings
4012,Peja Stojakovic,1480000.00,2000,2001,SAC,Sacramento Kings
4451,Peja Stojakovic,5000000.00,2001,2002,SAC,Sacramento Kings
4894,Peja Stojakovic,5625000.00,2002,2003,SAC,Sacramento Kings
5306,Peja Stojakovic,6250000.00,2003,2004,SAC,Sacramento Kings
5724,Peja Stojakovic,6875000.00,2004,2005,SAC,Sacramento Kings
6175,Peja Stojakovic,7500000.00,2005,2006,SAC,Sacramento Kings
6560,Peja Stojakovic,10800000.00,2006,2007,NOH,New Orleans Pelicans
6972,Peja Stojakovic,11664000.00,2007,2008,NOH,New Orleans Pelicans
7380,Peja Stojakovic,12528000.00,2008,2009,NOH,New Orleans Pelicans
7831,Peja Stojakovic,13392000.00,2009,2010,NOH,New Orleans Pelicans
8252,Peja Stojakovic,14896000.00,2010,2011,TOR,Toronto Raptors 
8253,Peja Stojakovic,636320.00,2010,2011,DAL,Dallas Mavericks
4895,Pepe Sanchez,587435.00,2002,2003,DET,Detroit Pistons
5307,Pepe Sanchez,663679.00,2003,2004,GSW,Golden State Warriors
10030,Pero Antic,1250000.00,2014,2015,ATL,Atlanta Hawks
9136,Perry Jones,1035960.00,2012,2013,OKC,Oklahoma City Thunder
9533,Perry Jones,1082520.00,2013,2014,OKC,Oklahoma City Thunder
10031,Perry Jones,1129200.00,2014,2015,OKC,Oklahoma City Thunder
10584,Perry Jones,2038206.00,2015,2016,BOS,Boston Celtic
255,Pervis Ellison,2300000.00,1990,1991,WAS,Washington Wizards
621,Pervis Ellison,2300000.00,1991,1992,WAS,Washington Wizards
993,Pervis Ellison,2300000.00,1992,1993,WAS,Washington Wizards
1385,Pervis Ellison,2300000.00,1993,1994,WAS,Washington Wizards
1739,Pervis Ellison,1100000.00,1994,1995,BOS,Boston Celtic
2110,Pervis Ellison,1430000.00,1995,1996,BOS,Boston Celtic
2495,Pervis Ellison,1760000.00,1996,1997,BOS,Boston Celtic
2869,Pervis Ellison,2090000.00,1997,1998,BOS,Boston Celtic
3260,Pervis Ellison,2420000.00,1998,1999,BOS,Boston Celtic
3601,Pervis Ellison,2750000.00,1999,2000,BOS,Boston Celtic
4013,Pervis Ellison,1000000.00,2000,2001,OKC,Oklahoma City Thunder
622,Pete Chilcutt,475000.00,1991,1992,SAC,Sacramento Kings
994,Pete Chilcutt,630000.00,1992,1993,SAC,Sacramento Kings
1386,Pete Chilcutt,760000.00,1993,1994,SAC,Sacramento Kings
1740,Pete Chilcutt,126300.00,1994,1995,HOU,Houston Rockets
2111,Pete Chilcutt,700000.00,1995,1996,HOU,Houston Rockets
2496,Pete Chilcutt,700000.00,1996,1997,MEM,Memphis Grizzlies
2870,Pete Chilcutt,700000.00,1997,1998,MEM,Memphis Grizzlies
3261,Pete Chilcutt,700000.00,1998,1999,MEM,Memphis Grizzlies
1387,Pete Myers,150000.00,1993,1994,CHI,Chicago Bulls
2112,Pete Myers,600000.00,1995,1996,MIA,Miami Heat
2871,Pete Myers,272250.00,1997,1998,NYK,New York Knicks
5725,Peter John Ramos,600000.00,2004,2005,WAS,Washington Wizards
6176,Peter John Ramos,660000.00,2005,2006,WAS,Washington Wizards
6561,Peter John Ramos,384776.00,2006,2007,WAS,Washington Wizards
10032,Peyton Siva,100000.00,2014,2015,ORL,Orlando Magic
10033,Phil Pressey,816482.00,2014,2015,BOS,Boston Celtic
10585,Phil Pressey,172739.00,2015,2016,PHI,Philadelphia 76ers
10586,Phil Pressey,111444.00,2015,2016,PHO,Phoenix Suns
11188,Phil Pressey,35000.00,2016,2017,GSW,Golden State Warriors
10034,Pierre Jackson,400000.00,2014,2015,PHI,Philadelphia 76ers
10587,Pierre Jackson,750000.00,2015,2016,PHI,Philadelphia 76ers
11189,Pierre Jackson,105498.00,2016,2017,DAL,Dallas Mavericks
256,Pooh Richardson,615000.00,1990,1991,MIN,Minnesota Timberwolves
623,Pooh Richardson,760000.00,1991,1992,MIN,Minnesota Timberwolves
995,Pooh Richardson,800000.00,1992,1993,IND,Indiana Pacers
1388,Pooh Richardson,1694000.00,1993,1994,IND,Indiana Pacers
1741,Pooh Richardson,2120700.00,1994,1995,LAC,Los Angeles Clippers
2113,Pooh Richardson,2521000.00,1995,1996,LAC,Los Angeles Clippers
2497,Pooh Richardson,2721000.00,1996,1997,LAC,Los Angeles Clippers
2872,Pooh Richardson,2820710.00,1997,1998,LAC,Los Angeles Clippers
3262,Pooh Richardson,3030000.00,1998,1999,LAC,Los Angeles Clippers
3602,Pooh Richardson,500000.00,1999,2000,LAC,Los Angeles Clippers
3603,Pooh Richardson,5882.00,1999,2000,DET,Detroit Pistons
1389,Popeye Jones,275000.00,1993,1994,DAL,Dallas Mavericks
1742,Popeye Jones,769000.00,1994,1995,DAL,Dallas Mavericks
2114,Popeye Jones,1425000.00,1995,1996,DAL,Dallas Mavericks
2498,Popeye Jones,1581000.00,1996,1997,TOR,Toronto Raptors 
2873,Popeye Jones,1886538.00,1997,1998,TOR,Toronto Raptors 
3263,Popeye Jones,2381000.00,1998,1999,BOS,Boston Celtic
3604,Popeye Jones,2531250.00,1999,2000,DEN,Denver Nuggets
4014,Popeye Jones,2812500.00,2000,2001,WAS,Washington Wizards
4452,Popeye Jones,1500000.00,2001,2002,WAS,Washington Wizards
4896,Popeye Jones,1030000.00,2002,2003,DAL,Dallas Mavericks
5308,Popeye Jones,1070000.00,2003,2004,GSW,Golden State Warriors
7832,Pops Mensah-Bonsu,242793.00,2009,2010,TOR,Toronto Raptors 
7833,Pops Mensah-Bonsu,87406.00,2009,2010,HOU,Houston Rockets
8254,Pops Mensah-Bonsu,364461.00,2010,2011,NOH,New Orleans Pelicans
4453,Predrag Drobnjak,478558.00,2001,2002,OKC,Oklahoma City Thunder
4897,Predrag Drobnjak,526413.00,2002,2003,OKC,Oklahoma City Thunder
5726,Predrag Drobnjak,2550000.00,2004,2005,ATL,Atlanta Hawks
4898,Predrag Savovic,349458.00,2002,2003,DEN,Denver Nuggets
2499,Priest Lauderdale,548000.00,1996,1997,ATL,Atlanta Hawks
2874,Priest Lauderdale,630000.00,1997,1998,DEN,Denver Nuggets
3264,Priest Lauderdale,712200.00,1998,1999,DEN,Denver Nuggets
4454,Primoz Brezec,749160.00,2001,2002,IND,Indiana Pacers
4899,Primoz Brezec,805320.00,2002,2003,IND,Indiana Pacers
5309,Primoz Brezec,861600.00,2003,2004,IND,Indiana Pacers
6973,Primoz Brezec,2750000.00,2007,2008,TOR,Toronto Raptors 
7834,Primoz Brezec,1107572.00,2009,2010,MIL,Milwaukee Bucks
11190,Prince Ibeh,31969.00,2016,2017,NJN,Brooklyn Nets
4015,Quentin Richardson,1020960.00,2000,2001,LAC,Los Angeles Clippers
4455,Quentin Richardson,1097520.00,2001,2002,LAC,Los Angeles Clippers
4900,Quentin Richardson,1174080.00,2002,2003,LAC,Los Angeles Clippers
5727,Quentin Richardson,5800000.00,2004,2005,PHO,Phoenix Suns
6177,Quentin Richardson,6940000.00,2005,2006,NYK,New York Knicks
6974,Quentin Richardson,8105500.00,2007,2008,NYK,New York Knicks
7381,Quentin Richardson,8685500.00,2008,2009,NYK,New York Knicks
7835,Quentin Richardson,9352400.00,2009,2010,MIA,Miami Heat
8255,Quentin Richardson,2265000.00,2010,2011,ORL,Orlando Magic
8700,Quentin Richardson,2446600.00,2011,2012,ORL,Orlando Magic
9137,Quentin Richardson,2627400.00,2012,2013,ORL,Orlando Magic
9534,Quentin Richardson,2808600.00,2013,2014,ORL,Orlando Magic
9535,Quentin Richardson,1399507.00,2013,2014,TOR,Toronto Raptors 
9138,Quincy Acy,665000.00,2012,2013,TOR,Toronto Raptors 
9536,Quincy Acy,788872.00,2013,2014,TOR,Toronto Raptors 
10035,Quincy Acy,915243.00,2014,2015,NYK,New York Knicks
10588,Quincy Acy,981348.00,2015,2016,SAC,Sacramento Kings
11191,Quincy Acy,1914544.00,2016,2017,NJN,Brooklyn Nets
11192,Quincy Acy,1050961.00,2016,2017,DAL,Dallas Mavericks
11722,Quincy Acy,1709538.00,2017,2018,NJN,Brooklyn Nets
6562,Quincy Douby,1240920.00,2006,2007,SAC,Sacramento Kings
7382,Quincy Douby,1427040.00,2008,2009,SAC,Sacramento Kings
7836,Quincy Douby,85519.00,2009,2010,TOR,Toronto Raptors 
11193,Quincy Ford,75000.00,2016,2017,UTA,Utah Jazz
4016,Quincy Lewis,1000440.00,2000,2001,UTA,Utah Jazz
4456,Quincy Lewis,1070280.00,2001,2002,UTA,Utah Jazz
5310,Quincy Lewis,202341.00,2003,2004,MIN,Minnesota Timberwolves
9139,Quincy Miller,473604.00,2012,2013,DEN,Denver Nuggets
9537,Quincy Miller,788872.00,2013,2014,DEN,Denver Nuggets
10036,Quincy Miller,150000.00,2014,2015,DEN,Denver Nuggets
10037,Quincy Miller,107676.00,2014,2015,DET,Detroit Pistons
10038,Quincy Miller,107676.00,2014,2015,SAC,Sacramento Kings
10589,Quincy Miller,50000.00,2015,2016,NJN,Brooklyn Nets
8256,Quincy Pondexter,1073280.00,2010,2011,NOH,New Orleans Pelicans
8701,Quincy Pondexter,1153800.00,2011,2012,MEM,Memphis Grizzlies
9140,Quincy Pondexter,1234320.00,2012,2013,MEM,Memphis Grizzlies
9538,Quincy Pondexter,2225479.00,2013,2014,MEM,Memphis Grizzlies
10039,Quincy Pondexter,3146068.00,2014,2015,NOH,New Orleans Pelicans
10590,Quincy Pondexter,3382023.00,2015,2016,NOH,New Orleans Pelicans
11194,Quincy Pondexter,3617978.00,2016,2017,NOH,New Orleans Pelicans
11723,Quincy Pondexter,3853931.00,2017,2018,CHI,Chicago Bulls
11195,Quinn Cook,79922.00,2016,2017,NOH,New Orleans Pelicans
11196,Quinn Cook,31969.00,2016,2017,DAL,Dallas Mavericks
11724,Quinn Cook,100000.00,2017,2018,ATL,Atlanta Hawks
11725,Quinn Cook,25000.00,2017,2018,NOH,New Orleans Pelicans
257,Quintin Dailey,425000.00,1990,1991,OKC,Oklahoma City Thunder
624,Quintin Dailey,425000.00,1991,1992,OKC,Oklahoma City Thunder
5728,Quinton Ross,620046.00,2004,2005,LAC,Los Angeles Clippers
6178,Quinton Ross,700000.00,2005,2006,LAC,Los Angeles Clippers
6563,Quinton Ross,771331.00,2006,2007,LAC,Los Angeles Clippers
6975,Quinton Ross,826046.00,2007,2008,LAC,Los Angeles Clippers
7383,Quinton Ross,854957.00,2008,2009,MEM,Memphis Grizzlies
7837,Quinton Ross,1033342.00,2009,2010,WAS,Washington Wizards
8257,Quinton Ross,1146337.00,2010,2011,NJN,Brooklyn Nets
4901,Qyntel Woods,980280.00,2002,2003,POR,Portland Trail Blazers
5311,Qyntel Woods,1053720.00,2003,2004,POR,Portland Trail Blazers
5729,Qyntel Woods,1127280.00,2004,2005,POR,Portland Trail Blazers
6179,Qyntel Woods,599834.00,2005,2006,NYK,New York Knicks
10591,R.J. Hunter,1148640.00,2015,2016,BOS,Boston Celtic
11197,R.J. Hunter,1200240.00,2016,2017,BOS,Boston Celtic
11198,R.J. Hunter,425000.00,2016,2017,CHI,Chicago Bulls
11726,Rade Zagorac,950000.00,2017,2018,MEM,Memphis Grizzlies
996,Radisav Curcic,140000.00,1992,1993,DAL,Dallas Mavericks
3265,Raef LaFrentz,2150000.00,1998,1999,DEN,Denver Nuggets
3605,Raef LaFrentz,2777160.00,1999,2000,DEN,Denver Nuggets
4017,Raef LaFrentz,2970840.00,2000,2001,DEN,Denver Nuggets
4457,Raef LaFrentz,3755142.00,2001,2002,DEN,Denver Nuggets
4902,Raef LaFrentz,7270000.00,2002,2003,DAL,Dallas Mavericks
5312,Raef LaFrentz,8178750.00,2003,2004,BOS,Boston Celtic
5730,Raef LaFrentz,9714538.00,2004,2005,BOS,Boston Celtic
6180,Raef LaFrentz,10623288.00,2005,2006,BOS,Boston Celtic
6564,Raef LaFrentz,11532037.00,2006,2007,POR,Portland Trail Blazers
6976,Raef LaFrentz,12440787.00,2007,2008,POR,Portland Trail Blazers
7384,Raef LaFrentz,12722500.00,2008,2009,POR,Portland Trail Blazers
625,Rafael Addison,311000.00,1991,1992,NJN,Brooklyn Nets
997,Rafael Addison,522000.00,1992,1993,NJN,Brooklyn Nets
1743,Rafael Addison,250000.00,1994,1995,DET,Detroit Pistons
2115,Rafael Addison,360000.00,1995,1996,CHA,Charlotte Hornets
5731,Rafael Araujo,2082720.00,2004,2005,TOR,Toronto Raptors 
6181,Rafael Araujo,2238960.00,2005,2006,TOR,Toronto Raptors 
3606,Rafer Alston,301875.00,1999,2000,MIL,Milwaukee Bucks
4018,Rafer Alston,423500.00,2000,2001,MIL,Milwaukee Bucks
4458,Rafer Alston,625000.00,2001,2002,MIL,Milwaukee Bucks
4903,Rafer Alston,37344.00,2002,2003,TOR,Toronto Raptors 
5313,Rafer Alston,688679.00,2003,2004,MIA,Miami Heat
5732,Rafer Alston,3500000.00,2004,2005,TOR,Toronto Raptors 
6182,Rafer Alston,3850000.00,2005,2006,HOU,Houston Rockets
6565,Rafer Alston,4200000.00,2006,2007,HOU,Houston Rockets
7385,Rafer Alston,4900000.00,2008,2009,ORL,Orlando Magic
7838,Rafer Alston,4300000.00,2009,2010,NJN,Brooklyn Nets
7839,Rafer Alston,753133.00,2009,2010,MIA,Miami Heat
4459,Raja Bell,540850.00,2001,2002,PHI,Philadelphia 76ers
4904,Raja Bell,612435.00,2002,2003,DAL,Dallas Mavericks
5314,Raja Bell,688679.00,2003,2004,UTA,Utah Jazz
5733,Raja Bell,1320000.00,2004,2005,UTA,Utah Jazz
6566,Raja Bell,4500000.00,2006,2007,PHO,Phoenix Suns
6977,Raja Bell,4750000.00,2007,2008,PHO,Phoenix Suns
7840,Raja Bell,5250000.00,2009,2010,GSW,Golden State Warriors
8258,Raja Bell,3000000.00,2010,2011,UTA,Utah Jazz
8702,Raja Bell,3240000.00,2011,2012,UTA,Utah Jazz
9141,Raja Bell,3480000.00,2012,2013,UTA,Utah Jazz
7386,Rajon Rondo,1315080.00,2008,2009,BOS,Boston Celtic
7841,Rajon Rondo,2094922.00,2009,2010,BOS,Boston Celtic
8259,Rajon Rondo,9090911.00,2010,2011,BOS,Boston Celtic
8703,Rajon Rondo,10045455.00,2011,2012,BOS,Boston Celtic
9539,Rajon Rondo,11954545.00,2013,2014,BOS,Boston Celtic
10040,Rajon Rondo,12909091.00,2014,2015,DAL,Dallas Mavericks
10592,Rajon Rondo,9500000.00,2015,2016,SAC,Sacramento Kings
11199,Rajon Rondo,14000000.00,2016,2017,CHI,Chicago Bulls
11727,Rajon Rondo,3300000.00,2017,2018,NOH,New Orleans Pelicans
11728,Rajon Rondo,3000000.00,2017,2018,CHI,Chicago Bulls
10593,Rakeem Christmas,1000000.00,2015,2016,IND,Indiana Pacers
11200,Rakeem Christmas,1052342.00,2016,2017,IND,Indiana Pacers
11729,Rakeem Christmas,172552.00,2017,2018,IND,Indiana Pacers
258,Ralph Sampson,2250000.00,1990,1991,SAC,Sacramento Kings
626,Ralph Sampson,2685000.00,1991,1992,SAC,Sacramento Kings
998,Ralph Sampson,2685000.00,1992,1993,SAC,Sacramento Kings
6978,Ramon Sessions,427163.00,2007,2008,MIL,Milwaukee Bucks
7387,Ramon Sessions,722517.00,2008,2009,MIL,Milwaukee Bucks
7842,Ramon Sessions,3670667.00,2009,2010,MIN,Minnesota Timberwolves
8260,Ramon Sessions,3964320.00,2010,2011,CLE,Cleveland Caveliers
8704,Ramon Sessions,4257973.00,2011,2012,CLE,Cleveland Caveliers
10041,Ramon Sessions,2077000.00,2014,2015,WAS,Washington Wizards
10594,Ramon Sessions,2170465.00,2015,2016,WAS,Washington Wizards
11201,Ramon Sessions,6000000.00,2016,2017,CHA,Charlotte Hornets
11730,Ramon Sessions,2328652.00,2017,2018,NYK,New York Knicks
3266,Randell Jackson,287500.00,1998,1999,WAS,Washington Wizards
3607,Randell Jackson,115500.00,1999,2000,DAL,Dallas Mavericks
2116,Randolph Childress,682000.00,1995,1996,POR,Portland Trail Blazers
2500,Randolph Childress,784000.00,1996,1997,POR,Portland Trail Blazers
2875,Randolph Childress,760000.00,1997,1998,DET,Detroit Pistons
3267,Randolph Childress,866320.00,1998,1999,DET,Detroit Pistons
259,Randolph Keys,322000.00,1990,1991,CHA,Charlotte Hornets
2117,Randolph Keys,363000.00,1995,1996,MIL,Milwaukee Bucks
6979,Randolph Morris,810000.00,2007,2008,NYK,New York Knicks
7388,Randolph Morris,797581.00,2008,2009,ATL,Atlanta Hawks
7843,Randolph Morris,855189.00,2009,2010,ATL,Atlanta Hawks
260,Randy Breuer,1150000.00,1990,1991,MIN,Minnesota Timberwolves
627,Randy Breuer,1250000.00,1991,1992,MIN,Minnesota Timberwolves
1390,Randy Breuer,150000.00,1993,1994,SAC,Sacramento Kings
628,Randy Brown,210000.00,1991,1992,SAC,Sacramento Kings
999,Randy Brown,250000.00,1992,1993,SAC,Sacramento Kings
1391,Randy Brown,597000.00,1993,1994,SAC,Sacramento Kings
1744,Randy Brown,700000.00,1994,1995,SAC,Sacramento Kings
2118,Randy Brown,900000.00,1995,1996,CHI,Chicago Bulls
2501,Randy Brown,1300000.00,1996,1997,CHI,Chicago Bulls
2876,Randy Brown,1260000.00,1997,1998,CHI,Chicago Bulls
3268,Randy Brown,1320000.00,1998,1999,CHI,Chicago Bulls
4019,Randy Brown,2250000.00,2000,2001,BOS,Boston Celtic
4460,Randy Brown,2475000.00,2001,2002,BOS,Boston Celtic
4905,Randy Brown,2700000.00,2002,2003,PHO,Phoenix Suns
6567,Randy Foye,2448240.00,2006,2007,MIN,Minnesota Timberwolves
6980,Randy Foye,2631840.00,2007,2008,MIN,Minnesota Timberwolves
7389,Randy Foye,2815560.00,2008,2009,MIN,Minnesota Timberwolves
7844,Randy Foye,3575761.00,2009,2010,WAS,Washington Wizards
8261,Randy Foye,4250000.00,2010,2011,LAC,Los Angeles Clippers
8705,Randy Foye,4250000.00,2011,2012,LAC,Los Angeles Clippers
9142,Randy Foye,2500000.00,2012,2013,UTA,Utah Jazz
9540,Randy Foye,3000000.00,2013,2014,DEN,Denver Nuggets
10042,Randy Foye,3135000.00,2014,2015,DEN,Denver Nuggets
10595,Randy Foye,3270000.00,2015,2016,OKC,Oklahoma City Thunder
11202,Randy Foye,2500000.00,2016,2017,NJN,Brooklyn Nets
6183,Randy Holcomb,52033.00,2005,2006,CHI,Chicago Bulls
2502,Randy Livingston,220000.00,1996,1997,HOU,Houston Rockets
3269,Randy Livingston,287500.00,1998,1999,PHO,Phoenix Suns
4020,Randy Livingston,20000.00,2000,2001,GSW,Golden State Warriors
261,Randy White,730000.00,1990,1991,DAL,Dallas Mavericks
629,Randy White,855000.00,1991,1992,DAL,Dallas Mavericks
1000,Randy White,930000.00,1992,1993,DAL,Dallas Mavericks
1392,Randy White,922000.00,1993,1994,DAL,Dallas Mavericks
262,Randy Wittman,500000.00,1990,1991,IND,Indiana Pacers
630,Randy Wittman,550000.00,1991,1992,IND,Indiana Pacers
1001,Randy Wittman,300000.00,1992,1993,IND,Indiana Pacers
1002,Randy Woods,500000.00,1992,1993,LAC,Los Angeles Clippers
1393,Randy Woods,650000.00,1993,1994,LAC,Los Angeles Clippers
1745,Randy Woods,800000.00,1994,1995,LAC,Los Angeles Clippers
2877,Randy Woods,500000.00,1997,1998,DEN,Denver Nuggets
6184,Rashad McCants,1538400.00,2005,2006,MIN,Minnesota Timberwolves
6568,Rashad McCants,1653720.00,2006,2007,MIN,Minnesota Timberwolves
6981,Rashad McCants,1769160.00,2007,2008,MIN,Minnesota Timberwolves
7390,Rashad McCants,2620126.00,2008,2009,SAC,Sacramento Kings
10596,Rashad Vaughn,1733040.00,2015,2016,MIL,Milwaukee Bucks
11203,Rashad Vaughn,1811040.00,2016,2017,MIL,Milwaukee Bucks
11731,Rashad Vaughn,1889040.00,2017,2018,MIL,Milwaukee Bucks
3270,Rashard Lewis,287500.00,1998,1999,OKC,Oklahoma City Thunder
3608,Rashard Lewis,385000.00,1999,2000,OKC,Oklahoma City Thunder
4021,Rashard Lewis,3920000.00,2000,2001,OKC,Oklahoma City Thunder
4461,Rashard Lewis,4413375.00,2001,2002,OKC,Oklahoma City Thunder
4906,Rashard Lewis,6233766.00,2002,2003,OKC,Oklahoma City Thunder
5315,Rashard Lewis,7012987.00,2003,2004,OKC,Oklahoma City Thunder
5734,Rashard Lewis,7792208.00,2004,2005,OKC,Oklahoma City Thunder
6185,Rashard Lewis,8571429.00,2005,2006,OKC,Oklahoma City Thunder
6569,Rashard Lewis,9350649.00,2006,2007,OKC,Oklahoma City Thunder
6982,Rashard Lewis,14880000.00,2007,2008,ORL,Orlando Magic
7391,Rashard Lewis,16447871.00,2008,2009,ORL,Orlando Magic
7845,Rashard Lewis,18876000.00,2009,2010,ORL,Orlando Magic
8262,Rashard Lewis,19573711.00,2010,2011,WAS,Washington Wizards
8706,Rashard Lewis,21136631.00,2011,2012,WAS,Washington Wizards
9143,Rashard Lewis,13700000.00,2012,2013,NOH,New Orleans Pelicans
9144,Rashard Lewis,1352181.00,2012,2013,MIA,Miami Heat
9541,Rashard Lewis,1399507.00,2013,2014,MIA,Miami Heat
2119,Rasheed Wallace,1493000.00,1995,1996,WAS,Washington Wizards
2503,Rasheed Wallace,2060000.00,1996,1997,POR,Portland Trail Blazers
2878,Rasheed Wallace,2329080.00,1997,1998,POR,Portland Trail Blazers
4022,Rasheed Wallace,12600000.00,2000,2001,POR,Portland Trail Blazers
4462,Rasheed Wallace,14400000.00,2001,2002,POR,Portland Trail Blazers
4907,Rasheed Wallace,16200000.00,2002,2003,POR,Portland Trail Blazers
5316,Rasheed Wallace,17000000.00,2003,2004,POR,Portland Trail Blazers
5735,Rasheed Wallace,9720000.00,2004,2005,DET,Detroit Pistons
6186,Rasheed Wallace,10860000.00,2005,2006,DET,Detroit Pistons
6570,Rasheed Wallace,11650000.00,2006,2007,DET,Detroit Pistons
6983,Rasheed Wallace,12540000.00,2007,2008,DET,Detroit Pistons
7392,Rasheed Wallace,13930000.00,2008,2009,DET,Detroit Pistons
7846,Rasheed Wallace,5854000.00,2009,2010,BOS,Boston Celtic
8263,Rasheed Wallace,6322320.00,2010,2011,BOS,Boston Celtic
9145,Rasheed Wallace,1352181.00,2012,2013,NYK,New York Knicks
3609,Rasho Nesterovic,1050240.00,1999,2000,MIN,Minnesota Timberwolves
4023,Rasho Nesterovic,1123560.00,2000,2001,MIN,Minnesota Timberwolves
4463,Rasho Nesterovic,1725788.00,2001,2002,MIN,Minnesota Timberwolves
4908,Rasho Nesterovic,2436813.00,2002,2003,MIN,Minnesota Timberwolves
5317,Rasho Nesterovic,5600000.00,2003,2004,SAS,San Antonio Spurs
6571,Rasho Nesterovic,7280000.00,2006,2007,TOR,Toronto Raptors 
6984,Rasho Nesterovic,7840000.00,2007,2008,TOR,Toronto Raptors 
7393,Rasho Nesterovic,8400000.00,2008,2009,IND,Indiana Pacers
7847,Rasho Nesterovic,1990000.00,2009,2010,TOR,Toronto Raptors 
2120,Rastko Cvetkovic,200000.00,1995,1996,DEN,Denver Nuggets
4909,Rasual Butler,349458.00,2002,2003,MIA,Miami Heat
5318,Rasual Butler,563679.00,2003,2004,MIA,Miami Heat
5736,Rasual Butler,1200000.00,2004,2005,MIA,Miami Heat
6187,Rasual Butler,1300000.00,2005,2006,NOH,New Orleans Pelicans
6572,Rasual Butler,3000000.00,2006,2007,NOH,New Orleans Pelicans
6985,Rasual Butler,3315000.00,2007,2008,NOH,New Orleans Pelicans
7394,Rasual Butler,3630000.00,2008,2009,NOH,New Orleans Pelicans
7848,Rasual Butler,3945000.00,2009,2010,LAC,Los Angeles Clippers
8264,Rasual Butler,2400000.00,2010,2011,LAC,Los Angeles Clippers
8707,Rasual Butler,1229255.00,2011,2012,TOR,Toronto Raptors 
10043,Rasual Butler,1448490.00,2014,2015,WAS,Washington Wizards
10597,Rasual Butler,1499187.00,2015,2016,SAS,San Antonio Spurs
4464,Ratko Varda,332817.00,2001,2002,DET,Detroit Pistons
4910,Ratko Varda,124984.00,2002,2003,WAS,Washington Wizards
4911,Raul Lopez,578160.00,2002,2003,UTA,Utah Jazz
5319,Raul Lopez,621520.00,2003,2004,UTA,Utah Jazz
5737,Raul Lopez,997320.00,2004,2005,UTA,Utah Jazz
6188,Raul Lopez,1744313.00,2005,2006,MEM,Memphis Grizzlies
10598,Raul Neto,1000000.00,2015,2016,UTA,Utah Jazz
11204,Raul Neto,937800.00,2016,2017,UTA,Utah Jazz
11732,Raul Neto,1471382.00,2017,2018,UTA,Utah Jazz
6189,Rawle Marshall,398762.00,2005,2006,DAL,Dallas Mavericks
2504,Ray Allen,1785000.00,1996,1997,MIL,Milwaukee Bucks
2879,Ray Allen,2052360.00,1997,1998,MIL,Milwaukee Bucks
3271,Ray Allen,2320000.00,1998,1999,MIL,Milwaukee Bucks
3610,Ray Allen,9000000.00,1999,2000,MIL,Milwaukee Bucks
4024,Ray Allen,10130000.00,2000,2001,MIL,Milwaukee Bucks
4465,Ray Allen,11250000.00,2001,2002,MIL,Milwaukee Bucks
4912,Ray Allen,12375000.00,2002,2003,MIL,Milwaukee Bucks
5320,Ray Allen,13500000.00,2003,2004,OKC,Oklahoma City Thunder
5738,Ray Allen,14625000.00,2004,2005,OKC,Oklahoma City Thunder
6190,Ray Allen,13223140.00,2005,2006,OKC,Oklahoma City Thunder
6573,Ray Allen,14611570.00,2006,2007,OKC,Oklahoma City Thunder
7395,Ray Allen,18388430.00,2008,2009,BOS,Boston Celtic
7849,Ray Allen,18776860.00,2009,2010,BOS,Boston Celtic
8265,Ray Allen,10000000.00,2010,2011,BOS,Boston Celtic
8708,Ray Allen,10000000.00,2011,2012,BOS,Boston Celtic
9146,Ray Allen,3090000.00,2012,2013,MIA,Miami Heat
9542,Ray Allen,3229050.00,2013,2014,MIA,Miami Heat
10044,Ray McCallum,816482.00,2014,2015,SAC,Sacramento Kings
10599,Ray McCallum,947276.00,2015,2016,SAS,San Antonio Spurs
10600,Ray McCallum,111444.00,2015,2016,MEM,Memphis Grizzlies
11205,Ray McCallum,119494.00,2016,2017,CHA,Charlotte Hornets
11206,Ray McCallum,11949.00,2016,2017,DET,Detroit Pistons
2505,Ray Owes,220000.00,1996,1997,GSW,Golden State Warriors
8266,Raymond Felton,7500000.00,2010,2011,DEN,Denver Nuggets
8709,Raymond Felton,7560000.00,2011,2012,POR,Portland Trail Blazers
9147,Raymond Felton,3480453.00,2012,2013,NYK,New York Knicks
9543,Raymond Felton,3637073.00,2013,2014,NYK,New York Knicks
10045,Raymond Felton,3793693.00,2014,2015,DAL,Dallas Mavericks
10601,Raymond Felton,3950313.00,2015,2016,DAL,Dallas Mavericks
11207,Raymond Felton,1551659.00,2016,2017,LAC,Los Angeles Clippers
11733,Raymond Felton,2328652.00,2017,2018,OKC,Oklahoma City Thunder
5321,Reece Gaines,1353120.00,2003,2004,ORL,Orlando Magic
5739,Reece Gaines,1454640.00,2004,2005,HOU,Houston Rockets
6191,Reece Gaines,1556160.00,2005,2006,MIL,Milwaukee Bucks
9544,Reggie Bullock,1149000.00,2013,2014,LAC,Los Angeles Clippers
10046,Reggie Bullock,1200720.00,2014,2015,PHO,Phoenix Suns
10602,Reggie Bullock,1252440.00,2015,2016,DET,Detroit Pistons
11208,Reggie Bullock,2255644.00,2016,2017,DET,Detroit Pistons
11734,Reggie Bullock,2500000.00,2017,2018,DET,Detroit Pistons
4913,Reggie Evans,349458.00,2002,2003,OKC,Oklahoma City Thunder
5322,Reggie Evans,700000.00,2003,2004,OKC,Oklahoma City Thunder
5740,Reggie Evans,880000.00,2004,2005,OKC,Oklahoma City Thunder
6192,Reggie Evans,1100000.00,2005,2006,OKC,Oklahoma City Thunder
7396,Reggie Evans,4640000.00,2008,2009,PHI,Philadelphia 76ers
7850,Reggie Evans,4960000.00,2009,2010,TOR,Toronto Raptors 
8267,Reggie Evans,5080000.00,2010,2011,TOR,Toronto Raptors 
8710,Reggie Evans,1229255.00,2011,2012,LAC,Los Angeles Clippers
9148,Reggie Evans,1622617.00,2012,2013,NJN,Brooklyn Nets
9545,Reggie Evans,1695635.00,2013,2014,NJN,Brooklyn Nets
10047,Reggie Evans,1768653.00,2014,2015,SAC,Sacramento Kings
2506,Reggie Geary,220000.00,1996,1997,CLE,Cleveland Caveliers
2880,Reggie Geary,272250.00,1997,1998,SAS,San Antonio Spurs
8711,Reggie Jackson,1156320.00,2011,2012,OKC,Oklahoma City Thunder
9149,Reggie Jackson,1243080.00,2012,2013,OKC,Oklahoma City Thunder
9546,Reggie Jackson,1260360.00,2013,2014,OKC,Oklahoma City Thunder
10048,Reggie Jackson,2204370.00,2014,2015,DET,Detroit Pistons
10603,Reggie Jackson,14000000.00,2015,2016,DET,Detroit Pistons
11209,Reggie Jackson,14956522.00,2016,2017,DET,Detroit Pistons
11735,Reggie Jackson,16000000.00,2017,2018,DET,Detroit Pistons
2507,Reggie Jordan,247500.00,1996,1997,POR,Portland Trail Blazers
2881,Reggie Jordan,272250.00,1997,1998,MIN,Minnesota Timberwolves
3611,Reggie Jordan,510000.00,1999,2000,WAS,Washington Wizards
263,Reggie Lewis,400000.00,1990,1991,BOS,Boston Celtic
631,Reggie Lewis,3340000.00,1991,1992,BOS,Boston Celtic
1003,Reggie Lewis,3320000.00,1992,1993,BOS,Boston Celtic
264,Reggie Miller,654000.00,1990,1991,IND,Indiana Pacers
632,Reggie Miller,3211000.00,1991,1992,IND,Indiana Pacers
1004,Reggie Miller,3211000.00,1992,1993,IND,Indiana Pacers
1394,Reggie Miller,3011000.00,1993,1994,IND,Indiana Pacers
2121,Reggie Miller,3211000.00,1995,1996,IND,Indiana Pacers
2508,Reggie Miller,11250000.00,1996,1997,IND,Indiana Pacers
4025,Reggie Miller,10670000.00,2000,2001,IND,Indiana Pacers
4466,Reggie Miller,12045075.00,2001,2002,IND,Indiana Pacers
4914,Reggie Miller,12046473.00,2002,2003,IND,Indiana Pacers
5323,Reggie Miller,5000000.00,2003,2004,IND,Indiana Pacers
5741,Reggie Miller,5500000.00,2004,2005,IND,Indiana Pacers
6193,Reggie Miller,6000000.00,2005,2006,IND,Indiana Pacers
1746,Reggie Slater,150000.00,1994,1995,DEN,Denver Nuggets
2882,Reggie Slater,350000.00,1997,1998,TOR,Toronto Raptors 
4026,Reggie Slater,673500.00,2000,2001,MIN,Minnesota Timberwolves
4467,Reggie Slater,523793.00,2001,2002,ATL,Atlanta Hawks
4468,Reggie Slater,122218.00,2001,2002,NJN,Brooklyn Nets
4915,Reggie Slater,321926.00,2002,2003,MIN,Minnesota Timberwolves
1005,Reggie Smith,275000.00,1992,1993,POR,Portland Trail Blazers
1395,Reggie Smith,358000.00,1993,1994,POR,Portland Trail Blazers
265,Reggie Theus,765000.00,1990,1991,NJN,Brooklyn Nets
633,Reggie Williams,425000.00,1991,1992,DEN,Denver Nuggets
1006,Reggie Williams,985000.00,1992,1993,DEN,Denver Nuggets
1396,Reggie Williams,1258000.00,1993,1994,DEN,Denver Nuggets
1747,Reggie Williams,1567500.00,1994,1995,DEN,Denver Nuggets
2122,Reggie Williams,1853000.00,1995,1996,DEN,Denver Nuggets
2509,Reggie Williams,2048000.00,1996,1997,NJN,Brooklyn Nets
8268,Reggie Williams,762195.00,2010,2011,GSW,Golden State Warriors
9547,Reggie Williams,947907.00,2013,2014,HOU,Houston Rockets
10049,Reggie Williams,125104.00,2014,2015,SAS,San Antonio Spurs
11210,Reggie Williams,252676.00,2016,2017,NOH,New Orleans Pelicans
11211,Reggie Williams,50000.00,2016,2017,OKC,Oklahoma City Thunder
6986,Renaldo Balkman,1280640.00,2007,2008,NYK,New York Knicks
7397,Renaldo Balkman,1369920.00,2008,2009,DEN,Denver Nuggets
7851,Renaldo Balkman,2112417.00,2009,2010,DEN,Denver Nuggets
8269,Renaldo Balkman,1675000.00,2010,2011,NYK,New York Knicks
8712,Renaldo Balkman,1675000.00,2011,2012,NYK,New York Knicks
9150,Renaldo Balkman,1675000.00,2012,2013,NYK,New York Knicks
6574,Renaldo Major,20133.00,2006,2007,GSW,Golden State Warriors
266,Rex Chapman,675000.00,1990,1991,CHA,Charlotte Hornets
634,Rex Chapman,940000.00,1991,1992,CHA,Charlotte Hornets
1007,Rex Chapman,2004000.00,1992,1993,WAS,Washington Wizards
1397,Rex Chapman,2004000.00,1993,1994,WAS,Washington Wizards
1748,Rex Chapman,2004500.00,1994,1995,WAS,Washington Wizards
2123,Rex Chapman,2004000.00,1995,1996,MIA,Miami Heat
2510,Rex Chapman,247500.00,1996,1997,PHO,Phoenix Suns
2883,Rex Chapman,326700.00,1997,1998,PHO,Phoenix Suns
3272,Rex Chapman,2800000.00,1998,1999,PHO,Phoenix Suns
4027,Rex Chapman,3500000.00,2000,2001,PHO,Phoenix Suns
4469,Rex Chapman,3850000.00,2001,2002,PHO,Phoenix Suns
1398,Rex Walters,650000.00,1993,1994,NJN,Brooklyn Nets
2124,Rex Walters,1040000.00,1995,1996,PHI,Philadelphia 76ers
2511,Rex Walters,1235000.00,1996,1997,PHI,Philadelphia 76ers
2884,Rex Walters,1430000.00,1997,1998,PHI,Philadelphia 76ers
3273,Rex Walters,1625000.00,1998,1999,PHI,Philadelphia 76ers
3274,Rex Walters,537500.00,1998,1999,MIA,Miami Heat
635,Rich King,600000.00,1991,1992,OKC,Oklahoma City Thunder
1008,Rich King,600000.00,1992,1993,OKC,Oklahoma City Thunder
1399,Rich King,700000.00,1993,1994,OKC,Oklahoma City Thunder
1749,Rich King,800000.00,1994,1995,OKC,Oklahoma City Thunder
2512,Rich Manning,247500.00,1996,1997,MEM,Memphis Grizzlies
267,Richard Coffey,150000.00,1990,1991,MIN,Minnesota Timberwolves
1009,Richard Dumas,140000.00,1992,1993,PHO,Phoenix Suns
1400,Richard Dumas,1300000.00,1993,1994,PHO,Phoenix Suns
2125,Richard Dumas,225000.00,1995,1996,PHI,Philadelphia 76ers
3612,Richard Hamilton,1836240.00,1999,2000,WAS,Washington Wizards
4028,Richard Hamilton,1973880.00,2000,2001,WAS,Washington Wizards
4470,Richard Hamilton,2111640.00,2001,2002,WAS,Washington Wizards
4916,Richard Hamilton,2681783.00,2002,2003,DET,Detroit Pistons
5324,Richard Hamilton,6500000.00,2003,2004,DET,Detroit Pistons
5742,Richard Hamilton,7812500.00,2004,2005,DET,Detroit Pistons
6194,Richard Hamilton,8625000.00,2005,2006,DET,Detroit Pistons
6575,Richard Hamilton,9187500.00,2006,2007,DET,Detroit Pistons
6987,Richard Hamilton,10000000.00,2007,2008,DET,Detroit Pistons
7398,Richard Hamilton,10812500.00,2008,2009,DET,Detroit Pistons
7852,Richard Hamilton,11625000.00,2009,2010,DET,Detroit Pistons
8713,Richard Hamilton,12500000.00,2011,2012,DET,Detroit Pistons
8714,Richard Hamilton,5000000.00,2011,2012,CHI,Chicago Bulls
9151,Richard Hamilton,5000000.00,2012,2013,CHI,Chicago Bulls
9548,Richard Hamilton,1000000.00,2013,2014,CHI,Chicago Bulls
4471,Richard Jefferson,1379400.00,2001,2002,NJN,Brooklyn Nets
4917,Richard Jefferson,1482840.00,2002,2003,NJN,Brooklyn Nets
5325,Richard Jefferson,1586280.00,2003,2004,NJN,Brooklyn Nets
5743,Richard Jefferson,2266794.00,2004,2005,NJN,Brooklyn Nets
6195,Richard Jefferson,10200000.00,2005,2006,NJN,Brooklyn Nets
6576,Richard Jefferson,11200000.00,2006,2007,NJN,Brooklyn Nets
6988,Richard Jefferson,12200000.00,2007,2008,NJN,Brooklyn Nets
7399,Richard Jefferson,13200000.00,2008,2009,MIL,Milwaukee Bucks
7853,Richard Jefferson,14200000.00,2009,2010,SAS,San Antonio Spurs
8270,Richard Jefferson,8400000.00,2010,2011,SAS,San Antonio Spurs
8715,Richard Jefferson,9282000.00,2011,2012,SAS,San Antonio Spurs
9152,Richard Jefferson,10164000.00,2012,2013,GSW,Golden State Warriors
9549,Richard Jefferson,11046000.00,2013,2014,UTA,Utah Jazz
10050,Richard Jefferson,1448490.00,2014,2015,DAL,Dallas Mavericks
10604,Richard Jefferson,1499000.00,2015,2016,CLE,Cleveland Caveliers
11212,Richard Jefferson,2500000.00,2016,2017,CLE,Cleveland Caveliers
11736,Richard Jefferson,2500000.00,2017,2018,ATL,Atlanta Hawks
11737,Richard Jefferson,2328652.00,2017,2018,DEN,Denver Nuggets
1401,Richard Petruska,150000.00,1993,1994,HOU,Houston Rockets
1750,Richard Petruska,55000.00,1994,1995,HOU,Houston Rockets
10605,Richaun Holmes,1050000.00,2015,2016,PHI,Philadelphia 76ers
11213,Richaun Holmes,1025831.00,2016,2017,PHI,Philadelphia 76ers
11738,Richaun Holmes,1471382.00,2017,2018,PHI,Philadelphia 76ers
5326,Richie Frahm,366931.00,2003,2004,OKC,Oklahoma City Thunder
5744,Richie Frahm,695046.00,2004,2005,POR,Portland Trail Blazers
6196,Richie Frahm,719373.00,2005,2006,MIN,Minnesota Timberwolves
6989,Richie Frahm,623694.00,2007,2008,LAC,Los Angeles Clippers
2885,Rick Brunson,5000.00,1997,1998,ORL,Orlando Magic
3275,Rick Brunson,350000.00,1998,1999,NYK,New York Knicks
4029,Rick Brunson,16000.00,2000,2001,MIA,Miami Heat
4472,Rick Brunson,590850.00,2001,2002,POR,Portland Trail Blazers
4918,Rick Brunson,699935.00,2002,2003,CHI,Chicago Bulls
5327,Rick Brunson,813679.00,2003,2004,CHI,Chicago Bulls
5745,Rick Brunson,932546.00,2004,2005,LAC,Los Angeles Clippers
6197,Rick Brunson,1029873.00,2005,2006,OKC,Oklahoma City Thunder
268,Rick Calloway,125000.00,1990,1991,SAC,Sacramento Kings
636,Rick Fox,525000.00,1991,1992,BOS,Boston Celtic
1010,Rick Fox,650000.00,1992,1993,BOS,Boston Celtic
1402,Rick Fox,755000.00,1993,1994,BOS,Boston Celtic
1751,Rick Fox,1750000.00,1994,1995,BOS,Boston Celtic
2126,Rick Fox,1750000.00,1995,1996,BOS,Boston Celtic
2513,Rick Fox,1750000.00,1996,1997,BOS,Boston Celtic
2886,Rick Fox,1000000.00,1997,1998,LAL,Los Angeles Lakers
3276,Rick Fox,1750000.00,1998,1999,LAL,Los Angeles Lakers
3613,Rick Fox,3033000.00,1999,2000,LAL,Los Angeles Lakers
4030,Rick Fox,3400000.00,2000,2001,LAL,Los Angeles Lakers
4473,Rick Fox,3791250.00,2001,2002,LAL,Los Angeles Lakers
4919,Rick Fox,4340231.00,2002,2003,LAL,Los Angeles Lakers
5328,Rick Fox,4734797.00,2003,2004,LAL,Los Angeles Lakers
5746,Rick Fox,4800000.00,2004,2005,BOS,Boston Celtic
3614,Rick Hughes,115423.00,1999,2000,DAL,Dallas Mavericks
269,Rick Mahorn,1330000.00,1990,1991,PHI,Philadelphia 76ers
1011,Rick Mahorn,500000.00,1992,1993,NJN,Brooklyn Nets
1403,Rick Mahorn,650000.00,1993,1994,NJN,Brooklyn Nets
2127,Rick Mahorn,400000.00,1995,1996,NJN,Brooklyn Nets
2514,Rick Mahorn,400000.00,1996,1997,DET,Detroit Pistons
2887,Rick Mahorn,480000.00,1997,1998,DET,Detroit Pistons
3277,Rick Mahorn,1000000.00,1998,1999,PHI,Philadelphia 76ers
3615,Rick Mahorn,510000.00,1999,2000,PHI,Philadelphia 76ers
270,Rickey Green,120000.00,1990,1991,PHI,Philadelphia 76ers
637,Rickey Green,315000.00,1991,1992,BOS,Boston Celtic
638,Rickey Green,130000.00,1991,1992,PHI,Philadelphia 76ers
1012,Ricky Blanton,8000.00,1992,1993,CHI,Chicago Bulls
3278,Ricky Davis,680000.00,1998,1999,CHA,Charlotte Hornets
4031,Ricky Davis,939360.00,2000,2001,MIA,Miami Heat
4474,Ricky Davis,1496400.00,2001,2002,CLE,Cleveland Caveliers
4920,Ricky Davis,4546000.00,2002,2003,CLE,Cleveland Caveliers
5329,Ricky Davis,5000600.00,2003,2004,BOS,Boston Celtic
5747,Ricky Davis,5455200.00,2004,2005,BOS,Boston Celtic
6198,Ricky Davis,5909800.00,2005,2006,BOS,Boston Celtic
6577,Ricky Davis,6364400.00,2006,2007,MIN,Minnesota Timberwolves
6990,Ricky Davis,6819000.00,2007,2008,MIA,Miami Heat
7400,Ricky Davis,2300000.00,2008,2009,LAC,Los Angeles Clippers
7854,Ricky Davis,2484000.00,2009,2010,LAC,Los Angeles Clippers
10051,Ricky Ledo,816482.00,2014,2015,DAL,Dallas Mavericks
10052,Ricky Ledo,96056.00,2014,2015,NYK,New York Knicks
271,Ricky Pierce,1100000.00,1990,1991,OKC,Oklahoma City Thunder
639,Ricky Pierce,1750000.00,1991,1992,OKC,Oklahoma City Thunder
1013,Ricky Pierce,2000000.00,1992,1993,OKC,Oklahoma City Thunder
1404,Ricky Pierce,2100000.00,1993,1994,OKC,Oklahoma City Thunder
1752,Ricky Pierce,2500000.00,1994,1995,GSW,Golden State Warriors
2128,Ricky Pierce,1000000.00,1995,1996,IND,Indiana Pacers
2515,Ricky Pierce,1200000.00,1996,1997,DEN,Denver Nuggets
3616,Ricky Pierce,510000.00,1999,2000,MIL,Milwaukee Bucks
8716,Ricky Rubio,3480120.00,2011,2012,MIN,Minnesota Timberwolves
9153,Ricky Rubio,3741120.00,2012,2013,MIN,Minnesota Timberwolves
9550,Ricky Rubio,4002120.00,2013,2014,MIN,Minnesota Timberwolves
10053,Ricky Rubio,5070686.00,2014,2015,MIN,Minnesota Timberwolves
10606,Ricky Rubio,12365000.00,2015,2016,MIN,Minnesota Timberwolves
11214,Ricky Rubio,13550000.00,2016,2017,MIN,Minnesota Timberwolves
11739,Ricky Rubio,14275000.00,2017,2018,UTA,Utah Jazz
272,Rik Smits,1350000.00,1990,1991,IND,Indiana Pacers
640,Rik Smits,1350000.00,1991,1992,IND,Indiana Pacers
1014,Rik Smits,2000000.00,1992,1993,IND,Indiana Pacers
1405,Rik Smits,2500000.00,1993,1994,IND,Indiana Pacers
2129,Rik Smits,3750000.00,1995,1996,IND,Indiana Pacers
2516,Rik Smits,4000000.00,1996,1997,IND,Indiana Pacers
10054,Robbie Hummel,880000.00,2014,2015,MIN,Minnesota Timberwolves
11215,Robbie Hummel,150000.00,2016,2017,DEN,Denver Nuggets
4921,Robert Archibald,349458.00,2002,2003,MEM,Memphis Grizzlies
5330,Robert Archibald,563679.00,2003,2004,ORL,Orlando Magic
10055,Robert Covington,1000000.00,2014,2015,PHI,Philadelphia 76ers
10056,Robert Covington,150000.00,2014,2015,HOU,Houston Rockets
10607,Robert Covington,1000000.00,2015,2016,PHI,Philadelphia 76ers
11216,Robert Covington,1015696.00,2016,2017,PHI,Philadelphia 76ers
11740,Robert Covington,16698103.00,2017,2018,PHI,Philadelphia 76ers
1406,Robert Horry,1200000.00,1993,1994,HOU,Houston Rockets
1753,Robert Horry,1499000.00,1994,1995,HOU,Houston Rockets
2130,Robert Horry,1601000.00,1995,1996,HOU,Houston Rockets
2517,Robert Horry,1703000.00,1996,1997,PHO,Phoenix Suns
2888,Robert Horry,6000000.00,1997,1998,LAL,Los Angeles Lakers
3279,Robert Horry,5000000.00,1998,1999,LAL,Los Angeles Lakers
3617,Robert Horry,4800000.00,1999,2000,LAL,Los Angeles Lakers
4032,Robert Horry,4800000.00,2000,2001,LAL,Los Angeles Lakers
4475,Robert Horry,5300000.00,2001,2002,LAL,Los Angeles Lakers
4922,Robert Horry,5300000.00,2002,2003,LAL,Los Angeles Lakers
5331,Robert Horry,4500000.00,2003,2004,SAS,San Antonio Spurs
6578,Robert Horry,3315000.00,2006,2007,SAS,San Antonio Spurs
6991,Robert Horry,3630000.00,2007,2008,SAS,San Antonio Spurs
641,Robert Pack,130000.00,1991,1992,POR,Portland Trail Blazers
1015,Robert Pack,250000.00,1992,1993,DEN,Denver Nuggets
1407,Robert Pack,400000.00,1993,1994,DEN,Denver Nuggets
1754,Robert Pack,1059500.00,1994,1995,DEN,Denver Nuggets
2131,Robert Pack,1304000.00,1995,1996,WAS,Washington Wizards
2518,Robert Pack,2700000.00,1996,1997,NJN,Brooklyn Nets
3280,Robert Pack,3780000.00,1998,1999,DAL,Dallas Mavericks
3618,Robert Pack,4050000.00,1999,2000,DAL,Dallas Mavericks
4033,Robert Pack,4320000.00,2000,2001,DEN,Denver Nuggets
5332,Robert Pack,965610.00,2003,2004,NJN,Brooklyn Nets
273,Robert Parish,2500000.00,1990,1991,BOS,Boston Celtic
642,Robert Parish,3000000.00,1991,1992,BOS,Boston Celtic
1016,Robert Parish,3513000.00,1992,1993,BOS,Boston Celtic
1408,Robert Parish,4000000.00,1993,1994,BOS,Boston Celtic
1755,Robert Parish,1925000.00,1994,1995,CHA,Charlotte Hornets
2132,Robert Parish,2500000.00,1995,1996,CHA,Charlotte Hornets
2519,Robert Parish,1000000.00,1996,1997,CHI,Chicago Bulls
2889,Robert Parish,1150000.00,1997,1998,CHI,Chicago Bulls
643,Robert Reid,130000.00,1991,1992,PHI,Philadelphia 76ers
9154,Robert Sacre,473604.00,2012,2013,LAL,Los Angeles Lakers
9551,Robert Sacre,788872.00,2013,2014,LAL,Los Angeles Lakers
10057,Robert Sacre,915243.00,2014,2015,LAL,Los Angeles Lakers
10608,Robert Sacre,981348.00,2015,2016,LAL,Los Angeles Lakers
5748,Robert Swift,1641360.00,2004,2005,OKC,Oklahoma City Thunder
6199,Robert Swift,1764480.00,2005,2006,OKC,Oklahoma City Thunder
6579,Robert Swift,1887600.00,2006,2007,OKC,Oklahoma City Thunder
6992,Robert Swift,2601113.00,2007,2008,OKC,Oklahoma City Thunder
7401,Robert Swift,3579131.00,2008,2009,OKC,Oklahoma City Thunder
3281,Robert Traylor,1590000.00,1998,1999,MIL,Milwaukee Bucks
3619,Robert Traylor,2059320.00,1999,2000,MIL,Milwaukee Bucks
4034,Robert Traylor,2203080.00,2000,2001,CLE,Cleveland Caveliers
4476,Robert Traylor,2793505.00,2001,2002,CHA,Charlotte Hornets
4923,Robert Traylor,750000.00,2002,2003,NOH,New Orleans Pelicans
5333,Robert Traylor,825000.00,2003,2004,NOH,New Orleans Pelicans
5749,Robert Traylor,1600000.00,2004,2005,CLE,Cleveland Caveliers
10609,Robert Upshaw,35000.00,2015,2016,LAL,Los Angeles Lakers
1017,Robert Werdann,145000.00,1992,1993,DEN,Denver Nuggets
1409,Robert Werdann,250000.00,1993,1994,DEN,Denver Nuggets
2133,Robert Werdann,225000.00,1995,1996,NJN,Brooklyn Nets
2520,Robert Werdann,166000.00,1996,1997,NJN,Brooklyn Nets
3620,Robert Werdann,7471.00,1999,2000,MEM,Memphis Grizzlies
6200,Robert Whaley,398762.00,2005,2006,UTA,Utah Jazz
6580,Robert Whaley,83026.00,2006,2007,TOR,Toronto Raptors 
7402,Robin Lopez,1623720.00,2008,2009,PHO,Phoenix Suns
7855,Robin Lopez,1745520.00,2009,2010,PHO,Phoenix Suns
8717,Robin Lopez,2862602.00,2011,2012,PHO,Phoenix Suns
9155,Robin Lopez,4899293.00,2012,2013,NOH,New Orleans Pelicans
9552,Robin Lopez,5904261.00,2013,2014,POR,Portland Trail Blazers
10058,Robin Lopez,6124728.00,2014,2015,POR,Portland Trail Blazers
10610,Robin Lopez,13000000.00,2015,2016,NYK,New York Knicks
11217,Robin Lopez,13219250.00,2016,2017,CHI,Chicago Bulls
11741,Robin Lopez,13788500.00,2017,2018,CHI,Chicago Bulls
274,Rod Higgins,500000.00,1990,1991,GSW,Golden State Warriors
644,Rod Higgins,550000.00,1991,1992,GSW,Golden State Warriors
1410,Rod Higgins,150000.00,1993,1994,SAC,Sacramento Kings
1756,Rod Higgins,15800.00,1994,1995,GSW,Golden State Warriors
275,Rod Strickland,400000.00,1990,1991,SAS,San Antonio Spurs
645,Rod Strickland,400000.00,1991,1992,SAS,San Antonio Spurs
1018,Rod Strickland,1200000.00,1992,1993,POR,Portland Trail Blazers
1411,Rod Strickland,1560000.00,1993,1994,POR,Portland Trail Blazers
1757,Rod Strickland,1920000.00,1994,1995,POR,Portland Trail Blazers
2134,Rod Strickland,2280000.00,1995,1996,POR,Portland Trail Blazers
2521,Rod Strickland,3036000.00,1996,1997,WAS,Washington Wizards
2890,Rod Strickland,3450000.00,1997,1998,WAS,Washington Wizards
3621,Rod Strickland,10000000.00,1999,2000,WAS,Washington Wizards
4035,Rod Strickland,10000000.00,2000,2001,WAS,Washington Wizards
4477,Rod Strickland,3750000.00,2001,2002,WAS,Washington Wizards
4478,Rod Strickland,1000000.00,2001,2002,MIA,Miami Heat
4924,Rod Strickland,1030000.00,2002,2003,MIN,Minnesota Timberwolves
5334,Rod Strickland,887317.00,2003,2004,ORL,Orlando Magic
4036,Rodney Buford,423500.00,2000,2001,CHA,Charlotte Hornets
4479,Rodney Buford,481488.00,2001,2002,MEM,Memphis Grizzlies
5335,Rodney Buford,145686.00,2003,2004,SAC,Sacramento Kings
5750,Rodney Buford,745046.00,2004,2005,NJN,Brooklyn Nets
6581,Rodney Carney,1439760.00,2006,2007,PHI,Philadelphia 76ers
7403,Rodney Carney,1655760.00,2008,2009,MIN,Minnesota Timberwolves
7856,Rodney Carney,855189.00,2009,2010,PHI,Philadelphia 76ers
8271,Rodney Carney,377116.00,2010,2011,GSW,Golden State Warriors
8272,Rodney Carney,274756.00,2010,2011,MEM,Memphis Grizzlies
10059,Rodney Hood,1290360.00,2014,2015,UTA,Utah Jazz
10611,Rodney Hood,1348440.00,2015,2016,UTA,Utah Jazz
11218,Rodney Hood,1406520.00,2016,2017,UTA,Utah Jazz
11742,Rodney Hood,2386864.00,2017,2018,UTA,Utah Jazz
276,Rodney McCray,985000.00,1990,1991,DAL,Dallas Mavericks
646,Rodney McCray,1025000.00,1991,1992,DAL,Dallas Mavericks
1019,Rodney McCray,1075000.00,1992,1993,CHI,Chicago Bulls
11219,Rodney McGruder,543471.00,2016,2017,MIA,Miami Heat
11743,Rodney McGruder,1312611.00,2017,2018,MIA,Miami Heat
647,Rodney Monroe,217000.00,1991,1992,ATL,Atlanta Hawks
1412,Rodney Rogers,150000.00,1993,1994,DEN,Denver Nuggets
1758,Rodney Rogers,1560000.00,1994,1995,DEN,Denver Nuggets
2135,Rodney Rogers,1920000.00,1995,1996,LAC,Los Angeles Clippers
2522,Rodney Rogers,2280000.00,1996,1997,LAC,Los Angeles Clippers
2891,Rodney Rogers,2640000.00,1997,1998,LAC,Los Angeles Clippers
3282,Rodney Rogers,3000000.00,1998,1999,LAC,Los Angeles Clippers
4037,Rodney Rogers,2200000.00,2000,2001,PHO,Phoenix Suns
4480,Rodney Rogers,2400000.00,2001,2002,PHO,Phoenix Suns
4925,Rodney Rogers,2796000.00,2002,2003,NJN,Brooklyn Nets
5336,Rodney Rogers,3075600.00,2003,2004,NJN,Brooklyn Nets
5751,Rodney Rogers,2700000.00,2004,2005,NOH,New Orleans Pelicans
6993,Rodney Stuckey,1569600.00,2007,2008,DET,Detroit Pistons
7404,Rodney Stuckey,1687320.00,2008,2009,DET,Detroit Pistons
7857,Rodney Stuckey,1805040.00,2009,2010,DET,Detroit Pistons
8718,Rodney Stuckey,8500000.00,2011,2012,DET,Detroit Pistons
9553,Rodney Stuckey,8500000.00,2013,2014,DET,Detroit Pistons
10060,Rodney Stuckey,1227985.00,2014,2015,IND,Indiana Pacers
10612,Rodney Stuckey,6500000.00,2015,2016,IND,Indiana Pacers
11220,Rodney Stuckey,7000000.00,2016,2017,IND,Indiana Pacers
4481,Rodney White,1693560.00,2001,2002,DET,Detroit Pistons
4926,Rodney White,1820520.00,2002,2003,DEN,Denver Nuggets
5337,Rodney White,1947600.00,2003,2004,DEN,Denver Nuggets
3283,Rodrick Rhodes,639300.00,1998,1999,MEM,Memphis Grizzlies
3622,Rodrick Rhodes,122000.00,1999,2000,PHI,Philadelphia 76ers
7858,Rodrigue Beaubois,1075440.00,2009,2010,DAL,Dallas Mavericks
8273,Rodrigue Beaubois,1156080.00,2010,2011,DAL,Dallas Mavericks
8719,Rodrigue Beaubois,1236720.00,2011,2012,DAL,Dallas Mavericks
9156,Rodrigue Beaubois,2227333.00,2012,2013,DAL,Dallas Mavericks
4927,Roger Mason,349458.00,2002,2003,CHI,Chicago Bulls
5338,Roger Mason,563679.00,2003,2004,TOR,Toronto Raptors 
5752,Roger Mason,203428.00,2004,2005,TOR,Toronto Raptors 
6582,Roger Mason,744551.00,2006,2007,WAS,Washington Wizards
6994,Roger Mason,798328.00,2007,2008,WAS,Washington Wizards
7405,Roger Mason,3500000.00,2008,2009,SAS,San Antonio Spurs
7859,Roger Mason,3780000.00,2009,2010,SAS,San Antonio Spurs
8274,Roger Mason,1400000.00,2010,2011,NYK,New York Knicks
8720,Roger Mason,1146337.00,2011,2012,WAS,Washington Wizards
9157,Roger Mason,1223116.00,2012,2013,NOH,New Orleans Pelicans
7406,Roko Ukic,1250000.00,2008,2009,TOR,Toronto Raptors 
7860,Roko Ukic,303232.00,2009,2010,MIL,Milwaukee Bucks
277,Rolando Blackman,1650000.00,1990,1991,DAL,Dallas Mavericks
648,Rolando Blackman,1920000.00,1991,1992,DAL,Dallas Mavericks
1020,Rolando Blackman,1500000.00,1992,1993,NYK,New York Knicks
1413,Rolando Blackman,1995000.00,1993,1994,NYK,New York Knicks
1759,Rolando Blackman,1340000.00,1994,1995,NYK,New York Knicks
278,Ron Anderson,425000.00,1990,1991,PHI,Philadelphia 76ers
649,Ron Anderson,1000000.00,1991,1992,PHI,Philadelphia 76ers
1021,Ron Anderson,950000.00,1992,1993,PHI,Philadelphia 76ers
1414,Ron Anderson,300000.00,1993,1994,PHI,Philadelphia 76ers
11221,Ron Baker,543471.00,2016,2017,NYK,New York Knicks
11744,Ron Baker,4328000.00,2017,2018,NYK,New York Knicks
1022,Ron Grandison,15000.00,1992,1993,ORL,Orlando Magic
1760,Ron Grandison,150000.00,1994,1995,NYK,New York Knicks
2136,Ron Grandison,225000.00,1995,1996,MIA,Miami Heat
2892,Ron Grandison,272250.00,1997,1998,NYK,New York Knicks
279,Ron Harper,1365000.00,1990,1991,LAC,Los Angeles Clippers
650,Ron Harper,1650000.00,1991,1992,LAC,Los Angeles Clippers
1023,Ron Harper,2220000.00,1992,1993,LAC,Los Angeles Clippers
1415,Ron Harper,4000000.00,1993,1994,LAC,Los Angeles Clippers
2137,Ron Harper,3120000.00,1995,1996,CHI,Chicago Bulls
2523,Ron Harper,3840000.00,1996,1997,CHI,Chicago Bulls
2893,Ron Harper,4560000.00,1997,1998,CHI,Chicago Bulls
3284,Ron Harper,5280000.00,1998,1999,CHI,Chicago Bulls
3623,Ron Harper,2000000.00,1999,2000,LAL,Los Angeles Lakers
4038,Ron Harper,2200000.00,2000,2001,LAL,Los Angeles Lakers
2894,Ron Mercer,1768320.00,1997,1998,BOS,Boston Celtic
3285,Ron Mercer,2033000.00,1998,1999,BOS,Boston Celtic
4039,Ron Mercer,5520000.00,2000,2001,CHI,Chicago Bulls
4482,Ron Mercer,6750000.00,2001,2002,CHI,Chicago Bulls
4928,Ron Mercer,6750000.00,2002,2003,IND,Indiana Pacers
5339,Ron Mercer,6750000.00,2003,2004,SAS,San Antonio Spurs
5753,Ron Mercer,1600000.00,2004,2005,NJN,Brooklyn Nets
6201,Ron Mercer,1760000.00,2005,2006,NJN,Brooklyn Nets
5754,Ronald Dupree,620046.00,2004,2005,DET,Detroit Pistons
6202,Ronald Dupree,719373.00,2005,2006,MIN,Minnesota Timberwolves
6583,Ronald Dupree,771331.00,2006,2007,DET,Detroit Pistons
6995,Ronald Dupree,826046.00,2007,2008,DET,Detroit Pistons
8275,Ronald Dupree,58393.00,2010,2011,TOR,Toronto Raptors 
4929,Ronald Murray,349458.00,2002,2003,MIL,Milwaukee Bucks
5340,Ronald Murray,563679.00,2003,2004,OKC,Oklahoma City Thunder
5755,Ronald Murray,695046.00,2004,2005,OKC,Oklahoma City Thunder
6203,Ronald Murray,895248.00,2005,2006,OKC,Oklahoma City Thunder
6584,Ronald Murray,1750000.00,2006,2007,DET,Detroit Pistons
6996,Ronald Murray,1890000.00,2007,2008,DET,Detroit Pistons
7407,Ronald Murray,1500000.00,2008,2009,ATL,Atlanta Hawks
7861,Ronald Murray,1990000.00,2009,2010,CHI,Chicago Bulls
10613,Ronald Roberts,75000.00,2015,2016,TOR,Toronto Raptors 
10614,Rondae Hollis-Jefferson,1335480.00,2015,2016,NJN,Brooklyn Nets
11222,Rondae Hollis-Jefferson,1395600.00,2016,2017,NJN,Brooklyn Nets
11745,Rondae Hollis-Jefferson,1471382.00,2017,2018,NJN,Brooklyn Nets
6997,Ronnie Brewer,1715040.00,2007,2008,UTA,Utah Jazz
7408,Ronnie Brewer,1834680.00,2008,2009,UTA,Utah Jazz
7862,Ronnie Brewer,2717161.00,2009,2010,MEM,Memphis Grizzlies
8276,Ronnie Brewer,4790000.00,2010,2011,CHI,Chicago Bulls
8721,Ronnie Brewer,4710000.00,2011,2012,CHI,Chicago Bulls
9158,Ronnie Brewer,1069509.00,2012,2013,OKC,Oklahoma City Thunder
9554,Ronnie Brewer,1186459.00,2013,2014,HOU,Houston Rockets
6204,Ronnie Price,398762.00,2005,2006,SAC,Sacramento Kings
6585,Ronnie Price,664209.00,2006,2007,SAC,Sacramento Kings
6998,Ronnie Price,1100000.00,2007,2008,UTA,Utah Jazz
7409,Ronnie Price,1188000.00,2008,2009,UTA,Utah Jazz
7863,Ronnie Price,1250000.00,2009,2010,UTA,Utah Jazz
8277,Ronnie Price,1380000.00,2010,2011,UTA,Utah Jazz
8722,Ronnie Price,1069509.00,2011,2012,PHO,Phoenix Suns
9555,Ronnie Price,1265977.00,2013,2014,ORL,Orlando Magic
10061,Ronnie Price,1316809.00,2014,2015,LAL,Los Angeles Lakers
10615,Ronnie Price,1499187.00,2015,2016,PHO,Phoenix Suns
11223,Ronnie Price,2557545.00,2016,2017,OKC,Oklahoma City Thunder
11224,Ronnie Price,465143.00,2016,2017,PHO,Phoenix Suns
11746,Ronnie Price,2442455.00,2017,2018,OKC,Oklahoma City Thunder
6586,Ronny Turiaf,664209.00,2006,2007,LAL,Los Angeles Lakers
6999,Ronny Turiaf,770610.00,2007,2008,LAL,Los Angeles Lakers
7864,Ronny Turiaf,4140000.00,2009,2010,GSW,Golden State Warriors
8278,Ronny Turiaf,4000000.00,2010,2011,NYK,New York Knicks
8723,Ronny Turiaf,4360000.00,2011,2012,WAS,Washington Wizards
9159,Ronny Turiaf,1146337.00,2012,2013,LAC,Los Angeles Clippers
9556,Ronny Turiaf,1500000.00,2013,2014,MIN,Minnesota Timberwolves
10062,Ronny Turiaf,1500000.00,2014,2015,PHI,Philadelphia 76ers
280,Rony Seikaly,755000.00,1990,1991,MIA,Miami Heat
651,Rony Seikaly,2002000.00,1991,1992,MIA,Miami Heat
1024,Rony Seikaly,2382000.00,1992,1993,MIA,Miami Heat
1416,Rony Seikaly,3057000.00,1993,1994,MIA,Miami Heat
1761,Rony Seikaly,3297000.00,1994,1995,GSW,Golden State Warriors
2138,Rony Seikaly,3532000.00,1995,1996,GSW,Golden State Warriors
2524,Rony Seikaly,3752000.00,1996,1997,ORL,Orlando Magic
2895,Rony Seikaly,4002000.00,1997,1998,ORL,Orlando Magic
3286,Rony Seikaly,4252000.00,1998,1999,NJN,Brooklyn Nets
281,Rory Sparrow,300000.00,1990,1991,SAC,Sacramento Kings
652,Rory Sparrow,126000.00,1991,1992,CHI,Chicago Bulls
1025,Rory Sparrow,140000.00,1992,1993,LAL,Los Angeles Lakers
3287,Roshown McLeod,740000.00,1998,1999,ATL,Atlanta Hawks
3624,Roshown McLeod,914760.00,1999,2000,ATL,Atlanta Hawks
4040,Roshown McLeod,978600.00,2000,2001,ATL,Atlanta Hawks
4483,Roshown McLeod,1509001.00,2001,2002,BOS,Boston Celtic
7410,Roy Hibbert,1465400.00,2008,2009,IND,Indiana Pacers
7865,Roy Hibbert,1575360.00,2009,2010,IND,Indiana Pacers
8279,Roy Hibbert,1685280.00,2010,2011,IND,Indiana Pacers
8724,Roy Hibbert,2588590.00,2011,2012,IND,Indiana Pacers
9160,Roy Hibbert,13686750.00,2012,2013,IND,Indiana Pacers
9557,Roy Hibbert,14283844.00,2013,2014,IND,Indiana Pacers
10063,Roy Hibbert,14898938.00,2014,2015,IND,Indiana Pacers
10616,Roy Hibbert,15500000.00,2015,2016,LAL,Los Angeles Lakers
11225,Roy Hibbert,5000000.00,2016,2017,DEN,Denver Nuggets
282,Roy Hinson,1250000.00,1990,1991,NJN,Brooklyn Nets
653,Roy Hinson,943000.00,1991,1992,NJN,Brooklyn Nets
1026,Roy Hinson,1250000.00,1992,1993,ATL,Atlanta Hawks
1417,Roy Hinson,1445000.00,1993,1994,ATL,Atlanta Hawks
1762,Roy Hinson,1137500.00,1994,1995,MIL,Milwaukee Bucks
2525,Roy Rogers,664000.00,1996,1997,MEM,Memphis Grizzlies
2896,Roy Rogers,763080.00,1997,1998,BOS,Boston Celtic
3288,Roy Rogers,862560.00,1998,1999,CHI,Chicago Bulls
3625,Roy Rogers,485000.00,1999,2000,DEN,Denver Nuggets
4041,Roy Rogers,523500.00,2000,2001,SAC,Sacramento Kings
283,Roy Tarpley,765000.00,1990,1991,DAL,Dallas Mavericks
1027,Roy Tarpley,80000.00,1992,1993,DAL,Dallas Mavericks
1418,Roy Tarpley,80000.00,1993,1994,DAL,Dallas Mavericks
1763,Roy Tarpley,3000000.00,1994,1995,DAL,Dallas Mavericks
2139,Roy Tarpley,775000.00,1995,1996,DAL,Dallas Mavericks
5756,Royal Ivey,425000.00,2004,2005,ATL,Atlanta Hawks
6205,Royal Ivey,641748.00,2005,2006,ATL,Atlanta Hawks
6587,Royal Ivey,744551.00,2006,2007,ATL,Atlanta Hawks
7000,Royal Ivey,826046.00,2007,2008,MIL,Milwaukee Bucks
7411,Royal Ivey,854957.00,2008,2009,PHI,Philadelphia 76ers
7866,Royal Ivey,1050000.00,2009,2010,MIL,Milwaukee Bucks
8280,Royal Ivey,1200000.00,2010,2011,OKC,Oklahoma City Thunder
8725,Royal Ivey,1200000.00,2011,2012,OKC,Oklahoma City Thunder
9161,Royal Ivey,1223166.00,2012,2013,PHI,Philadelphia 76ers
11747,Royce O\'Neale,815615.00,2017,2018,UTA,Utah Jazz
9558,Royce White,1719480.00,2013,2014,PHI,Philadelphia 76ers
4484,Ruben Boumtje-Boumtje,332817.00,2001,2002,POR,Portland Trail Blazers
4930,Ruben Boumtje-Boumtje,512435.00,2002,2003,POR,Portland Trail Blazers
5341,Ruben Boumtje-Boumtje,663679.00,2003,2004,POR,Portland Trail Blazers
4042,Ruben Garces,316969.00,2000,2001,PHO,Phoenix Suns
3289,Ruben Patterson,628500.00,1998,1999,LAL,Los Angeles Lakers
3626,Ruben Patterson,900000.00,1999,2000,OKC,Oklahoma City Thunder
4043,Ruben Patterson,990000.00,2000,2001,OKC,Oklahoma City Thunder
4485,Ruben Patterson,4538000.00,2001,2002,POR,Portland Trail Blazers
4931,Ruben Patterson,4991800.00,2002,2003,POR,Portland Trail Blazers
5342,Ruben Patterson,5445600.00,2003,2004,POR,Portland Trail Blazers
5757,Ruben Patterson,5899400.00,2004,2005,POR,Portland Trail Blazers
6206,Ruben Patterson,6353200.00,2005,2006,POR,Portland Trail Blazers
6588,Ruben Patterson,6807000.00,2006,2007,MIL,Milwaukee Bucks
7001,Ruben Patterson,304897.00,2007,2008,LAC,Los Angeles Clippers
4044,Ruben Wolkowyski,316969.00,2000,2001,OKC,Oklahoma City Thunder
4486,Ruben Wolkowyski,465850.00,2001,2002,OKC,Oklahoma City Thunder
4487,Ruben Wolkowyski,79535.00,2001,2002,DAL,Dallas Mavericks
4932,Ruben Wolkowyski,587435.00,2002,2003,BOS,Boston Celtic
7412,Rudy Fernandez,1084080.00,2008,2009,POR,Portland Trail Blazers
7867,Rudy Fernandez,1165320.00,2009,2010,POR,Portland Trail Blazers
8281,Rudy Fernandez,1246680.00,2010,2011,POR,Portland Trail Blazers
8726,Rudy Fernandez,2180443.00,2011,2012,DEN,Denver Nuggets
6589,Rudy Gay,2242290.00,2006,2007,MEM,Memphis Grizzlies
7002,Rudy Gay,2411160.00,2007,2008,MEM,Memphis Grizzlies
7413,Rudy Gay,2579400.00,2008,2009,MEM,Memphis Grizzlies
7868,Rudy Gay,3280997.00,2009,2010,MEM,Memphis Grizzlies
8282,Rudy Gay,13603750.00,2010,2011,MEM,Memphis Grizzlies
8727,Rudy Gay,15032144.00,2011,2012,MEM,Memphis Grizzlies
9162,Rudy Gay,16460538.00,2012,2013,TOR,Toronto Raptors 
9559,Rudy Gay,17888931.00,2013,2014,SAC,Sacramento Kings
10064,Rudy Gay,19317325.00,2014,2015,SAC,Sacramento Kings
10617,Rudy Gay,12403101.00,2015,2016,SAC,Sacramento Kings
11226,Rudy Gay,13333333.00,2016,2017,SAC,Sacramento Kings
11748,Rudy Gay,8406000.00,2017,2018,SAS,San Antonio Spurs
9560,Rudy Gobert,1078800.00,2013,2014,UTA,Utah Jazz
10065,Rudy Gobert,1127400.00,2014,2015,UTA,Utah Jazz
10618,Rudy Gobert,1175880.00,2015,2016,UTA,Utah Jazz
11227,Rudy Gobert,2121288.00,2016,2017,UTA,Utah Jazz
11749,Rudy Gobert,21974719.00,2017,2018,UTA,Utah Jazz
284,Rumeal Robinson,800000.00,1990,1991,ATL,Atlanta Hawks
654,Rumeal Robinson,1025000.00,1991,1992,ATL,Atlanta Hawks
1028,Rumeal Robinson,1225000.00,1992,1993,NJN,Brooklyn Nets
1419,Rumeal Robinson,1240000.00,1993,1994,CHA,Charlotte Hornets
2526,Rumeal Robinson,247500.00,1996,1997,LAL,Los Angeles Lakers
2897,Rumeal Robinson,272250.00,1997,1998,DET,Detroit Pistons
10066,Russ Smith,816482.00,2014,2015,MEM,Memphis Grizzlies
10619,Russ Smith,816482.00,2015,2016,MEM,Memphis Grizzlies
7414,Russell Westbrook,3493680.00,2008,2009,OKC,Oklahoma City Thunder
7869,Russell Westbrook,3755640.00,2009,2010,OKC,Oklahoma City Thunder
8283,Russell Westbrook,4017720.00,2010,2011,OKC,Oklahoma City Thunder
8728,Russell Westbrook,5082416.00,2011,2012,OKC,Oklahoma City Thunder
9163,Russell Westbrook,13668750.00,2012,2013,OKC,Oklahoma City Thunder
9561,Russell Westbrook,14693906.00,2013,2014,OKC,Oklahoma City Thunder
10067,Russell Westbrook,15719062.00,2014,2015,OKC,Oklahoma City Thunder
10620,Russell Westbrook,16744218.00,2015,2016,OKC,Oklahoma City Thunder
11228,Russell Westbrook,26540100.00,2016,2017,OKC,Oklahoma City Thunder
11750,Russell Westbrook,28530608.00,2017,2018,OKC,Oklahoma City Thunder
3290,Rusty LaRue,350000.00,1998,1999,CHI,Chicago Bulls
7415,Ryan Anderson,1225200.00,2008,2009,NJN,Brooklyn Nets
7870,Ryan Anderson,1317120.00,2009,2010,ORL,Orlando Magic
8284,Ryan Anderson,1409040.00,2010,2011,ORL,Orlando Magic
8729,Ryan Anderson,2244601.00,2011,2012,ORL,Orlando Magic
9164,Ryan Anderson,8700000.00,2012,2013,NOH,New Orleans Pelicans
9562,Ryan Anderson,8308500.00,2013,2014,NOH,New Orleans Pelicans
10068,Ryan Anderson,8491500.00,2014,2015,NOH,New Orleans Pelicans
10621,Ryan Anderson,8500000.00,2015,2016,NOH,New Orleans Pelicans
11229,Ryan Anderson,18735364.00,2016,2017,HOU,Houston Rockets
11751,Ryan Anderson,19578455.00,2017,2018,HOU,Houston Rockets
11230,Ryan Arcidiacono,75000.00,2016,2017,SAS,San Antonio Spurs
10622,Ryan Boatright,75000.00,2015,2016,NJN,Brooklyn Nets
3627,Ryan Bowen,301875.00,1999,2000,DEN,Denver Nuggets
4045,Ryan Bowen,510000.00,2000,2001,DEN,Denver Nuggets
4488,Ryan Bowen,630850.00,2001,2002,DEN,Denver Nuggets
4933,Ryan Bowen,1111111.00,2002,2003,DEN,Denver Nuggets
5343,Ryan Bowen,1250000.00,2003,2004,DEN,Denver Nuggets
5758,Ryan Bowen,807046.00,2004,2005,HOU,Houston Rockets
6207,Ryan Bowen,900498.00,2005,2006,HOU,Houston Rockets
6590,Ryan Bowen,998967.00,2006,2007,HOU,Houston Rockets
7003,Ryan Bowen,1033930.00,2007,2008,NOH,New Orleans Pelicans
7416,Ryan Bowen,1141838.00,2008,2009,NOH,New Orleans Pelicans
7871,Ryan Bowen,209592.00,2009,2010,OKC,Oklahoma City Thunder
6208,Ryan Gomes,428762.00,2005,2006,BOS,Boston Celtic
7004,Ryan Gomes,770610.00,2007,2008,MIN,Minnesota Timberwolves
7417,Ryan Gomes,3650000.00,2008,2009,MIN,Minnesota Timberwolves
7872,Ryan Gomes,3867500.00,2009,2010,MIN,Minnesota Timberwolves
8285,Ryan Gomes,4000000.00,2010,2011,LAC,Los Angeles Clippers
8730,Ryan Gomes,4000000.00,2011,2012,LAC,Los Angeles Clippers
9165,Ryan Gomes,4000000.00,2012,2013,LAC,Los Angeles Clippers
9563,Ryan Gomes,1186459.00,2013,2014,OKC,Oklahoma City Thunder
7418,Ryan Hollins,972581.00,2008,2009,DAL,Dallas Mavericks
7873,Ryan Hollins,2183333.00,2009,2010,MIN,Minnesota Timberwolves
8286,Ryan Hollins,2333333.00,2010,2011,CLE,Cleveland Caveliers
8731,Ryan Hollins,2483333.00,2011,2012,CLE,Cleveland Caveliers
9166,Ryan Hollins,1069509.00,2012,2013,LAC,Los Angeles Clippers
9564,Ryan Hollins,1186459.00,2013,2014,LAC,Los Angeles Clippers
10069,Ryan Hollins,1316809.00,2014,2015,SAC,Sacramento Kings
10623,Ryan Hollins,593056.00,2015,2016,MEM,Memphis Grizzlies
10624,Ryan Hollins,176375.00,2015,2016,WAS,Washington Wizards
4934,Ryan Humphrey,1063680.00,2002,2003,ORL,Orlando Magic
5344,Ryan Humphrey,1143360.00,2003,2004,MEM,Memphis Grizzlies
5759,Ryan Humphrey,1223160.00,2004,2005,MEM,Memphis Grizzlies
10070,Ryan Kelly,1650000.00,2014,2015,LAL,Los Angeles Lakers
10625,Ryan Kelly,1724250.00,2015,2016,LAL,Los Angeles Lakers
11231,Ryan Kelly,418228.00,2016,2017,ATL,Atlanta Hawks
8732,Ryan Reid,475000.00,2011,2012,OKC,Oklahoma City Thunder
3628,Ryan Robertson,301875.00,1999,2000,SAC,Sacramento Kings
3291,Ryan Stack,287500.00,1998,1999,CLE,Cleveland Caveliers
3629,Ryan Stack,385000.00,1999,2000,CLE,Cleveland Caveliers
10626,Salah Mejri,525093.00,2015,2016,DAL,Dallas Mavericks
11232,Salah Mejri,874636.00,2016,2017,DAL,Dallas Mavericks
11752,Salah Mejri,1471382.00,2017,2018,DAL,Dallas Mavericks
6209,Salim Stoudamire,675000.00,2005,2006,ATL,Atlanta Hawks
6591,Salim Stoudamire,729000.00,2006,2007,ATL,Atlanta Hawks
7005,Salim Stoudamire,783000.00,2007,2008,ATL,Atlanta Hawks
285,Sam Bowie,2000000.00,1990,1991,NJN,Brooklyn Nets
655,Sam Bowie,2000000.00,1991,1992,NJN,Brooklyn Nets
1029,Sam Bowie,2600000.00,1992,1993,NJN,Brooklyn Nets
1420,Sam Bowie,3200000.00,1993,1994,LAL,Los Angeles Lakers
1764,Sam Bowie,3200000.00,1994,1995,LAL,Los Angeles Lakers
1421,Sam Cassell,650000.00,1993,1994,HOU,Houston Rockets
1765,Sam Cassell,845000.00,1994,1995,HOU,Houston Rockets
2140,Sam Cassell,1040000.00,1995,1996,HOU,Houston Rockets
2527,Sam Cassell,1235000.00,1996,1997,DAL,Dallas Mavericks
2898,Sam Cassell,2500000.00,1997,1998,NJN,Brooklyn Nets
3292,Sam Cassell,3000000.00,1998,1999,MIL,Milwaukee Bucks
3630,Sam Cassell,3500000.00,1999,2000,MIL,Milwaukee Bucks
4046,Sam Cassell,4000000.00,2000,2001,MIL,Milwaukee Bucks
4489,Sam Cassell,4350000.00,2001,2002,MIL,Milwaukee Bucks
4935,Sam Cassell,4850000.00,2002,2003,MIL,Milwaukee Bucks
5345,Sam Cassell,5062500.00,2003,2004,MIN,Minnesota Timberwolves
5760,Sam Cassell,6250000.00,2004,2005,MIN,Minnesota Timberwolves
6210,Sam Cassell,6875000.00,2005,2006,LAC,Los Angeles Clippers
6592,Sam Cassell,6850000.00,2006,2007,LAC,Los Angeles Clippers
7006,Sam Cassell,6150000.00,2007,2008,LAC,Los Angeles Clippers
7419,Sam Cassell,1262275.00,2008,2009,SAC,Sacramento Kings
10627,Sam Dekker,1646400.00,2015,2016,HOU,Houston Rockets
11233,Sam Dekker,1720560.00,2016,2017,HOU,Houston Rockets
11753,Sam Dekker,1794600.00,2017,2018,LAC,Los Angeles Clippers
3293,Sam Jacobson,559000.00,1998,1999,LAL,Los Angeles Lakers
3631,Sam Jacobson,721080.00,1999,2000,LAL,Los Angeles Lakers
3632,Sam Jacobson,22647.00,1999,2000,GSW,Golden State Warriors
4047,Sam Jacobson,498500.00,2000,2001,MIN,Minnesota Timberwolves
4048,Sam Jacobson,270000.00,2000,2001,LAL,Los Angeles Lakers
1030,Sam Mack,140000.00,1992,1993,SAS,San Antonio Spurs
2528,Sam Mack,247500.00,1996,1997,HOU,Houston Rockets
2899,Sam Mack,455000.00,1997,1998,MEM,Memphis Grizzlies
3294,Sam Mack,545000.00,1998,1999,HOU,Houston Rockets
3633,Sam Mack,315000.00,1999,2000,GSW,Golden State Warriors
4490,Sam Mack,174598.00,2001,2002,MIA,Miami Heat
286,Sam Mitchell,500000.00,1990,1991,MIN,Minnesota Timberwolves
656,Sam Mitchell,630000.00,1991,1992,MIN,Minnesota Timberwolves
1031,Sam Mitchell,575000.00,1992,1993,IND,Indiana Pacers
1422,Sam Mitchell,715000.00,1993,1994,IND,Indiana Pacers
2141,Sam Mitchell,1000000.00,1995,1996,MIN,Minnesota Timberwolves
2900,Sam Mitchell,1400000.00,1997,1998,MIN,Minnesota Timberwolves
3634,Sam Mitchell,2000000.00,1999,2000,MIN,Minnesota Timberwolves
4049,Sam Mitchell,2370000.00,2000,2001,MIN,Minnesota Timberwolves
4491,Sam Mitchell,1000000.00,2001,2002,MIN,Minnesota Timberwolves
287,Sam Perkins,1970000.00,1990,1991,LAL,Los Angeles Lakers
657,Sam Perkins,2507000.00,1991,1992,LAL,Los Angeles Lakers
1032,Sam Perkins,3047000.00,1992,1993,LAL,Los Angeles Lakers
1423,Sam Perkins,3587000.00,1993,1994,OKC,Oklahoma City Thunder
1766,Sam Perkins,4126600.00,1994,1995,OKC,Oklahoma City Thunder
2142,Sam Perkins,3967000.00,1995,1996,OKC,Oklahoma City Thunder
2529,Sam Perkins,2730000.00,1996,1997,OKC,Oklahoma City Thunder
2901,Sam Perkins,3370000.00,1997,1998,OKC,Oklahoma City Thunder
4050,Sam Perkins,2250000.00,2000,2001,IND,Indiana Pacers
288,Sam Vincent,980000.00,1990,1991,ORL,Orlando Magic
658,Sam Vincent,1260000.00,1991,1992,ORL,Orlando Magic
1033,Sam Vincent,1510000.00,1992,1993,MIL,Milwaukee Bucks
7874,Sam Young,824200.00,2009,2010,MEM,Memphis Grizzlies
8287,Sam Young,886000.00,2010,2011,MEM,Memphis Grizzlies
8733,Sam Young,947800.00,2011,2012,MEM,Memphis Grizzlies
9167,Sam Young,723716.00,2012,2013,IND,Indiana Pacers
2530,Samaki Walker,1246000.00,1996,1997,DAL,Dallas Mavericks
3295,Samaki Walker,1619880.00,1998,1999,DAL,Dallas Mavericks
3635,Samaki Walker,2716667.00,1999,2000,SAS,San Antonio Spurs
4492,Samaki Walker,1400000.00,2001,2002,LAL,Los Angeles Lakers
4936,Samaki Walker,1540000.00,2002,2003,LAL,Los Angeles Lakers
5346,Samaki Walker,1700000.00,2003,2004,MIA,Miami Heat
5761,Samaki Walker,995046.00,2004,2005,WAS,Washington Wizards
6211,Samaki Walker,364223.00,2005,2006,IND,Indiana Pacers
8288,Samardo Samuels,500000.00,2010,2011,CLE,Cleveland Caveliers
8734,Samardo Samuels,762195.00,2011,2012,CLE,Cleveland Caveliers
9168,Samardo Samuels,341756.00,2012,2013,CLE,Cleveland Caveliers
4493,Samuel Dalembert,771480.00,2001,2002,PHI,Philadelphia 76ers
5762,Samuel Dalembert,1599549.00,2004,2005,PHI,Philadelphia 76ers
6212,Samuel Dalembert,8470000.00,2005,2006,PHI,Philadelphia 76ers
6593,Samuel Dalembert,9464307.00,2006,2007,PHI,Philadelphia 76ers
7420,Samuel Dalembert,11238564.00,2008,2009,PHI,Philadelphia 76ers
7875,Samuel Dalembert,12025694.00,2009,2010,PHI,Philadelphia 76ers
8289,Samuel Dalembert,13428129.00,2010,2011,SAC,Sacramento Kings
8735,Samuel Dalembert,7000000.00,2011,2012,HOU,Houston Rockets
9169,Samuel Dalembert,6698565.00,2012,2013,MIL,Milwaukee Bucks
9565,Samuel Dalembert,3700748.00,2013,2014,DAL,Dallas Mavericks
10071,Samuel Dalembert,3867282.00,2014,2015,NYK,New York Knicks
10628,Samuel Dalembert,1499187.00,2015,2016,DAL,Dallas Mavericks
6213,Sarunas Jasikevicius,4000000.00,2005,2006,IND,Indiana Pacers
6594,Sarunas Jasikevicius,4000000.00,2006,2007,GSW,Golden State Warriors
289,Sarunas Marciulionis,1270000.00,1990,1991,GSW,Golden State Warriors
659,Sarunas Marciulionis,1267000.00,1991,1992,GSW,Golden State Warriors
1034,Sarunas Marciulionis,1500000.00,1992,1993,GSW,Golden State Warriors
1424,Sarunas Marciulionis,1900000.00,1993,1994,GSW,Golden State Warriors
1767,Sarunas Marciulionis,2100000.00,1994,1995,OKC,Oklahoma City Thunder
2143,Sarunas Marciulionis,2400000.00,1995,1996,SAC,Sacramento Kings
2531,Sarunas Marciulionis,2500000.00,1996,1997,DEN,Denver Nuggets
2144,Sasha Danilovic,1455000.00,1995,1996,MIA,Miami Heat
2532,Sasha Danilovic,1892000.00,1996,1997,MIA,Miami Heat
10629,Sasha Kaun,1300000.00,2015,2016,CLE,Cleveland Caveliers
11234,Sasha Kaun,1333420.00,2016,2017,PHI,Philadelphia 76ers
5347,Sasha Pavlovic,1107960.00,2003,2004,UTA,Utah Jazz
5763,Sasha Pavlovic,1191000.00,2004,2005,CLE,Cleveland Caveliers
6214,Sasha Pavlovic,1274160.00,2005,2006,CLE,Cleveland Caveliers
6595,Sasha Pavlovic,1962206.00,2006,2007,CLE,Cleveland Caveliers
7007,Sasha Pavlovic,4250000.00,2007,2008,CLE,Cleveland Caveliers
7421,Sasha Pavlovic,4500000.00,2008,2009,CLE,Cleveland Caveliers
7876,Sasha Pavlovic,1500000.00,2009,2010,MIN,Minnesota Timberwolves
7877,Sasha Pavlovic,1250000.00,2009,2010,PHO,Phoenix Suns
8290,Sasha Pavlovic,134863.00,2010,2011,DAL,Dallas Mavericks
8291,Sasha Pavlovic,67432.00,2010,2011,NOH,New Orleans Pelicans
8736,Sasha Pavlovic,1223166.00,2011,2012,BOS,Boston Celtic
9170,Sasha Pavlovic,1232713.00,2012,2013,POR,Portland Trail Blazers
5764,Sasha Vujacic,846840.00,2004,2005,LAL,Los Angeles Lakers
6215,Sasha Vujacic,910440.00,2005,2006,LAL,Los Angeles Lakers
6596,Sasha Vujacic,973920.00,2006,2007,LAL,Los Angeles Lakers
7008,Sasha Vujacic,1756951.00,2007,2008,LAL,Los Angeles Lakers
7422,Sasha Vujacic,4524887.00,2008,2009,LAL,Los Angeles Lakers
7878,Sasha Vujacic,5000000.00,2009,2010,LAL,Los Angeles Lakers
8292,Sasha Vujacic,5475113.00,2010,2011,NJN,Brooklyn Nets
10630,Sasha Vujacic,1356146.00,2015,2016,NYK,New York Knicks
11235,Sasha Vujacic,1410598.00,2016,2017,NYK,New York Knicks
2902,Scot Pollard,818160.00,1997,1998,DET,Detroit Pistons
3296,Scot Pollard,940920.00,1998,1999,DET,Detroit Pistons
3297,Scot Pollard,350000.00,1998,1999,SAC,Sacramento Kings
3636,Scot Pollard,1063680.00,1999,2000,ATL,Atlanta Hawks
3637,Scot Pollard,1000000.00,1999,2000,SAC,Sacramento Kings
4051,Scot Pollard,3920000.00,2000,2001,SAC,Sacramento Kings
4494,Scot Pollard,4344187.00,2001,2002,SAC,Sacramento Kings
4937,Scot Pollard,4826874.00,2002,2003,SAC,Sacramento Kings
5348,Scot Pollard,5309563.00,2003,2004,IND,Indiana Pacers
5765,Scot Pollard,5792250.00,2004,2005,IND,Indiana Pacers
6216,Scot Pollard,6274937.00,2005,2006,IND,Indiana Pacers
6597,Scot Pollard,2200000.00,2006,2007,CLE,Cleveland Caveliers
290,Scott Brooks,295000.00,1990,1991,MIN,Minnesota Timberwolves
660,Scott Brooks,400000.00,1991,1992,MIN,Minnesota Timberwolves
1425,Scott Brooks,525000.00,1993,1994,HOU,Houston Rockets
1768,Scott Brooks,550000.00,1994,1995,HOU,Houston Rockets
2145,Scott Brooks,750000.00,1995,1996,DAL,Dallas Mavericks
2533,Scott Brooks,247500.00,1996,1997,NYK,New York Knicks
2903,Scott Brooks,50000.00,1997,1998,BOS,Boston Celtic
1426,Scott Burrell,650000.00,1993,1994,CHA,Charlotte Hornets
1769,Scott Burrell,845000.00,1994,1995,CHA,Charlotte Hornets
2146,Scott Burrell,1040000.00,1995,1996,CHA,Charlotte Hornets
2904,Scott Burrell,1430000.00,1997,1998,CHI,Chicago Bulls
3298,Scott Burrell,1000000.00,1998,1999,NJN,Brooklyn Nets
3638,Scott Burrell,1000000.00,1999,2000,NJN,Brooklyn Nets
291,Scott Haffner,75000.00,1990,1991,CHA,Charlotte Hornets
1427,Scott Haskin,833000.00,1993,1994,IND,Indiana Pacers
2147,Scott Haskin,1313000.00,1995,1996,IND,Indiana Pacers
292,Scott Hastings,450000.00,1990,1991,DET,Detroit Pistons
661,Scott Hastings,500000.00,1991,1992,DEN,Denver Nuggets
1035,Scott Hastings,600000.00,1992,1993,DEN,Denver Nuggets
293,Scott Meents,300000.00,1990,1991,OKC,Oklahoma City Thunder
4052,Scott Padgett,730800.00,2000,2001,UTA,Utah Jazz
4495,Scott Padgett,781680.00,2001,2002,UTA,Utah Jazz
4938,Scott Padgett,612435.00,2002,2003,UTA,Utah Jazz
5349,Scott Padgett,688679.00,2003,2004,HOU,Houston Rockets
5766,Scott Padgett,807546.00,2004,2005,HOU,Houston Rockets
6217,Scott Padgett,1670000.00,2005,2006,NJN,Brooklyn Nets
6598,Scott Padgett,932015.00,2006,2007,MEM,Memphis Grizzlies
6599,Scott Padgett,563302.00,2006,2007,NJN,Brooklyn Nets
294,Scott Skiles,408000.00,1990,1991,ORL,Orlando Magic
662,Scott Skiles,1925000.00,1991,1992,ORL,Orlando Magic
1036,Scott Skiles,1348000.00,1992,1993,ORL,Orlando Magic
1428,Scott Skiles,1722000.00,1993,1994,ORL,Orlando Magic
1770,Scott Skiles,2125000.00,1994,1995,WAS,Washington Wizards
295,Scott Williams,150000.00,1990,1991,CHI,Chicago Bulls
663,Scott Williams,350000.00,1991,1992,CHI,Chicago Bulls
1037,Scott Williams,613000.00,1992,1993,CHI,Chicago Bulls
1429,Scott Williams,641000.00,1993,1994,CHI,Chicago Bulls
1771,Scott Williams,1500000.00,1994,1995,PHI,Philadelphia 76ers
2148,Scott Williams,1950000.00,1995,1996,PHI,Philadelphia 76ers
2534,Scott Williams,2400000.00,1996,1997,PHI,Philadelphia 76ers
2905,Scott Williams,2850000.00,1997,1998,PHI,Philadelphia 76ers
3299,Scott Williams,3300000.00,1998,1999,MIL,Milwaukee Bucks
3639,Scott Williams,3750000.00,1999,2000,MIL,Milwaukee Bucks
4053,Scott Williams,4200000.00,2000,2001,MIL,Milwaukee Bucks
4496,Scott Williams,4650000.00,2001,2002,DEN,Denver Nuggets
4939,Scott Williams,1030000.00,2002,2003,PHO,Phoenix Suns
5350,Scott Williams,1070000.00,2003,2004,PHO,Phoenix Suns
5767,Scott Williams,1600000.00,2004,2005,CLE,Cleveland Caveliers
11236,Scott Wood,50000.00,2016,2017,GSW,Golden State Warriors
296,Scottie Pippen,765000.00,1990,1991,CHI,Chicago Bulls
664,Scottie Pippen,2770000.00,1991,1992,CHI,Chicago Bulls
1038,Scottie Pippen,3425000.00,1992,1993,CHI,Chicago Bulls
1430,Scottie Pippen,3075000.00,1993,1994,CHI,Chicago Bulls
2149,Scottie Pippen,2925000.00,1995,1996,CHI,Chicago Bulls
2535,Scottie Pippen,2250000.00,1996,1997,CHI,Chicago Bulls
2906,Scottie Pippen,2775000.00,1997,1998,CHI,Chicago Bulls
3300,Scottie Pippen,11000000.00,1998,1999,HOU,Houston Rockets
4054,Scottie Pippen,13750000.00,2000,2001,POR,Portland Trail Blazers
4497,Scottie Pippen,18083564.00,2001,2002,POR,Portland Trail Blazers
4940,Scottie Pippen,19727524.00,2002,2003,POR,Portland Trail Blazers
5351,Scottie Pippen,4917000.00,2003,2004,CHI,Chicago Bulls
6218,Sean Banks,150751.00,2005,2006,NOH,New Orleans Pelicans
297,Sean Elliott,1800000.00,1990,1991,SAS,San Antonio Spurs
665,Sean Elliott,1802000.00,1991,1992,SAS,San Antonio Spurs
1039,Sean Elliott,1802000.00,1992,1993,SAS,San Antonio Spurs
1431,Sean Elliott,1807000.00,1993,1994,DET,Detroit Pistons
1772,Sean Elliott,1350000.00,1994,1995,SAS,San Antonio Spurs
2150,Sean Elliott,5333000.00,1995,1996,SAS,San Antonio Spurs
2536,Sean Elliott,5333000.00,1996,1997,SAS,San Antonio Spurs
2907,Sean Elliott,5333333.00,1997,1998,SAS,San Antonio Spurs
3640,Sean Elliott,5433333.00,1999,2000,SAS,San Antonio Spurs
666,Sean Green,130000.00,1991,1992,IND,Indiana Pacers
1040,Sean Green,355000.00,1992,1993,IND,Indiana Pacers
1432,Sean Green,400000.00,1993,1994,PHI,Philadelphia 76ers
298,Sean Higgins,150000.00,1990,1991,SAS,San Antonio Spurs
1041,Sean Higgins,250000.00,1992,1993,LAL,Los Angeles Lakers
2151,Sean Higgins,500000.00,1995,1996,PHI,Philadelphia 76ers
2908,Sean Higgins,272250.00,1997,1998,POR,Portland Trail Blazers
10072,Sean Kilpatrick,35000.00,2014,2015,GSW,Golden State Warriors
10073,Sean Kilpatrick,29843.00,2014,2015,MIN,Minnesota Timberwolves
10631,Sean Kilpatrick,320594.00,2015,2016,NJN,Brooklyn Nets
10632,Sean Kilpatrick,99418.00,2015,2016,DEN,Denver Nuggets
11237,Sean Kilpatrick,980431.00,2016,2017,NJN,Brooklyn Nets
11754,Sean Kilpatrick,1524305.00,2017,2018,NJN,Brooklyn Nets
4941,Sean Lampley,349458.00,2002,2003,MIA,Miami Heat
5352,Sean Lampley,89364.00,2003,2004,GSW,Golden State Warriors
3641,Sean Marks,385000.00,1999,2000,TOR,Toronto Raptors 
4498,Sean Marks,565850.00,2001,2002,MIA,Miami Heat
4942,Sean Marks,612435.00,2002,2003,MIA,Miami Heat
5353,Sean Marks,596295.00,2003,2004,SAS,San Antonio Spurs
6600,Sean Marks,932015.00,2006,2007,PHO,Phoenix Suns
7009,Sean Marks,1033930.00,2007,2008,PHO,Phoenix Suns
7423,Sean Marks,1141838.00,2008,2009,NOH,New Orleans Pelicans
7879,Sean Marks,1187686.00,2009,2010,NOH,New Orleans Pelicans
7880,Sean May,884881.00,2009,2010,SAC,Sacramento Kings
1042,Sean Rooks,375000.00,1992,1993,DAL,Dallas Mavericks
1433,Sean Rooks,488000.00,1993,1994,DAL,Dallas Mavericks
2152,Sean Rooks,1200000.00,1995,1996,MIN,Minnesota Timberwolves
2537,Sean Rooks,1200000.00,1996,1997,LAL,Los Angeles Lakers
2909,Sean Rooks,1440000.00,1997,1998,LAL,Los Angeles Lakers
3301,Sean Rooks,1680000.00,1998,1999,LAL,Los Angeles Lakers
3642,Sean Rooks,1920000.00,1999,2000,DAL,Dallas Mavericks
4055,Sean Rooks,2160000.00,2000,2001,LAC,Los Angeles Clippers
4499,Sean Rooks,2400000.00,2001,2002,LAC,Los Angeles Clippers
4943,Sean Rooks,2640000.00,2002,2003,LAC,Los Angeles Clippers
5354,Sean Rooks,1070000.00,2003,2004,NOH,New Orleans Pelicans
7010,Sean Williams,1416600.00,2007,2008,NJN,Brooklyn Nets
7424,Sean Williams,1522920.00,2008,2009,NJN,Brooklyn Nets
7881,Sean Williams,1629120.00,2009,2010,NJN,Brooklyn Nets
5768,Sebastian Telfair,1559280.00,2004,2005,POR,Portland Trail Blazers
6219,Sebastian Telfair,1676280.00,2005,2006,POR,Portland Trail Blazers
7011,Sebastian Telfair,2562426.00,2007,2008,MIN,Minnesota Timberwolves
7425,Sebastian Telfair,2300000.00,2008,2009,MIN,Minnesota Timberwolves
7882,Sebastian Telfair,2500000.00,2009,2010,CLE,Cleveland Caveliers
8293,Sebastian Telfair,2700000.00,2010,2011,MIN,Minnesota Timberwolves
8737,Sebastian Telfair,1500000.00,2011,2012,PHO,Phoenix Suns
9171,Sebastian Telfair,1567500.00,2012,2013,TOR,Toronto Raptors 
10074,Sebastian Telfair,915243.00,2014,2015,OKC,Oklahoma City Thunder
299,Sedale Threatt,650000.00,1990,1991,OKC,Oklahoma City Thunder
667,Sedale Threatt,612000.00,1991,1992,LAL,Los Angeles Lakers
1043,Sedale Threatt,796000.00,1992,1993,LAL,Los Angeles Lakers
1434,Sedale Threatt,2400000.00,1993,1994,LAL,Los Angeles Lakers
1773,Sedale Threatt,2400000.00,1994,1995,LAL,Los Angeles Lakers
2153,Sedale Threatt,2400000.00,1995,1996,LAL,Los Angeles Lakers
1435,Sedric Toney,150000.00,1993,1994,CLE,Cleveland Caveliers
11238,Semaj Christon,543471.00,2016,2017,OKC,Oklahoma City Thunder
11755,Semi Ojeleye,1291892.00,2017,2018,BOS,Boston Celtic
8294,Semih Erden,473604.00,2010,2011,CLE,Cleveland Caveliers
8738,Semih Erden,762195.00,2011,2012,CLE,Cleveland Caveliers
7883,Serge Ibaka,1120200.00,2009,2010,OKC,Oklahoma City Thunder
8295,Serge Ibaka,1204200.00,2010,2011,OKC,Oklahoma City Thunder
8739,Serge Ibaka,1288200.00,2011,2012,OKC,Oklahoma City Thunder
9172,Serge Ibaka,2253062.00,2012,2013,OKC,Oklahoma City Thunder
9566,Serge Ibaka,12250000.00,2013,2014,OKC,Oklahoma City Thunder
10075,Serge Ibaka,12350000.00,2014,2015,OKC,Oklahoma City Thunder
10633,Serge Ibaka,12350000.00,2015,2016,OKC,Oklahoma City Thunder
11239,Serge Ibaka,12250000.00,2016,2017,TOR,Toronto Raptors 
11756,Serge Ibaka,20061729.00,2017,2018,TOR,Toronto Raptors 
1774,Sergei Bazarevich,168000.00,1994,1995,ATL,Atlanta Hawks
6220,Sergei Monia,1016400.00,2005,2006,POR,Portland Trail Blazers
6601,Sergei Monia,100000.00,2006,2007,SAC,Sacramento Kings
9567,Sergey Karasev,1467840.00,2013,2014,CLE,Cleveland Caveliers
10076,Sergey Karasev,1533840.00,2014,2015,NJN,Brooklyn Nets
10634,Sergey Karasev,1599840.00,2015,2016,NJN,Brooklyn Nets
6602,Sergio Rodriguez,912000.00,2006,2007,POR,Portland Trail Blazers
7012,Sergio Rodriguez,817000.00,2007,2008,POR,Portland Trail Blazers
7426,Sergio Rodriguez,1048800.00,2008,2009,POR,Portland Trail Blazers
7884,Sergio Rodriguez,1892035.00,2009,2010,NYK,New York Knicks
11240,Sergio Rodriguez,8000000.00,2016,2017,PHI,Philadelphia 76ers
10077,Seth Curry,100000.00,2014,2015,ORL,Orlando Magic
10078,Seth Curry,48028.00,2014,2015,PHO,Phoenix Suns
10635,Seth Curry,947276.00,2015,2016,SAC,Sacramento Kings
11241,Seth Curry,2898000.00,2016,2017,DAL,Dallas Mavericks
11757,Seth Curry,3028410.00,2017,2018,DAL,Dallas Mavericks
9568,Shabazz Muhammad,1887120.00,2013,2014,MIN,Minnesota Timberwolves
10079,Shabazz Muhammad,1971960.00,2014,2015,MIN,Minnesota Timberwolves
10636,Shabazz Muhammad,2056920.00,2015,2016,MIN,Minnesota Timberwolves
11242,Shabazz Muhammad,3046299.00,2016,2017,MIN,Minnesota Timberwolves
11758,Shabazz Muhammad,1577230.00,2017,2018,MIN,Minnesota Timberwolves
10080,Shabazz Napier,1238640.00,2014,2015,MIA,Miami Heat
10637,Shabazz Napier,1294440.00,2015,2016,ORL,Orlando Magic
11243,Shabazz Napier,1350120.00,2016,2017,POR,Portland Trail Blazers
11759,Shabazz Napier,2361360.00,2017,2018,POR,Portland Trail Blazers
3643,Shammond Williams,500000.00,1999,2000,OKC,Oklahoma City Thunder
4056,Shammond Williams,550000.00,2000,2001,OKC,Oklahoma City Thunder
4500,Shammond Williams,1750000.00,2001,2002,OKC,Oklahoma City Thunder
4944,Shammond Williams,2000000.00,2002,2003,BOS,Boston Celtic
5355,Shammond Williams,751179.00,2003,2004,ORL,Orlando Magic
6603,Shammond Williams,1750000.00,2006,2007,LAL,Los Angeles Lakers
2538,Shandon Anderson,220000.00,1996,1997,UTA,Utah Jazz
2910,Shandon Anderson,1200000.00,1997,1998,UTA,Utah Jazz
3302,Shandon Anderson,1300000.00,1998,1999,UTA,Utah Jazz
3644,Shandon Anderson,2000000.00,1999,2000,HOU,Houston Rockets
4057,Shandon Anderson,2200000.00,2000,2001,HOU,Houston Rockets
4501,Shandon Anderson,5500000.00,2001,2002,NYK,New York Knicks
4945,Shandon Anderson,6100000.00,2002,2003,NYK,New York Knicks
5356,Shandon Anderson,6700000.00,2003,2004,NYK,New York Knicks
5769,Shandon Anderson,7300000.00,2004,2005,NYK,New York Knicks
5770,Shandon Anderson,873699.00,2004,2005,MIA,Miami Heat
6221,Shandon Anderson,7900000.00,2005,2006,NYK,New York Knicks
6222,Shandon Anderson,1035000.00,2005,2006,MIA,Miami Heat
4502,Shane Battier,2203080.00,2001,2002,MEM,Memphis Grizzlies
4946,Shane Battier,2368200.00,2002,2003,MEM,Memphis Grizzlies
5357,Shane Battier,2533440.00,2003,2004,MEM,Memphis Grizzlies
5771,Shane Battier,3212402.00,2004,2005,MEM,Memphis Grizzlies
6223,Shane Battier,4903000.00,2005,2006,MEM,Memphis Grizzlies
6604,Shane Battier,5393300.00,2006,2007,HOU,Houston Rockets
7427,Shane Battier,6448900.00,2008,2009,HOU,Houston Rockets
7885,Shane Battier,6864200.00,2009,2010,HOU,Houston Rockets
8296,Shane Battier,7354500.00,2010,2011,MEM,Memphis Grizzlies
8740,Shane Battier,3000000.00,2011,2012,MIA,Miami Heat
9173,Shane Battier,3135000.00,2012,2013,MIA,Miami Heat
9569,Shane Battier,3270000.00,2013,2014,MIA,Miami Heat
2911,Shane Heal,384000.00,1997,1998,MIN,Minnesota Timberwolves
5358,Shane Heal,75615.00,2003,2004,SAS,San Antonio Spurs
9570,Shane Larkin,1536960.00,2013,2014,DAL,Dallas Mavericks
10081,Shane Larkin,1606080.00,2014,2015,NYK,New York Knicks
10638,Shane Larkin,1500000.00,2015,2016,NJN,Brooklyn Nets
11760,Shane Larkin,1524305.00,2017,2018,BOS,Boston Celtic
6605,Shannon Brown,971280.00,2006,2007,CLE,Cleveland Caveliers
7013,Shannon Brown,1044120.00,2007,2008,CHI,Chicago Bulls
7428,Shannon Brown,797581.00,2008,2009,LAL,Los Angeles Lakers
7886,Shannon Brown,2000000.00,2009,2010,LAL,Los Angeles Lakers
8297,Shannon Brown,2200000.00,2010,2011,LAL,Los Angeles Lakers
8741,Shannon Brown,3500000.00,2011,2012,PHO,Phoenix Suns
9174,Shannon Brown,3500000.00,2012,2013,PHO,Phoenix Suns
9571,Shannon Brown,3500000.00,2013,2014,PHO,Phoenix Suns
10639,Shannon Scott,25000.00,2015,2016,TOR,Toronto Raptors 
1044,Shaquille O\'Neal,3000000.00,1992,1993,ORL,Orlando Magic
1436,Shaquille O\'Neal,3900000.00,1993,1994,ORL,Orlando Magic
2154,Shaquille O\'Neal,5700000.00,1995,1996,ORL,Orlando Magic
2539,Shaquille O\'Neal,10714000.00,1996,1997,LAL,Los Angeles Lakers
2912,Shaquille O\'Neal,12857143.00,1997,1998,LAL,Los Angeles Lakers
3303,Shaquille O\'Neal,15000000.00,1998,1999,LAL,Los Angeles Lakers
3645,Shaquille O\'Neal,17142858.00,1999,2000,LAL,Los Angeles Lakers
4058,Shaquille O\'Neal,19285715.00,2000,2001,LAL,Los Angeles Lakers
4503,Shaquille O\'Neal,21428572.00,2001,2002,LAL,Los Angeles Lakers
4947,Shaquille O\'Neal,23571429.00,2002,2003,LAL,Los Angeles Lakers
5359,Shaquille O\'Neal,24749999.00,2003,2004,LAL,Los Angeles Lakers
5772,Shaquille O\'Neal,27696430.00,2004,2005,MIA,Miami Heat
6224,Shaquille O\'Neal,20000000.00,2005,2006,MIA,Miami Heat
7014,Shaquille O\'Neal,20000000.00,2007,2008,PHO,Phoenix Suns
7429,Shaquille O\'Neal,21000000.00,2008,2009,PHO,Phoenix Suns
7887,Shaquille O\'Neal,20000000.00,2009,2010,CLE,Cleveland Caveliers
8298,Shaquille O\'Neal,1352181.00,2010,2011,BOS,Boston Celtic
2540,Shareef Abdur-Rahim,2186000.00,1996,1997,MEM,Memphis Grizzlies
3646,Shareef Abdur-Rahim,9000000.00,1999,2000,MEM,Memphis Grizzlies
4059,Shareef Abdur-Rahim,10130000.00,2000,2001,MEM,Memphis Grizzlies
4504,Shareef Abdur-Rahim,11250000.00,2001,2002,ATL,Atlanta Hawks
4948,Shareef Abdur-Rahim,12375000.00,2002,2003,ATL,Atlanta Hawks
5360,Shareef Abdur-Rahim,13500000.00,2003,2004,ATL,Atlanta Hawks
5773,Shareef Abdur-Rahim,14625000.00,2004,2005,POR,Portland Trail Blazers
6225,Shareef Abdur-Rahim,5000000.00,2005,2006,SAC,Sacramento Kings
6606,Shareef Abdur-Rahim,5400000.00,2006,2007,SAC,Sacramento Kings
7888,Shareef Abdur-Rahim,6600000.00,2009,2010,SAC,Sacramento Kings
1775,Sharone Wright,2020000.00,1994,1995,PHI,Philadelphia 76ers
2155,Sharone Wright,2500000.00,1995,1996,PHI,Philadelphia 76ers
2541,Sharone Wright,3100000.00,1996,1997,TOR,Toronto Raptors 
2913,Sharone Wright,3500000.00,1997,1998,TOR,Toronto Raptors 
5774,Shaun Livingston,3027840.00,2004,2005,LAC,Los Angeles Clippers
6226,Shaun Livingston,3254880.00,2005,2006,LAC,Los Angeles Clippers
6607,Shaun Livingston,3481920.00,2006,2007,LAC,Los Angeles Clippers
7015,Shaun Livingston,4404629.00,2007,2008,LAC,Los Angeles Clippers
7430,Shaun Livingston,370000.00,2008,2009,MEM,Memphis Grizzlies
7889,Shaun Livingston,296695.00,2009,2010,OKC,Oklahoma City Thunder
8742,Shaun Livingston,3500000.00,2011,2012,MIL,Milwaukee Bucks
9175,Shaun Livingston,768720.00,2012,2013,CLE,Cleveland Caveliers
9176,Shaun Livingston,256240.00,2012,2013,WAS,Washington Wizards
9572,Shaun Livingston,1272279.00,2013,2014,NJN,Brooklyn Nets
10082,Shaun Livingston,5305000.00,2014,2015,GSW,Golden State Warriors
10640,Shaun Livingston,5543725.00,2015,2016,GSW,Golden State Warriors
11244,Shaun Livingston,5782450.00,2016,2017,GSW,Golden State Warriors
11761,Shaun Livingston,7692308.00,2017,2018,GSW,Golden State Warriors
6227,Shavlik Randolph,398762.00,2005,2006,PHI,Philadelphia 76ers
6608,Shavlik Randolph,1000000.00,2006,2007,PHI,Philadelphia 76ers
7431,Shavlik Randolph,826269.00,2008,2009,POR,Portland Trail Blazers
7890,Shavlik Randolph,255054.00,2009,2010,MIA,Miami Heat
7891,Shavlik Randolph,88488.00,2009,2010,POR,Portland Trail Blazers
10083,Shavlik Randolph,1227985.00,2014,2015,DEN,Denver Nuggets
1437,Shawn Bradley,2700000.00,1993,1994,PHI,Philadelphia 76ers
1776,Shawn Bradley,3510000.00,1994,1995,PHI,Philadelphia 76ers
2156,Shawn Bradley,4320000.00,1995,1996,NJN,Brooklyn Nets
2542,Shawn Bradley,5130000.00,1996,1997,NJN,Brooklyn Nets
3304,Shawn Bradley,6750000.00,1998,1999,DAL,Dallas Mavericks
3647,Shawn Bradley,7560000.00,1999,2000,DAL,Dallas Mavericks
4060,Shawn Bradley,8370000.00,2000,2001,DAL,Dallas Mavericks
4505,Shawn Bradley,4500000.00,2001,2002,DAL,Dallas Mavericks
4949,Shawn Bradley,4000000.00,2002,2003,DAL,Dallas Mavericks
5775,Shawn Bradley,4000000.00,2004,2005,DAL,Dallas Mavericks
6228,Shawn Bradley,4500000.00,2005,2006,DAL,Dallas Mavericks
300,Shawn Kemp,350000.00,1990,1991,OKC,Oklahoma City Thunder
668,Shawn Kemp,430000.00,1991,1992,OKC,Oklahoma City Thunder
1045,Shawn Kemp,650000.00,1992,1993,OKC,Oklahoma City Thunder
1438,Shawn Kemp,750000.00,1993,1994,OKC,Oklahoma City Thunder
1777,Shawn Kemp,1000000.00,1994,1995,OKC,Oklahoma City Thunder
2157,Shawn Kemp,3000000.00,1995,1996,OKC,Oklahoma City Thunder
2543,Shawn Kemp,3300000.00,1996,1997,OKC,Oklahoma City Thunder
2914,Shawn Kemp,8600000.00,1997,1998,CLE,Cleveland Caveliers
3305,Shawn Kemp,9740000.00,1998,1999,CLE,Cleveland Caveliers
3648,Shawn Kemp,10780000.00,1999,2000,CLE,Cleveland Caveliers
4061,Shawn Kemp,11720000.00,2000,2001,POR,Portland Trail Blazers
4506,Shawn Kemp,12660000.00,2001,2002,POR,Portland Trail Blazers
4950,Shawn Kemp,12621028.00,2002,2003,POR,Portland Trail Blazers
4951,Shawn Kemp,1030000.00,2002,2003,ORL,Orlando Magic
5361,Shawn Kemp,14941935.00,2003,2004,POR,Portland Trail Blazers
11245,Shawn Long,96969.00,2016,2017,PHI,Philadelphia 76ers
4062,Shawn Marion,1662240.00,2000,2001,PHO,Phoenix Suns
4507,Shawn Marion,1778160.00,2001,2002,PHO,Phoenix Suns
4952,Shawn Marion,2265375.00,2002,2003,PHO,Phoenix Suns
5362,Shawn Marion,10960000.00,2003,2004,PHO,Phoenix Suns
5776,Shawn Marion,12330000.00,2004,2005,PHO,Phoenix Suns
6609,Shawn Marion,15070000.00,2006,2007,PHO,Phoenix Suns
7016,Shawn Marion,16440000.00,2007,2008,MIA,Miami Heat
7432,Shawn Marion,17810000.00,2008,2009,TOR,Toronto Raptors 
7892,Shawn Marion,6635068.00,2009,2010,DAL,Dallas Mavericks
8299,Shawn Marion,7305500.00,2010,2011,DAL,Dallas Mavericks
8743,Shawn Marion,8022449.00,2011,2012,DAL,Dallas Mavericks
9177,Shawn Marion,8646364.00,2012,2013,DAL,Dallas Mavericks
9573,Shawn Marion,9316796.00,2013,2014,DAL,Dallas Mavericks
10084,Shawn Marion,1448490.00,2014,2015,CLE,Cleveland Caveliers
2158,Shawn Respert,1232000.00,1995,1996,MIL,Milwaukee Bucks
2544,Shawn Respert,1417000.00,1996,1997,MIL,Milwaukee Bucks
2915,Shawn Respert,1602120.00,1997,1998,TOR,Toronto Raptors 
7017,Shawne Williams,1470360.00,2007,2008,IND,Indiana Pacers
7433,Shawne Williams,1572960.00,2008,2009,DAL,Dallas Mavericks
7893,Shawne Williams,2416067.00,2009,2010,NJN,Brooklyn Nets
8300,Shawne Williams,885210.00,2010,2011,NYK,New York Knicks
8744,Shawne Williams,3000000.00,2011,2012,NJN,Brooklyn Nets
9178,Shawne Williams,2600000.00,2012,2013,POR,Portland Trail Blazers
10085,Shawne Williams,1227985.00,2014,2015,MIL,Milwaukee Bucks
2545,Shawnelle Scott,300000.00,1996,1997,CLE,Cleveland Caveliers
2916,Shawnelle Scott,500000.00,1997,1998,CLE,Cleveland Caveliers
4508,Shawnelle Scott,590850.00,2001,2002,DEN,Denver Nuggets
10086,Shayne Whittington,507336.00,2014,2015,IND,Indiana Pacers
10641,Shayne Whittington,845059.00,2015,2016,IND,Indiana Pacers
2917,Shea Seals,242000.00,1997,1998,LAL,Los Angeles Lakers
3649,Shea Seals,385000.00,1999,2000,LAL,Los Angeles Lakers
6610,Shelden Williams,2952840.00,2006,2007,ATL,Atlanta Hawks
7434,Shelden Williams,3395760.00,2008,2009,MIN,Minnesota Timberwolves
7894,Shelden Williams,825497.00,2009,2010,BOS,Boston Celtic
8301,Shelden Williams,915852.00,2010,2011,NYK,New York Knicks
8745,Shelden Williams,992680.00,2011,2012,NJN,Brooklyn Nets
11762,Sheldon Mac,1312611.00,2017,2018,WAS,Washington Wizards
11246,Sheldon McClellan,543471.00,2016,2017,WAS,Washington Wizards
8746,Shelvin Mack,473604.00,2011,2012,WAS,Washington Wizards
9179,Shelvin Mack,89670.00,2012,2013,PHI,Philadelphia 76ers
9180,Shelvin Mack,67253.00,2012,2013,WAS,Washington Wizards
9574,Shelvin Mack,884293.00,2013,2014,ATL,Atlanta Hawks
10087,Shelvin Mack,2433333.00,2014,2015,ATL,Atlanta Hawks
10642,Shelvin Mack,2433333.00,2015,2016,UTA,Utah Jazz
11247,Shelvin Mack,2433334.00,2016,2017,UTA,Utah Jazz
11763,Shelvin Mack,6000000.00,2017,2018,ORL,Orlando Magic
2159,Sherell Ford,500000.00,1995,1996,OKC,Oklahoma City Thunder
2546,Sherell Ford,500000.00,1996,1997,OKC,Oklahoma City Thunder
2918,Sherell Ford,670800.00,1997,1998,OKC,Oklahoma City Thunder
301,Sherman Douglas,325000.00,1990,1991,MIA,Miami Heat
669,Sherman Douglas,1250000.00,1991,1992,MIA,Miami Heat
1046,Sherman Douglas,1869000.00,1992,1993,BOS,Boston Celtic
1439,Sherman Douglas,2300000.00,1993,1994,BOS,Boston Celtic
1778,Sherman Douglas,2731000.00,1994,1995,BOS,Boston Celtic
2160,Sherman Douglas,3163000.00,1995,1996,MIL,Milwaukee Bucks
2547,Sherman Douglas,3594000.00,1996,1997,MIL,Milwaukee Bucks
2919,Sherman Douglas,4025000.00,1997,1998,DEN,Denver Nuggets
2920,Sherman Douglas,272250.00,1997,1998,NJN,Brooklyn Nets
3306,Sherman Douglas,2200000.00,1998,1999,LAC,Los Angeles Clippers
3650,Sherman Douglas,1000000.00,1999,2000,NJN,Brooklyn Nets
4063,Sherman Douglas,1100000.00,2000,2001,NJN,Brooklyn Nets
302,Sidney Green,837000.00,1990,1991,SAS,San Antonio Spurs
670,Sidney Green,1063000.00,1991,1992,SAS,San Antonio Spurs
1047,Sidney Green,1288000.00,1992,1993,CHA,Charlotte Hornets
1440,Sidney Green,1512000.00,1993,1994,PHI,Philadelphia 76ers
303,Sidney Moncrief,510000.00,1990,1991,ATL,Atlanta Hawks
10088,Sim Bhullar,29843.00,2014,2015,SAC,Sacramento Kings
11764,Sindarius Thornwell,815615.00,2017,2018,LAC,Los Angeles Clippers
11248,Skal Labissiere,1188840.00,2016,2017,SAC,Sacramento Kings
11765,Skal Labissiere,1312611.00,2017,2018,SAC,Sacramento Kings
5363,Slavko Vranes,129768.00,2003,2004,NYK,New York Knicks
304,Sleepy Floyd,1400000.00,1990,1991,HOU,Houston Rockets
671,Sleepy Floyd,1500000.00,1991,1992,HOU,Houston Rockets
1441,Sleepy Floyd,1700000.00,1993,1994,HOU,Houston Rockets
1442,Sleepy Floyd,150000.00,1993,1994,SAS,San Antonio Spurs
4953,Smush Parker,349458.00,2002,2003,CLE,Cleveland Caveliers
5777,Smush Parker,695046.00,2004,2005,DET,Detroit Pistons
6229,Smush Parker,745248.00,2005,2006,LAL,Los Angeles Lakers
6611,Smush Parker,798112.00,2006,2007,LAL,Los Angeles Lakers
7018,Smush Parker,2250000.00,2007,2008,MIA,Miami Heat
8302,Solomon Alabi,770000.00,2010,2011,TOR,Toronto Raptors 
8747,Solomon Alabi,830000.00,2011,2012,TOR,Toronto Raptors 
9575,Solomon Hill,1246680.00,2013,2014,IND,Indiana Pacers
10089,Solomon Hill,1302840.00,2014,2015,IND,Indiana Pacers
10643,Solomon Hill,1358880.00,2015,2016,IND,Indiana Pacers
11249,Solomon Hill,11241218.00,2016,2017,NOH,New Orleans Pelicans
11766,Solomon Hill,12236535.00,2017,2018,NOH,New Orleans Pelicans
6612,Solomon Jones,675000.00,2006,2007,ATL,Atlanta Hawks
7019,Solomon Jones,729000.00,2007,2008,ATL,Atlanta Hawks
7435,Solomon Jones,797581.00,2008,2009,ATL,Atlanta Hawks
7895,Solomon Jones,1620000.00,2009,2010,IND,Indiana Pacers
8303,Solomon Jones,1500000.00,2010,2011,IND,Indiana Pacers
8748,Solomon Jones,280234.00,2011,2012,LAC,Los Angeles Clippers
8749,Solomon Jones,160119.00,2011,2012,NOH,New Orleans Pelicans
7436,Sonny Weems,442114.00,2008,2009,DEN,Denver Nuggets
7896,Sonny Weems,736420.00,2009,2010,TOR,Toronto Raptors 
8304,Sonny Weems,854389.00,2010,2011,TOR,Toronto Raptors 
10644,Sonny Weems,2800000.00,2015,2016,PHI,Philadelphia 76ers
4064,Soumaila Samake,316969.00,2000,2001,NJN,Brooklyn Nets
4509,Soumaila Samake,465850.00,2001,2002,CHI,Chicago Bulls
4954,Soumaila Samake,124984.00,2002,2003,LAL,Los Angeles Lakers
4510,Speedy Claxton,1006200.00,2001,2002,PHI,Philadelphia 76ers
4955,Speedy Claxton,1076400.00,2002,2003,SAS,San Antonio Spurs
5364,Speedy Claxton,3000000.00,2003,2004,GSW,Golden State Warriors
5778,Speedy Claxton,3300000.00,2004,2005,GSW,Golden State Warriors
6230,Speedy Claxton,3600000.00,2005,2006,NOH,New Orleans Pelicans
6613,Speedy Claxton,6854546.00,2006,2007,ATL,Atlanta Hawks
7020,Speedy Claxton,6306182.00,2007,2008,ATL,Atlanta Hawks
7437,Speedy Claxton,5757818.00,2008,2009,ATL,Atlanta Hawks
7897,Speedy Claxton,5209454.00,2009,2010,GSW,Golden State Warriors
10090,Spencer Dinwiddie,700000.00,2014,2015,DET,Detroit Pistons
10645,Spencer Dinwiddie,845059.00,2015,2016,DET,Detroit Pistons
11250,Spencer Dinwiddie,726672.00,2016,2017,NJN,Brooklyn Nets
11767,Spencer Dinwiddie,1524305.00,2017,2018,NJN,Brooklyn Nets
7438,Spencer Hawes,2180760.00,2008,2009,SAC,Sacramento Kings
7898,Spencer Hawes,2332800.00,2009,2010,SAC,Sacramento Kings
8305,Spencer Hawes,2974320.00,2010,2011,PHI,Philadelphia 76ers
8750,Spencer Hawes,4051024.00,2011,2012,PHI,Philadelphia 76ers
9181,Spencer Hawes,8500000.00,2012,2013,PHI,Philadelphia 76ers
9576,Spencer Hawes,6500000.00,2013,2014,PHI,Philadelphia 76ers
10091,Spencer Hawes,5305000.00,2014,2015,LAC,Los Angeles Clippers
10646,Spencer Hawes,5543725.00,2015,2016,CHA,Charlotte Hornets
11251,Spencer Hawes,6348759.00,2016,2017,MIL,Milwaukee Bucks
11768,Spencer Hawes,6021175.00,2017,2018,MIL,Milwaukee Bucks
305,Spud Webb,510000.00,1990,1991,ATL,Atlanta Hawks
672,Spud Webb,560000.00,1991,1992,SAC,Sacramento Kings
1048,Spud Webb,1317000.00,1992,1993,SAC,Sacramento Kings
1443,Spud Webb,1567000.00,1993,1994,SAC,Sacramento Kings
1779,Spud Webb,2071600.00,1994,1995,SAC,Sacramento Kings
2161,Spud Webb,1800000.00,1995,1996,ATL,Atlanta Hawks
673,Stacey Augmon,875000.00,1991,1992,ATL,Atlanta Hawks
1049,Stacey Augmon,1138000.00,1992,1993,ATL,Atlanta Hawks
1444,Stacey Augmon,1400000.00,1993,1994,ATL,Atlanta Hawks
1780,Stacey Augmon,1662500.00,1994,1995,ATL,Atlanta Hawks
2162,Stacey Augmon,2160000.00,1995,1996,ATL,Atlanta Hawks
2548,Stacey Augmon,2480000.00,1996,1997,DET,Detroit Pistons
2921,Stacey Augmon,2800000.00,1997,1998,POR,Portland Trail Blazers
3651,Stacey Augmon,3450000.00,1999,2000,HOU,Houston Rockets
4065,Stacey Augmon,923500.00,2000,2001,POR,Portland Trail Blazers
4511,Stacey Augmon,2400000.00,2001,2002,CHA,Charlotte Hornets
4956,Stacey Augmon,2400000.00,2002,2003,NOH,New Orleans Pelicans
5365,Stacey Augmon,2400000.00,2003,2004,NOH,New Orleans Pelicans
5779,Stacey Augmon,1100000.00,2004,2005,ORL,Orlando Magic
6231,Stacey Augmon,1138500.00,2005,2006,ORL,Orlando Magic
306,Stacey King,1000000.00,1990,1991,CHI,Chicago Bulls
674,Stacey King,1100000.00,1991,1992,CHI,Chicago Bulls
1050,Stacey King,1400000.00,1992,1993,CHI,Chicago Bulls
1445,Stacey King,1600000.00,1993,1994,CHI,Chicago Bulls
2163,Stacey King,600000.00,1995,1996,MIA,Miami Heat
2922,Stacey King,100000.00,1997,1998,SAC,Sacramento Kings
1051,Stan Kimbrough,133000.00,1992,1993,SAC,Sacramento Kings
4066,Stanislav Medvedenko,316969.00,2000,2001,LAL,Los Angeles Lakers
4512,Stanislav Medvedenko,465850.00,2001,2002,LAL,Los Angeles Lakers
4957,Stanislav Medvedenko,1400000.00,2002,2003,LAL,Los Angeles Lakers
5366,Stanislav Medvedenko,1540000.00,2003,2004,LAL,Los Angeles Lakers
5780,Stanislav Medvedenko,3000000.00,2004,2005,LAL,Los Angeles Lakers
6232,Stanislav Medvedenko,3000000.00,2005,2006,LAL,Los Angeles Lakers
6614,Stanislav Medvedenko,625132.00,2006,2007,ATL,Atlanta Hawks
10647,Stanley Johnson,2841960.00,2015,2016,DET,Detroit Pistons
11252,Stanley Johnson,2969880.00,2016,2017,DET,Detroit Pistons
11769,Stanley Johnson,3097800.00,2017,2018,DET,Detroit Pistons
675,Stanley Roberts,550000.00,1991,1992,ORL,Orlando Magic
1052,Stanley Roberts,1900000.00,1992,1993,LAC,Los Angeles Clippers
1446,Stanley Roberts,2841000.00,1993,1994,LAC,Los Angeles Clippers
1781,Stanley Roberts,3496000.00,1994,1995,LAC,Los Angeles Clippers
2164,Stanley Roberts,3000000.00,1995,1996,LAC,Los Angeles Clippers
2549,Stanley Roberts,3250000.00,1996,1997,LAC,Los Angeles Clippers
2923,Stanley Roberts,3750000.00,1997,1998,MIN,Minnesota Timberwolves
3652,Stanley Roberts,102824.00,1999,2000,PHI,Philadelphia 76ers
11253,Stefan Jankovic,100000.00,2016,2017,MIA,Miami Heat
2165,Stefano Rusconi,415000.00,1995,1996,PHO,Phoenix Suns
7021,Stephane Lasme,48056.00,2007,2008,GSW,Golden State Warriors
7899,Stephen Curry,2710560.00,2009,2010,GSW,Golden State Warriors
8306,Stephen Curry,2913840.00,2010,2011,GSW,Golden State Warriors
8751,Stephen Curry,3117120.00,2011,2012,GSW,Golden State Warriors
9182,Stephen Curry,3958742.00,2012,2013,GSW,Golden State Warriors
9577,Stephen Curry,9887642.00,2013,2014,GSW,Golden State Warriors
10092,Stephen Curry,10629213.00,2014,2015,GSW,Golden State Warriors
10648,Stephen Curry,11370786.00,2015,2016,GSW,Golden State Warriors
11254,Stephen Curry,12112359.00,2016,2017,GSW,Golden State Warriors
11770,Stephen Curry,34682550.00,2017,2018,GSW,Golden State Warriors
6233,Stephen Graham,48630.00,2005,2006,HOU,Houston Rockets
6615,Stephen Graham,259204.00,2006,2007,POR,Portland Trail Blazers
7022,Stephen Graham,770610.00,2007,2008,IND,Indiana Pacers
7439,Stephen Graham,826269.00,2008,2009,IND,Indiana Pacers
8307,Stephen Graham,992680.00,2010,2011,NJN,Brooklyn Nets
1053,Stephen Howard,140000.00,1992,1993,UTA,Utah Jazz
2550,Stephen Howard,181100.00,1996,1997,SAS,San Antonio Spurs
2924,Stephen Howard,272250.00,1997,1998,OKC,Oklahoma City Thunder
4067,Stephen Jackson,316969.00,2000,2001,NJN,Brooklyn Nets
4513,Stephen Jackson,590850.00,2001,2002,SAS,San Antonio Spurs
4958,Stephen Jackson,699935.00,2002,2003,SAS,San Antonio Spurs
5367,Stephen Jackson,1000000.00,2003,2004,ATL,Atlanta Hawks
5781,Stephen Jackson,5100000.00,2004,2005,IND,Indiana Pacers
6234,Stephen Jackson,5610000.00,2005,2006,IND,Indiana Pacers
6616,Stephen Jackson,6120000.00,2006,2007,GSW,Golden State Warriors
7023,Stephen Jackson,6630000.00,2007,2008,GSW,Golden State Warriors
8752,Stephen Jackson,9256500.00,2011,2012,MIL,Milwaukee Bucks
9183,Stephen Jackson,10059750.00,2012,2013,SAS,San Antonio Spurs
11255,Stephen Zimmerman,950000.00,2016,2017,ORL,Orlando Magic
11771,Stephen Zimmerman,1312611.00,2017,2018,LAL,Los Angeles Lakers
2925,Stephon Marbury,2266320.00,1997,1998,MIN,Minnesota Timberwolves
3307,Stephon Marbury,2562000.00,1998,1999,NJN,Brooklyn Nets
3653,Stephon Marbury,9000000.00,1999,2000,NJN,Brooklyn Nets
4068,Stephon Marbury,10130000.00,2000,2001,NJN,Brooklyn Nets
4514,Stephon Marbury,11250000.00,2001,2002,PHO,Phoenix Suns
4959,Stephon Marbury,12375000.00,2002,2003,PHO,Phoenix Suns
5368,Stephon Marbury,13500000.00,2003,2004,PHO,Phoenix Suns
5782,Stephon Marbury,14625000.00,2004,2005,NYK,New York Knicks
6235,Stephon Marbury,16453125.00,2005,2006,NYK,New York Knicks
7024,Stephon Marbury,19012500.00,2007,2008,NYK,New York Knicks
7440,Stephon Marbury,20840625.00,2008,2009,NYK,New York Knicks
11772,Sterling Brown,815615.00,2017,2018,MIL,Milwaukee Bucks
307,Steve Alford,250000.00,1990,1991,DAL,Dallas Mavericks
1054,Steve Bardo,150000.00,1992,1993,DAL,Dallas Mavericks
5369,Steve Blake,366931.00,2003,2004,WAS,Washington Wizards
5783,Steve Blake,620046.00,2004,2005,WAS,Washington Wizards
6236,Steve Blake,1000000.00,2005,2006,POR,Portland Trail Blazers
7025,Steve Blake,4250000.00,2007,2008,POR,Portland Trail Blazers
7441,Steve Blake,4250000.00,2008,2009,POR,Portland Trail Blazers
7900,Steve Blake,4930000.00,2009,2010,LAC,Los Angeles Clippers
8308,Steve Blake,4000000.00,2010,2011,LAL,Los Angeles Lakers
8753,Steve Blake,4000000.00,2011,2012,LAL,Los Angeles Lakers
9184,Steve Blake,4000000.00,2012,2013,LAL,Los Angeles Lakers
9578,Steve Blake,4000000.00,2013,2014,LAL,Los Angeles Lakers
10093,Steve Blake,2077000.00,2014,2015,POR,Portland Trail Blazers
10649,Steve Blake,2170465.00,2015,2016,DET,Detroit Pistons
308,Steve Colter,300000.00,1990,1991,SAC,Sacramento Kings
1782,Steve Colter,150000.00,1994,1995,CLE,Cleveland Caveliers
3654,Steve Francis,3020520.00,1999,2000,HOU,Houston Rockets
4069,Steve Francis,3246960.00,2000,2001,HOU,Houston Rockets
4515,Steve Francis,3473520.00,2001,2002,HOU,Houston Rockets
5370,Steve Francis,10960000.00,2003,2004,HOU,Houston Rockets
5784,Steve Francis,12330000.00,2004,2005,ORL,Orlando Magic
6237,Steve Francis,13700000.00,2005,2006,ORL,Orlando Magic
7026,Steve Francis,15070000.00,2007,2008,POR,Portland Trail Blazers
7442,Steve Francis,17180000.00,2008,2009,POR,Portland Trail Blazers
7443,Steve Francis,2636550.00,2008,2009,MEM,Memphis Grizzlies
3655,Steve Goodrich,4529.00,1999,2000,PHI,Philadelphia 76ers
4516,Steve Goodrich,465850.00,2001,2002,NJN,Brooklyn Nets
2551,Steve Hamer,220000.00,1996,1997,BOS,Boston Celtic
309,Steve Henson,120000.00,1990,1991,MIL,Milwaukee Bucks
676,Steve Henson,350000.00,1991,1992,MIL,Milwaukee Bucks
1447,Steve Henson,250000.00,1993,1994,ATL,Atlanta Hawks
2926,Steve Henson,272250.00,1997,1998,NJN,Brooklyn Nets
310,Steve Kerr,548000.00,1990,1991,CLE,Cleveland Caveliers
677,Steve Kerr,553000.00,1991,1992,CLE,Cleveland Caveliers
1055,Steve Kerr,550000.00,1992,1993,ORL,Orlando Magic
1448,Steve Kerr,150000.00,1993,1994,CHI,Chicago Bulls
2166,Steve Kerr,800000.00,1995,1996,CHI,Chicago Bulls
2552,Steve Kerr,750000.00,1996,1997,CHI,Chicago Bulls
2927,Steve Kerr,750000.00,1997,1998,CHI,Chicago Bulls
3656,Steve Kerr,1968750.00,1999,2000,SAS,San Antonio Spurs
4517,Steve Kerr,2406250.00,2001,2002,POR,Portland Trail Blazers
4960,Steve Kerr,2625000.00,2002,2003,SAS,San Antonio Spurs
2553,Steve Nash,916000.00,1996,1997,PHO,Phoenix Suns
2928,Steve Nash,1053360.00,1997,1998,PHO,Phoenix Suns
3308,Steve Nash,1190760.00,1998,1999,DAL,Dallas Mavericks
3657,Steve Nash,5500000.00,1999,2000,DAL,Dallas Mavericks
4070,Steve Nash,5500000.00,2000,2001,DAL,Dallas Mavericks
4518,Steve Nash,5750000.00,2001,2002,DAL,Dallas Mavericks
4961,Steve Nash,5750000.00,2002,2003,DAL,Dallas Mavericks
5785,Steve Nash,8750000.00,2004,2005,PHO,Phoenix Suns
6617,Steve Nash,10500000.00,2006,2007,PHO,Phoenix Suns
7027,Steve Nash,11375000.00,2007,2008,PHO,Phoenix Suns
7444,Steve Nash,12250000.00,2008,2009,PHO,Phoenix Suns
7901,Steve Nash,13125000.00,2009,2010,PHO,Phoenix Suns
8754,Steve Nash,11689062.00,2011,2012,PHO,Phoenix Suns
9185,Steve Nash,8900000.00,2012,2013,LAL,Los Angeles Lakers
9579,Steve Nash,9300500.00,2013,2014,LAL,Los Angeles Lakers
10094,Steve Nash,9701000.00,2014,2015,LAL,Los Angeles Lakers
6618,Steve Novak,600000.00,2006,2007,HOU,Houston Rockets
7445,Steve Novak,797581.00,2008,2009,LAC,Los Angeles Clippers
7902,Steve Novak,855189.00,2009,2010,LAC,Los Angeles Clippers
8309,Steve Novak,384766.00,2010,2011,DAL,Dallas Mavericks
8310,Steve Novak,350179.00,2010,2011,SAS,San Antonio Spurs
8755,Steve Novak,992680.00,2011,2012,NYK,New York Knicks
9186,Steve Novak,4054055.00,2012,2013,NYK,New York Knicks
9580,Steve Novak,3750000.00,2013,2014,TOR,Toronto Raptors 
10095,Steve Novak,3445946.00,2014,2015,OKC,Oklahoma City Thunder
10650,Steve Novak,3750000.00,2015,2016,DEN,Denver Nuggets
10651,Steve Novak,416886.00,2015,2016,MIL,Milwaukee Bucks
11256,Steve Novak,1551659.00,2016,2017,MIL,Milwaukee Bucks
311,Steve Scheffler,200000.00,1990,1991,CHA,Charlotte Hornets
1056,Steve Scheffler,140000.00,1992,1993,OKC,Oklahoma City Thunder
1449,Steve Scheffler,170000.00,1993,1994,OKC,Oklahoma City Thunder
1783,Steve Scheffler,275000.00,1994,1995,OKC,Oklahoma City Thunder
2167,Steve Scheffler,250000.00,1995,1996,OKC,Oklahoma City Thunder
2554,Steve Scheffler,275000.00,1996,1997,OKC,Oklahoma City Thunder
2929,Steve Scheffler,330000.00,1997,1998,DEN,Denver Nuggets
678,Steve Smith,2250000.00,1991,1992,MIA,Miami Heat
1057,Steve Smith,2252000.00,1992,1993,MIA,Miami Heat
1450,Steve Smith,2252000.00,1993,1994,MIA,Miami Heat
1784,Steve Smith,1935900.00,1994,1995,ATL,Atlanta Hawks
2168,Steve Smith,2568000.00,1995,1996,ATL,Atlanta Hawks
2555,Steve Smith,4500000.00,1996,1997,ATL,Atlanta Hawks
2930,Steve Smith,5400000.00,1997,1998,ATL,Atlanta Hawks
3309,Steve Smith,6300000.00,1998,1999,ATL,Atlanta Hawks
4071,Steve Smith,8100000.00,2000,2001,POR,Portland Trail Blazers
4519,Steve Smith,9000000.00,2001,2002,SAS,San Antonio Spurs
4962,Steve Smith,9900000.00,2002,2003,SAS,San Antonio Spurs
5371,Steve Smith,1070000.00,2003,2004,NOH,New Orleans Pelicans
9581,Steven Adams,2090880.00,2013,2014,OKC,Oklahoma City Thunder
10096,Steven Adams,2184960.00,2014,2015,OKC,Oklahoma City Thunder
10652,Steven Adams,2279040.00,2015,2016,OKC,Oklahoma City Thunder
11257,Steven Adams,3140517.00,2016,2017,OKC,Oklahoma City Thunder
11773,Steven Adams,22471910.00,2017,2018,OKC,Oklahoma City Thunder
7446,Steven Hill,148238.00,2008,2009,OKC,Oklahoma City Thunder
4520,Steven Hunter,1244880.00,2001,2002,ORL,Orlando Magic
4963,Steven Hunter,1338240.00,2002,2003,ORL,Orlando Magic
5372,Steven Hunter,1431600.00,2003,2004,ORL,Orlando Magic
5786,Steven Hunter,1000000.00,2004,2005,CLE,Cleveland Caveliers
5787,Steven Hunter,720046.00,2004,2005,PHO,Phoenix Suns
6238,Steven Hunter,2800000.00,2005,2006,PHI,Philadelphia 76ers
6619,Steven Hunter,3024000.00,2006,2007,PHI,Philadelphia 76ers
7028,Steven Hunter,3248000.00,2007,2008,DEN,Denver Nuggets
7447,Steven Hunter,3862600.00,2008,2009,DEN,Denver Nuggets
7903,Steven Hunter,3696000.00,2009,2010,MEM,Memphis Grizzlies
6620,Steven Smith,161061.00,2006,2007,PHI,Philadelphia 76ers
312,Stojko Vrankovic,222000.00,1990,1991,BOS,Boston Celtic
679,Stojko Vrankovic,665000.00,1991,1992,BOS,Boston Celtic
1058,Stojko Vrankovic,831000.00,1992,1993,BOS,Boston Celtic
1451,Stojko Vrankovic,831000.00,1993,1994,BOS,Boston Celtic
1785,Stojko Vrankovic,831000.00,1994,1995,BOS,Boston Celtic
2931,Stojko Vrankovic,3580000.00,1997,1998,LAC,Los Angeles Clippers
3310,Stojko Vrankovic,4060000.00,1998,1999,LAC,Los Angeles Clippers
4072,Stromile Swift,3164280.00,2000,2001,MEM,Memphis Grizzlies
4521,Stromile Swift,3401640.00,2001,2002,MEM,Memphis Grizzlies
4964,Stromile Swift,3639000.00,2002,2003,MEM,Memphis Grizzlies
5373,Stromile Swift,4592418.00,2003,2004,MEM,Memphis Grizzlies
5788,Stromile Swift,5993105.00,2004,2005,MEM,Memphis Grizzlies
6239,Stromile Swift,5000000.00,2005,2006,HOU,Houston Rockets
6621,Stromile Swift,5400000.00,2006,2007,MEM,Memphis Grizzlies
7029,Stromile Swift,5800000.00,2007,2008,NJN,Brooklyn Nets
7448,Stromile Swift,6200000.00,2008,2009,NJN,Brooklyn Nets
680,Stuart Gray,520000.00,1991,1992,NYK,New York Knicks
7449,Sun Yue,442114.00,2008,2009,LAL,Los Angeles Lakers
7904,Sundiata Gaines,269169.00,2009,2010,UTA,Utah Jazz
8311,Sundiata Gaines,237626.00,2010,2011,MIN,Minnesota Timberwolves
8312,Sundiata Gaines,89670.00,2010,2011,TOR,Toronto Raptors 
8756,Sundiata Gaines,854389.00,2011,2012,NJN,Brooklyn Nets
5374,T.J. Ford,2002680.00,2003,2004,MIL,Milwaukee Bucks
5789,T.J. Ford,2152800.00,2004,2005,MIL,Milwaukee Bucks
6240,T.J. Ford,2303040.00,2005,2006,MIL,Milwaukee Bucks
6622,T.J. Ford,2929467.00,2006,2007,TOR,Toronto Raptors 
7030,T.J. Ford,8000000.00,2007,2008,TOR,Toronto Raptors 
7450,T.J. Ford,8000000.00,2008,2009,IND,Indiana Pacers
7905,T.J. Ford,8500000.00,2009,2010,IND,Indiana Pacers
8313,T.J. Ford,8500000.00,2010,2011,IND,Indiana Pacers
8757,T.J. Ford,1146337.00,2011,2012,SAS,San Antonio Spurs
11774,T.J. Leaf,2028360.00,2017,2018,IND,Indiana Pacers
10653,T.J. McConnell,525093.00,2015,2016,PHI,Philadelphia 76ers
11258,T.J. McConnell,874636.00,2016,2017,PHI,Philadelphia 76ers
11775,T.J. McConnell,1471382.00,2017,2018,PHI,Philadelphia 76ers
10097,T.J. Warren,1953120.00,2014,2015,PHO,Phoenix Suns
10654,T.J. Warren,2041080.00,2015,2016,PHO,Phoenix Suns
11259,T.J. Warren,2128920.00,2016,2017,PHO,Phoenix Suns
11776,T.J. Warren,3152931.00,2017,2018,PHO,Phoenix Suns
7906,Taj Gibson,1039800.00,2009,2010,CHI,Chicago Bulls
8314,Taj Gibson,1117680.00,2010,2011,CHI,Chicago Bulls
8758,Taj Gibson,1195680.00,2011,2012,CHI,Chicago Bulls
9187,Taj Gibson,2155811.00,2012,2013,CHI,Chicago Bulls
9582,Taj Gibson,7550000.00,2013,2014,CHI,Chicago Bulls
10655,Taj Gibson,8500000.00,2015,2016,CHI,Chicago Bulls
11260,Taj Gibson,8950000.00,2016,2017,OKC,Oklahoma City Thunder
11777,Taj Gibson,14000000.00,2017,2018,MIN,Minnesota Timberwolves
4965,Tamar Slay,349458.00,2002,2003,NJN,Brooklyn Nets
5375,Tamar Slay,563679.00,2003,2004,NJN,Brooklyn Nets
4522,Tang Hamilton,60881.00,2001,2002,MIA,Miami Heat
6623,Tarence Kinsey,412718.00,2006,2007,MEM,Memphis Grizzlies
7031,Tarence Kinsey,219533.00,2007,2008,MEM,Memphis Grizzlies
7451,Tarence Kinsey,797581.00,2008,2009,CLE,Cleveland Caveliers
10098,Tarik Black,507336.00,2014,2015,LAL,Los Angeles Lakers
10656,Tarik Black,845059.00,2015,2016,LAL,Los Angeles Lakers
11261,Tarik Black,6191000.00,2016,2017,LAL,Los Angeles Lakers
11778,Tarik Black,3290000.00,2017,2018,HOU,Houston Rockets
2932,Tariq Abdul-Wahad,1226880.00,1997,1998,SAC,Sacramento Kings
3311,Tariq Abdul-Wahad,1411000.00,1998,1999,SAC,Sacramento Kings
3658,Tariq Abdul-Wahad,1594920.00,1999,2000,DEN,Denver Nuggets
4073,Tariq Abdul-Wahad,4500000.00,2000,2001,DEN,Denver Nuggets
4523,Tariq Abdul-Wahad,5062500.00,2001,2002,DEN,Denver Nuggets
4966,Tariq Abdul-Wahad,5625000.00,2002,2003,DAL,Dallas Mavericks
5790,Tariq Abdul-Wahad,6750000.00,2004,2005,DAL,Dallas Mavericks
6241,Tariq Abdul-Wahad,3656250.00,2005,2006,DAL,Dallas Mavericks
313,Tate George,410000.00,1990,1991,NJN,Brooklyn Nets
681,Tate George,481000.00,1991,1992,NJN,Brooklyn Nets
1059,Tate George,551000.00,1992,1993,NJN,Brooklyn Nets
1452,Tate George,626000.00,1993,1994,NJN,Brooklyn Nets
1786,Tate George,5260.00,1994,1995,PHI,Philadelphia 76ers
7032,Taurean Green,427163.00,2007,2008,DEN,Denver Nuggets
11262,Taurean Waller-Prince,2318280.00,2016,2017,ATL,Atlanta Hawks
11779,Taurean Waller-Prince,2422560.00,2017,2018,ATL,Atlanta Hawks
7907,Taylor Griffin,457588.00,2009,2010,PHO,Phoenix Suns
4967,Tayshaun Prince,903360.00,2002,2003,DET,Detroit Pistons
5376,Tayshaun Prince,971160.00,2003,2004,DET,Detroit Pistons
5791,Tayshaun Prince,1038960.00,2004,2005,DET,Detroit Pistons
6242,Tayshaun Prince,1763115.00,2005,2006,DET,Detroit Pistons
6624,Tayshaun Prince,7851240.00,2006,2007,DET,Detroit Pistons
7033,Tayshaun Prince,8675620.00,2007,2008,DET,Detroit Pistons
7452,Tayshaun Prince,9500000.00,2008,2009,DET,Detroit Pistons
7908,Tayshaun Prince,10324380.00,2009,2010,DET,Detroit Pistons
8759,Tayshaun Prince,6292135.00,2011,2012,DET,Detroit Pistons
9188,Tayshaun Prince,6764045.00,2012,2013,MEM,Memphis Grizzlies
9583,Tayshaun Prince,7235955.00,2013,2014,MEM,Memphis Grizzlies
10099,Tayshaun Prince,7707865.00,2014,2015,DET,Detroit Pistons
10657,Tayshaun Prince,1499187.00,2015,2016,MIN,Minnesota Timberwolves
1453,Tellis Frank,200000.00,1993,1994,MIN,Minnesota Timberwolves
4524,Terence Morris,420000.00,2001,2002,HOU,Houston Rockets
6243,Terence Morris,835810.00,2005,2006,ORL,Orlando Magic
10658,Terran Petteway,75000.00,2015,2016,ATL,Atlanta Hawks
11780,Terrance Ferguson,1785000.00,2017,2018,OKC,Oklahoma City Thunder
4074,Terrance Roberson,316969.00,2000,2001,CHA,Charlotte Hornets
8760,Terrel Harris,473604.00,2011,2012,MIA,Miami Heat
9189,Terrel Harris,186656.00,2012,2013,MIA,Miami Heat
682,Terrell Brandon,525000.00,1991,1992,CLE,Cleveland Caveliers
1060,Terrell Brandon,682000.00,1992,1993,CLE,Cleveland Caveliers
1454,Terrell Brandon,840000.00,1993,1994,CLE,Cleveland Caveliers
1787,Terrell Brandon,997000.00,1994,1995,CLE,Cleveland Caveliers
2169,Terrell Brandon,1155000.00,1995,1996,CLE,Cleveland Caveliers
2556,Terrell Brandon,1312000.00,1996,1997,CLE,Cleveland Caveliers
2933,Terrell Brandon,1469440.00,1997,1998,MIL,Milwaukee Bucks
3312,Terrell Brandon,6300000.00,1998,1999,MIN,Minnesota Timberwolves
3659,Terrell Brandon,7400000.00,1999,2000,MIN,Minnesota Timberwolves
4075,Terrell Brandon,8330000.00,2000,2001,MIN,Minnesota Timberwolves
4525,Terrell Brandon,9300000.00,2001,2002,MIN,Minnesota Timberwolves
4968,Terrell Brandon,10175000.00,2002,2003,MIN,Minnesota Timberwolves
5377,Terrell Brandon,11100000.00,2003,2004,ATL,Atlanta Hawks
9584,Terrence Jones,1551840.00,2013,2014,HOU,Houston Rockets
10100,Terrence Jones,1618680.00,2014,2015,HOU,Houston Rockets
10659,Terrence Jones,2489530.00,2015,2016,HOU,Houston Rockets
11263,Terrence Jones,1050961.00,2016,2017,NOH,New Orleans Pelicans
11264,Terrence Jones,236457.00,2016,2017,MIL,Milwaukee Bucks
2170,Terrence Rencher,200000.00,1995,1996,MIA,Miami Heat
9190,Terrence Ross,2563320.00,2012,2013,TOR,Toronto Raptors 
9585,Terrence Ross,2678640.00,2013,2014,TOR,Toronto Raptors 
10101,Terrence Ross,2793960.00,2014,2015,TOR,Toronto Raptors 
10660,Terrence Ross,3553917.00,2015,2016,TOR,Toronto Raptors 
11265,Terrence Ross,10000000.00,2016,2017,ORL,Orlando Magic
11781,Terrence Ross,10500000.00,2017,2018,ORL,Orlando Magic
7909,Terrence Williams,2060040.00,2009,2010,NJN,Brooklyn Nets
8315,Terrence Williams,2214480.00,2010,2011,HOU,Houston Rockets
8761,Terrence Williams,2369040.00,2011,2012,HOU,Houston Rockets
314,Terry Catledge,1085000.00,1990,1991,ORL,Orlando Magic
683,Terry Catledge,1386000.00,1991,1992,ORL,Orlando Magic
1061,Terry Catledge,1086000.00,1992,1993,ORL,Orlando Magic
1455,Terry Catledge,1386000.00,1993,1994,ORL,Orlando Magic
315,Terry Cummings,1860000.00,1990,1991,SAS,San Antonio Spurs
684,Terry Cummings,1861000.00,1991,1992,SAS,San Antonio Spurs
1062,Terry Cummings,2407000.00,1992,1993,SAS,San Antonio Spurs
1456,Terry Cummings,2407000.00,1993,1994,SAS,San Antonio Spurs
1788,Terry Cummings,2406600.00,1994,1995,SAS,San Antonio Spurs
2171,Terry Cummings,650000.00,1995,1996,MIL,Milwaukee Bucks
2934,Terry Cummings,1000000.00,1997,1998,PHI,Philadelphia 76ers
3313,Terry Cummings,1150000.00,1998,1999,GSW,Golden State Warriors
3660,Terry Cummings,2600000.00,1999,2000,GSW,Golden State Warriors
4076,Terry Cummings,2200000.00,2000,2001,GSW,Golden State Warriors
316,Terry Davis,250000.00,1990,1991,MIA,Miami Heat
685,Terry Davis,382000.00,1991,1992,DAL,Dallas Mavericks
1063,Terry Davis,1537000.00,1992,1993,DAL,Dallas Mavericks
1457,Terry Davis,1200000.00,1993,1994,DAL,Dallas Mavericks
1789,Terry Davis,1560000.00,1994,1995,DAL,Dallas Mavericks
2172,Terry Davis,1920000.00,1995,1996,DAL,Dallas Mavericks
2557,Terry Davis,2300000.00,1996,1997,DAL,Dallas Mavericks
2935,Terry Davis,272250.00,1997,1998,WAS,Washington Wizards
3314,Terry Davis,1750000.00,1998,1999,WAS,Washington Wizards
4077,Terry Davis,923500.00,2000,2001,DEN,Denver Nuggets
1458,Terry Dehere,1050000.00,1993,1994,LAC,Los Angeles Clippers
1790,Terry Dehere,1365000.00,1994,1995,LAC,Los Angeles Clippers
2173,Terry Dehere,1680000.00,1995,1996,LAC,Los Angeles Clippers
2558,Terry Dehere,1905000.00,1996,1997,LAC,Los Angeles Clippers
2936,Terry Dehere,500000.00,1997,1998,SAC,Sacramento Kings
2937,Terry Dehere,386125.00,1997,1998,LAC,Los Angeles Clippers
3315,Terry Dehere,575000.00,1998,1999,SAC,Sacramento Kings
3316,Terry Dehere,537500.00,1998,1999,MEM,Memphis Grizzlies
317,Terry Mills,600000.00,1990,1991,NJN,Brooklyn Nets
686,Terry Mills,850000.00,1991,1992,NJN,Brooklyn Nets
1064,Terry Mills,1337000.00,1992,1993,DET,Detroit Pistons
1459,Terry Mills,1614000.00,1993,1994,DET,Detroit Pistons
1791,Terry Mills,1897000.00,1994,1995,DET,Detroit Pistons
2559,Terry Mills,2457000.00,1996,1997,DET,Detroit Pistons
3317,Terry Mills,1145000.00,1998,1999,MIA,Miami Heat
3661,Terry Mills,510000.00,1999,2000,DET,Detroit Pistons
4078,Terry Mills,1400000.00,2000,2001,DAL,Dallas Mavericks
4079,Terry Mills,1000000.00,2000,2001,IND,Indiana Pacers
318,Terry Porter,2000000.00,1990,1991,POR,Portland Trail Blazers
687,Terry Porter,1787000.00,1991,1992,POR,Portland Trail Blazers
1065,Terry Porter,2200000.00,1992,1993,POR,Portland Trail Blazers
1460,Terry Porter,2500000.00,1993,1994,POR,Portland Trail Blazers
1792,Terry Porter,2600000.00,1994,1995,POR,Portland Trail Blazers
2174,Terry Porter,1525000.00,1995,1996,MIN,Minnesota Timberwolves
2938,Terry Porter,2000000.00,1997,1998,MIN,Minnesota Timberwolves
3318,Terry Porter,1000000.00,1998,1999,MIA,Miami Heat
3662,Terry Porter,2000000.00,1999,2000,SAS,San Antonio Spurs
4526,Terry Porter,2400000.00,2001,2002,SAS,San Antonio Spurs
10661,Terry Rozier,1824360.00,2015,2016,BOS,Boston Celtic
11266,Terry Rozier,1906440.00,2016,2017,BOS,Boston Celtic
11782,Terry Rozier,1988520.00,2017,2018,BOS,Boston Celtic
319,Terry Teagle,550000.00,1990,1991,LAL,Los Angeles Lakers
688,Terry Teagle,700000.00,1991,1992,LAL,Los Angeles Lakers
6625,Thabo Sefolosha,1679280.00,2006,2007,CHI,Chicago Bulls
7034,Thabo Sefolosha,1805160.00,2007,2008,CHI,Chicago Bulls
7453,Thabo Sefolosha,1931160.00,2008,2009,OKC,Oklahoma City Thunder
7910,Thabo Sefolosha,2759628.00,2009,2010,OKC,Oklahoma City Thunder
8316,Thabo Sefolosha,3250000.00,2010,2011,OKC,Oklahoma City Thunder
8762,Thabo Sefolosha,3300000.00,2011,2012,OKC,Oklahoma City Thunder
9191,Thabo Sefolosha,3600000.00,2012,2013,OKC,Oklahoma City Thunder
9586,Thabo Sefolosha,3900000.00,2013,2014,OKC,Oklahoma City Thunder
10102,Thabo Sefolosha,4150000.00,2014,2015,ATL,Atlanta Hawks
10662,Thabo Sefolosha,4000000.00,2015,2016,ATL,Atlanta Hawks
11267,Thabo Sefolosha,3850000.00,2016,2017,ATL,Atlanta Hawks
11783,Thabo Sefolosha,5250000.00,2017,2018,UTA,Utah Jazz
7454,Thaddeus Young,1968120.00,2008,2009,PHI,Philadelphia 76ers
7911,Thaddeus Young,2105400.00,2009,2010,PHI,Philadelphia 76ers
8317,Thaddeus Young,2901241.00,2010,2011,PHI,Philadelphia 76ers
8763,Thaddeus Young,7478261.00,2011,2012,PHI,Philadelphia 76ers
9192,Thaddeus Young,8289130.00,2012,2013,PHI,Philadelphia 76ers
9587,Thaddeus Young,8600000.00,2013,2014,PHI,Philadelphia 76ers
10103,Thaddeus Young,9410870.00,2014,2015,NJN,Brooklyn Nets
10663,Thaddeus Young,11200000.00,2015,2016,NJN,Brooklyn Nets
11268,Thaddeus Young,14153652.00,2016,2017,IND,Indiana Pacers
11784,Thaddeus Young,14796348.00,2017,2018,IND,Indiana Pacers
10664,Thanasis Antetokounmpo,105888.00,2015,2016,NYK,New York Knicks
689,Tharon Mayes,130000.00,1991,1992,PHI,Philadelphia 76ers
2560,Theo Ratliff,821000.00,1996,1997,DET,Detroit Pistons
2939,Theo Ratliff,928080.00,1997,1998,DET,Detroit Pistons
3319,Theo Ratliff,6000000.00,1998,1999,PHI,Philadelphia 76ers
3663,Theo Ratliff,7031250.00,1999,2000,PHI,Philadelphia 76ers
4527,Theo Ratliff,9667969.00,2001,2002,ATL,Atlanta Hawks
4969,Theo Ratliff,9375000.00,2002,2003,ATL,Atlanta Hawks
5378,Theo Ratliff,10156250.00,2003,2004,ATL,Atlanta Hawks
5792,Theo Ratliff,10937500.00,2004,2005,POR,Portland Trail Blazers
6244,Theo Ratliff,11666666.00,2005,2006,POR,Portland Trail Blazers
7035,Theo Ratliff,11666666.00,2007,2008,MIN,Minnesota Timberwolves
7455,Theo Ratliff,1262275.00,2008,2009,PHI,Philadelphia 76ers
8318,Theo Ratliff,1352181.00,2010,2011,LAL,Los Angeles Lakers
5379,Theron Smith,366931.00,2003,2004,MEM,Memphis Grizzlies
11785,Thomas Bryant,815615.00,2017,2018,LAL,Los Angeles Lakers
7036,Thomas Gardner,101451.00,2007,2008,CHI,Chicago Bulls
7456,Thomas Gardner,711517.00,2008,2009,ATL,Atlanta Hawks
3664,Thomas Hamilton,510000.00,1999,2000,HOU,Houston Rockets
9588,Thomas Robinson,3526440.00,2013,2014,POR,Portland Trail Blazers
10104,Thomas Robinson,3678360.00,2014,2015,PHI,Philadelphia 76ers
10665,Thomas Robinson,981300.00,2015,2016,NJN,Brooklyn Nets
11269,Thomas Robinson,1050961.00,2016,2017,LAL,Los Angeles Lakers
11270,Thomas Walkup,69500.00,2016,2017,CHI,Chicago Bulls
11271,Thon Maker,2568600.00,2016,2017,MIL,Milwaukee Bucks
11786,Thon Maker,2684160.00,2017,2018,MIL,Milwaukee Bucks
320,Thurl Bailey,1000000.00,1990,1991,UTA,Utah Jazz
690,Thurl Bailey,1000000.00,1991,1992,MIN,Minnesota Timberwolves
1461,Thurl Bailey,1000000.00,1993,1994,MIN,Minnesota Timberwolves
3320,Thurl Bailey,850000.00,1998,1999,UTA,Utah Jazz
8319,Tiago Splitter,3400000.00,2010,2011,SAS,San Antonio Spurs
8764,Tiago Splitter,3672000.00,2011,2012,SAS,San Antonio Spurs
9193,Tiago Splitter,3944000.00,2012,2013,SAS,San Antonio Spurs
9589,Tiago Splitter,10000000.00,2013,2014,SAS,San Antonio Spurs
10105,Tiago Splitter,9250000.00,2014,2015,SAS,San Antonio Spurs
10666,Tiago Splitter,8500000.00,2015,2016,ATL,Atlanta Hawks
11272,Tiago Splitter,8550000.00,2016,2017,PHI,Philadelphia 76ers
10667,Tibor Pleiss,3000000.00,2015,2016,UTA,Utah Jazz
11273,Tibor Pleiss,3000000.00,2016,2017,PHI,Philadelphia 76ers
11787,Tibor Pleiss,500000.00,2017,2018,PHI,Philadelphia 76ers
4528,Tierre Brown,332817.00,2001,2002,HOU,Houston Rockets
5793,Tierre Brown,720046.00,2004,2005,LAL,Los Angeles Lakers
1793,Tim Breaux,150000.00,1994,1995,HOU,Houston Rockets
2175,Tim Breaux,225000.00,1995,1996,HOU,Houston Rockets
2940,Tim Breaux,272250.00,1997,1998,MIL,Milwaukee Bucks
2941,Tim Duncan,2967840.00,1997,1998,SAS,San Antonio Spurs
3665,Tim Duncan,3858240.00,1999,2000,SAS,San Antonio Spurs
4529,Tim Duncan,10865250.00,2001,2002,SAS,San Antonio Spurs
4970,Tim Duncan,12072500.00,2002,2003,SAS,San Antonio Spurs
5380,Tim Duncan,12676125.00,2003,2004,SAS,San Antonio Spurs
6626,Tim Duncan,17429672.00,2006,2007,SAS,San Antonio Spurs
7037,Tim Duncan,19014188.00,2007,2008,SAS,San Antonio Spurs
7457,Tim Duncan,20598704.00,2008,2009,SAS,San Antonio Spurs
7912,Tim Duncan,22183220.00,2009,2010,SAS,San Antonio Spurs
8320,Tim Duncan,18700000.00,2010,2011,SAS,San Antonio Spurs
8765,Tim Duncan,21164619.00,2011,2012,SAS,San Antonio Spurs
9194,Tim Duncan,9638554.00,2012,2013,SAS,San Antonio Spurs
9590,Tim Duncan,10361446.00,2013,2014,SAS,San Antonio Spurs
10106,Tim Duncan,10000000.00,2014,2015,SAS,San Antonio Spurs
10668,Tim Duncan,5000000.00,2015,2016,SAS,San Antonio Spurs
11274,Tim Duncan,1881250.00,2016,2017,SAS,San Antonio Spurs
11788,Tim Duncan,1881250.00,2017,2018,SAS,San Antonio Spurs
10107,Tim Frazier,59686.00,2014,2015,PHI,Philadelphia 76ers
10108,Tim Frazier,50734.00,2014,2015,POR,Portland Trail Blazers
10669,Tim Frazier,845059.00,2015,2016,POR,Portland Trail Blazers
10670,Tim Frazier,144157.00,2015,2016,NOH,New Orleans Pelicans
11275,Tim Frazier,2090000.00,2016,2017,NOH,New Orleans Pelicans
11789,Tim Frazier,2000000.00,2017,2018,WAS,Washington Wizards
321,Tim Hardaway,500000.00,1990,1991,GSW,Golden State Warriors
691,Tim Hardaway,640000.00,1991,1992,GSW,Golden State Warriors
1066,Tim Hardaway,690000.00,1992,1993,GSW,Golden State Warriors
1462,Tim Hardaway,3340000.00,1993,1994,GSW,Golden State Warriors
1794,Tim Hardaway,3703000.00,1994,1995,GSW,Golden State Warriors
2176,Tim Hardaway,3728000.00,1995,1996,GSW,Golden State Warriors
2561,Tim Hardaway,2500000.00,1996,1997,MIA,Miami Heat
3321,Tim Hardaway,5600000.00,1998,1999,MIA,Miami Heat
4080,Tim Hardaway,12000000.00,2000,2001,MIA,Miami Heat
4530,Tim Hardaway,3360390.00,2001,2002,DAL,Dallas Mavericks
4971,Tim Hardaway,1000000.00,2002,2003,DEN,Denver Nuggets
9591,Tim Hardaway,1196760.00,2013,2014,NYK,New York Knicks
10109,Tim Hardaway,1250640.00,2014,2015,NYK,New York Knicks
10671,Tim Hardaway,1304520.00,2015,2016,ATL,Atlanta Hawks
11276,Tim Hardaway,2281605.00,2016,2017,ATL,Atlanta Hawks
11790,Tim Hardaway,16500000.00,2017,2018,NYK,New York Knicks
4081,Tim James,783120.00,2000,2001,CHA,Charlotte Hornets
4531,Tim James,837720.00,2001,2002,CHA,Charlotte Hornets
4532,Tim James,105532.00,2001,2002,PHI,Philadelphia 76ers
1067,Tim Kempton,500000.00,1992,1993,PHO,Phoenix Suns
1463,Tim Kempton,650000.00,1993,1994,PHO,Phoenix Suns
2942,Tim Kempton,272250.00,1997,1998,ORL,Orlando Magic
1068,Tim Legler,140000.00,1992,1993,UTA,Utah Jazz
1464,Tim Legler,250000.00,1993,1994,DAL,Dallas Mavericks
2177,Tim Legler,250000.00,1995,1996,WAS,Washington Wizards
2562,Tim Legler,450000.00,1996,1997,WAS,Washington Wizards
2943,Tim Legler,1105000.00,1997,1998,WAS,Washington Wizards
3322,Tim Legler,1320000.00,1998,1999,WAS,Washington Wizards
3666,Tim Legler,510000.00,1999,2000,GSW,Golden State Warriors
322,Tim McCormick,775000.00,1990,1991,ATL,Atlanta Hawks
692,Tim McCormick,825000.00,1991,1992,NYK,New York Knicks
1069,Tim McCormick,660000.00,1992,1993,NYK,New York Knicks
1465,Tim McCormick,850000.00,1993,1994,NYK,New York Knicks
1795,Tim McCormick,225000.00,1994,1995,NYK,New York Knicks
9592,Tim Ohlbrecht,788872.00,2013,2014,PHI,Philadelphia 76ers
323,Tim Perry,675000.00,1990,1991,PHO,Phoenix Suns
693,Tim Perry,675000.00,1991,1992,PHO,Phoenix Suns
1070,Tim Perry,900000.00,1992,1993,PHI,Philadelphia 76ers
1466,Tim Perry,1550000.00,1993,1994,PHI,Philadelphia 76ers
1796,Tim Perry,1750000.00,1994,1995,PHI,Philadelphia 76ers
2178,Tim Perry,1950000.00,1995,1996,NJN,Brooklyn Nets
5794,Tim Pickett,32890.00,2004,2005,NOH,New Orleans Pelicans
2944,Tim Thomas,1614240.00,1997,1998,PHI,Philadelphia 76ers
3323,Tim Thomas,1856000.00,1998,1999,MIL,Milwaukee Bucks
3667,Tim Thomas,2098560.00,1999,2000,MIL,Milwaukee Bucks
4082,Tim Thomas,8510000.00,2000,2001,MIL,Milwaukee Bucks
4533,Tim Thomas,9675000.00,2001,2002,MIL,Milwaukee Bucks
4972,Tim Thomas,10750000.00,2002,2003,MIL,Milwaukee Bucks
5381,Tim Thomas,11825000.00,2003,2004,MIL,Milwaukee Bucks
5795,Tim Thomas,12900000.00,2004,2005,NYK,New York Knicks
6245,Tim Thomas,13975000.00,2005,2006,CHI,Chicago Bulls
6627,Tim Thomas,5215000.00,2006,2007,LAC,Los Angeles Clippers
7038,Tim Thomas,5632200.00,2007,2008,LAC,Los Angeles Clippers
7458,Tim Thomas,6049400.00,2008,2009,CHI,Chicago Bulls
7913,Tim Thomas,6466600.00,2009,2010,CHI,Chicago Bulls
7914,Tim Thomas,1306455.00,2009,2010,DAL,Dallas Mavericks
3668,Tim Young,301875.00,1999,2000,GSW,Golden State Warriors
8321,Timofey Mozgov,3567096.00,2010,2011,DEN,Denver Nuggets
8766,Timofey Mozgov,3343896.00,2011,2012,DEN,Denver Nuggets
9195,Timofey Mozgov,3140429.00,2012,2013,DEN,Denver Nuggets
9593,Timofey Mozgov,4400000.00,2013,2014,DEN,Denver Nuggets
10110,Timofey Mozgov,4650000.00,2014,2015,CLE,Cleveland Caveliers
10672,Timofey Mozgov,4950000.00,2015,2016,CLE,Cleveland Caveliers
11277,Timofey Mozgov,16000000.00,2016,2017,LAL,Los Angeles Lakers
11791,Timofey Mozgov,15280000.00,2017,2018,NJN,Brooklyn Nets
11278,Timothe Luwawu-Cabarrot,1326960.00,2016,2017,PHI,Philadelphia 76ers
11792,Timothe Luwawu-Cabarrot,1386600.00,2017,2018,PHI,Philadelphia 76ers
1071,Tito Horford,7000.00,1992,1993,LAC,Los Angeles Clippers
8767,Tobias Harris,1418160.00,2011,2012,MIL,Milwaukee Bucks
9196,Tobias Harris,1524480.00,2012,2013,ORL,Orlando Magic
9594,Tobias Harris,1545840.00,2013,2014,ORL,Orlando Magic
10111,Tobias Harris,2380594.00,2014,2015,ORL,Orlando Magic
10673,Tobias Harris,16000000.00,2015,2016,DET,Detroit Pistons
11279,Tobias Harris,17200000.00,2016,2017,DET,Detroit Pistons
11793,Tobias Harris,16000000.00,2017,2018,DET,Detroit Pistons
3324,Toby Bailey,287500.00,1998,1999,PHO,Phoenix Suns
324,Tod Murphy,590000.00,1990,1991,MIN,Minnesota Timberwolves
694,Tod Murphy,760000.00,1991,1992,MIN,Minnesota Timberwolves
1467,Tod Murphy,20000.00,1993,1994,DET,Detroit Pistons
1072,Todd Day,1325000.00,1992,1993,MIL,Milwaukee Bucks
1468,Todd Day,1723000.00,1993,1994,MIL,Milwaukee Bucks
1797,Todd Day,2120000.00,1994,1995,MIL,Milwaukee Bucks
2179,Todd Day,2518000.00,1995,1996,BOS,Boston Celtic
2563,Todd Day,2915000.00,1996,1997,BOS,Boston Celtic
4083,Todd Day,736000.00,2000,2001,MIN,Minnesota Timberwolves
2564,Todd Fuller,1125000.00,1996,1997,GSW,Golden State Warriors
2945,Todd Fuller,1293240.00,1997,1998,GSW,Golden State Warriors
3325,Todd Fuller,1461000.00,1998,1999,UTA,Utah Jazz
4084,Todd Fuller,611000.00,2000,2001,MIA,Miami Heat
325,Todd Lichti,565000.00,1990,1991,DEN,Denver Nuggets
695,Todd Lichti,565000.00,1991,1992,DEN,Denver Nuggets
1073,Todd Lichti,565180.00,1992,1993,DEN,Denver Nuggets
1469,Todd Lichti,565000.00,1993,1994,ORL,Orlando Magic
3669,Todd MacCulloch,301875.00,1999,2000,PHI,Philadelphia 76ers
4534,Todd MacCulloch,4538000.00,2001,2002,NJN,Brooklyn Nets
5796,Todd MacCulloch,5899400.00,2004,2005,PHI,Philadelphia 76ers
6246,Todd MacCulloch,6353200.00,2005,2006,PHI,Philadelphia 76ers
1798,Todd Mundt,9660.00,1994,1995,MIL,Milwaukee Bucks
2180,Todd Mundt,225000.00,1995,1996,ATL,Atlanta Hawks
326,Tom Chambers,2060000.00,1990,1991,PHO,Phoenix Suns
696,Tom Chambers,2275000.00,1991,1992,PHO,Phoenix Suns
1074,Tom Chambers,1885000.00,1992,1993,PHO,Phoenix Suns
1470,Tom Chambers,690000.00,1993,1994,PHO,Phoenix Suns
1471,Tom Chambers,605000.00,1993,1994,UTA,Utah Jazz
1799,Tom Chambers,1700000.00,1994,1995,UTA,Utah Jazz
2946,Tom Chambers,272250.00,1997,1998,PHO,Phoenix Suns
697,Tom Copa,160000.00,1991,1992,SAS,San Antonio Spurs
327,Tom Garrick,340000.00,1990,1991,LAC,Los Angeles Clippers
698,Tom Garrick,200000.00,1991,1992,MIN,Minnesota Timberwolves
1075,Tom Gugliotta,1250000.00,1992,1993,WAS,Washington Wizards
1472,Tom Gugliotta,1625000.00,1993,1994,WAS,Washington Wizards
1800,Tom Gugliotta,1625000.00,1994,1995,GSW,Golden State Warriors
2181,Tom Gugliotta,4500000.00,1995,1996,MIN,Minnesota Timberwolves
2947,Tom Gugliotta,5500000.00,1997,1998,MIN,Minnesota Timberwolves
3326,Tom Gugliotta,7800000.00,1998,1999,PHO,Phoenix Suns
4085,Tom Gugliotta,9360000.00,2000,2001,PHO,Phoenix Suns
4535,Tom Gugliotta,10114000.00,2001,2002,PHO,Phoenix Suns
4973,Tom Gugliotta,10892000.00,2002,2003,PHO,Phoenix Suns
5382,Tom Gugliotta,11670000.00,2003,2004,PHO,Phoenix Suns
5797,Tom Gugliotta,2700000.00,2004,2005,BOS,Boston Celtic
328,Tom Hammonds,800000.00,1990,1991,WAS,Washington Wizards
699,Tom Hammonds,825000.00,1991,1992,WAS,Washington Wizards
1076,Tom Hammonds,850000.00,1992,1993,CHA,Charlotte Hornets
1473,Tom Hammonds,800000.00,1993,1994,DEN,Denver Nuggets
1801,Tom Hammonds,700000.00,1994,1995,DEN,Denver Nuggets
2182,Tom Hammonds,970000.00,1995,1996,DEN,Denver Nuggets
2565,Tom Hammonds,1070000.00,1996,1997,DEN,Denver Nuggets
2948,Tom Hammonds,970000.00,1997,1998,DEN,Denver Nuggets
3670,Tom Hammonds,1800000.00,1999,2000,MIN,Minnesota Timberwolves
4086,Tom Hammonds,1130000.00,2000,2001,MIN,Minnesota Timberwolves
4536,Tom Hammonds,1800000.00,2001,2002,MIN,Minnesota Timberwolves
1802,Tom Hovasse,6140.00,1994,1995,ATL,Atlanta Hawks
329,Tom Tolbert,405000.00,1990,1991,GSW,Golden State Warriors
700,Tom Tolbert,506000.00,1991,1992,GSW,Golden State Warriors
1077,Tom Tolbert,606000.00,1992,1993,GSW,Golden State Warriors
1474,Tom Tolbert,650000.00,1993,1994,LAC,Los Angeles Clippers
1803,Tom Tolbert,325000.00,1994,1995,CHA,Charlotte Hornets
11280,Tomas Satoransky,2870813.00,2016,2017,WAS,Washington Wizards
11794,Tomas Satoransky,3000000.00,2017,2018,WAS,Washington Wizards
7915,Toney Douglas,996240.00,2009,2010,NYK,New York Knicks
8322,Toney Douglas,1071000.00,2010,2011,NYK,New York Knicks
8768,Toney Douglas,1145640.00,2011,2012,NYK,New York Knicks
9197,Toney Douglas,2067880.00,2012,2013,SAC,Sacramento Kings
9595,Toney Douglas,1600000.00,2013,2014,GSW,Golden State Warriors
10112,Toney Douglas,268974.00,2014,2015,NOH,New Orleans Pelicans
10674,Toney Douglas,1164858.00,2015,2016,NOH,New Orleans Pelicans
10675,Toney Douglas,600000.00,2015,2016,IND,Indiana Pacers
11281,Toney Douglas,603558.00,2016,2017,MEM,Memphis Grizzlies
1475,Toni Kukoc,1025000.00,1993,1994,CHI,Chicago Bulls
2183,Toni Kukoc,3560000.00,1995,1996,CHI,Chicago Bulls
2566,Toni Kukoc,3960000.00,1996,1997,CHI,Chicago Bulls
2949,Toni Kukoc,4560000.00,1997,1998,CHI,Chicago Bulls
3327,Toni Kukoc,4610000.00,1998,1999,CHI,Chicago Bulls
3671,Toni Kukoc,4500000.00,1999,2000,PHI,Philadelphia 76ers
4537,Toni Kukoc,7906783.00,2001,2002,ATL,Atlanta Hawks
4974,Toni Kukoc,8050000.00,2002,2003,MIL,Milwaukee Bucks
5383,Toni Kukoc,9056250.00,2003,2004,MIL,Milwaukee Bucks
5798,Toni Kukoc,3000000.00,2004,2005,MIL,Milwaukee Bucks
6247,Toni Kukoc,2000000.00,2005,2006,MIL,Milwaukee Bucks
5799,Tony Allen,901920.00,2004,2005,BOS,Boston Celtic
6248,Tony Allen,969696.00,2005,2006,BOS,Boston Celtic
7459,Tony Allen,2500000.00,2008,2009,BOS,Boston Celtic
7916,Tony Allen,2500000.00,2009,2010,BOS,Boston Celtic
8323,Tony Allen,3000000.00,2010,2011,MEM,Memphis Grizzlies
8769,Tony Allen,3150000.00,2011,2012,MEM,Memphis Grizzlies
9198,Tony Allen,3300000.00,2012,2013,MEM,Memphis Grizzlies
9596,Tony Allen,4494382.00,2013,2014,MEM,Memphis Grizzlies
10113,Tony Allen,4831461.00,2014,2015,MEM,Memphis Grizzlies
10676,Tony Allen,5168539.00,2015,2016,MEM,Memphis Grizzlies
11282,Tony Allen,5505618.00,2016,2017,MEM,Memphis Grizzlies
11795,Tony Allen,2116955.00,2017,2018,NOH,New Orleans Pelicans
2950,Tony Battie,1946880.00,1997,1998,DEN,Denver Nuggets
3328,Tony Battie,2238000.00,1998,1999,BOS,Boston Celtic
3672,Tony Battie,2530920.00,1999,2000,BOS,Boston Celtic
4087,Tony Battie,3200000.00,2000,2001,BOS,Boston Celtic
4538,Tony Battie,3600000.00,2001,2002,BOS,Boston Celtic
4975,Tony Battie,4000000.00,2002,2003,BOS,Boston Celtic
5384,Tony Battie,4400000.00,2003,2004,CLE,Cleveland Caveliers
5800,Tony Battie,4800000.00,2004,2005,ORL,Orlando Magic
6249,Tony Battie,5200000.00,2005,2006,ORL,Orlando Magic
6628,Tony Battie,5746000.00,2006,2007,ORL,Orlando Magic
7039,Tony Battie,5200000.00,2007,2008,ORL,Orlando Magic
7460,Tony Battie,5746000.00,2008,2009,ORL,Orlando Magic
7917,Tony Battie,6292000.00,2009,2010,NJN,Brooklyn Nets
8324,Tony Battie,1352181.00,2010,2011,PHI,Philadelphia 76ers
8770,Tony Battie,1352181.00,2011,2012,PHI,Philadelphia 76ers
1078,Tony Bennett,140000.00,1992,1993,CHA,Charlotte Hornets
1476,Tony Bennett,182000.00,1993,1994,CHA,Charlotte Hornets
1804,Tony Bennett,224000.00,1994,1995,CHA,Charlotte Hornets
5801,Tony Bobbitt,305403.00,2004,2005,LAL,Los Angeles Lakers
11796,Tony Bradley,1414920.00,2017,2018,UTA,Utah Jazz
330,Tony Brown,50000.00,1990,1991,UTA,Utah Jazz
701,Tony Brown,130000.00,1991,1992,LAC,Los Angeles Clippers
331,Tony Campbell,1200000.00,1990,1991,MIN,Minnesota Timberwolves
702,Tony Campbell,1183000.00,1991,1992,MIN,Minnesota Timberwolves
1079,Tony Campbell,1383000.00,1992,1993,NYK,New York Knicks
1477,Tony Campbell,1682000.00,1993,1994,DAL,Dallas Mavericks
1805,Tony Campbell,650000.00,1994,1995,CLE,Cleveland Caveliers
2951,Tony Delk,1000680.00,1997,1998,CHA,Charlotte Hornets
3329,Tony Delk,1131000.00,1998,1999,GSW,Golden State Warriors
3673,Tony Delk,485000.00,1999,2000,SAC,Sacramento Kings
4088,Tony Delk,2250000.00,2000,2001,PHO,Phoenix Suns
4539,Tony Delk,2475000.00,2001,2002,PHO,Phoenix Suns
4976,Tony Delk,2700000.00,2002,2003,BOS,Boston Celtic
5802,Tony Delk,2700000.00,2004,2005,ATL,Atlanta Hawks
6250,Tony Delk,3375000.00,2005,2006,ATL,Atlanta Hawks
1806,Tony Dumas,700000.00,1994,1995,DAL,Dallas Mavericks
2184,Tony Dumas,910000.00,1995,1996,DAL,Dallas Mavericks
2567,Tony Dumas,1120000.00,1996,1997,PHO,Phoenix Suns
2952,Tony Dumas,1330000.00,1997,1998,CLE,Cleveland Caveliers
2568,Tony Farmer,247500.00,1996,1997,MIA,Miami Heat
2953,Tony Farmer,272250.00,1997,1998,CHA,Charlotte Hornets
3674,Tony Farmer,510000.00,1999,2000,GSW,Golden State Warriors
1807,Tony Harris,150000.00,1994,1995,BOS,Boston Celtic
332,Tony Massenburg,150000.00,1990,1991,SAS,San Antonio Spurs
703,Tony Massenburg,200000.00,1991,1992,SAS,San Antonio Spurs
1808,Tony Massenburg,422500.00,1994,1995,LAC,Los Angeles Clippers
2185,Tony Massenburg,550000.00,1995,1996,TOR,Toronto Raptors 
2569,Tony Massenburg,247500.00,1996,1997,NJN,Brooklyn Nets
2954,Tony Massenburg,750000.00,1997,1998,MEM,Memphis Grizzlies
3330,Tony Massenburg,900000.00,1998,1999,MEM,Memphis Grizzlies
3675,Tony Massenburg,1150000.00,1999,2000,HOU,Houston Rockets
4089,Tony Massenburg,1360000.00,2000,2001,MEM,Memphis Grizzlies
4540,Tony Massenburg,1650000.00,2001,2002,MEM,Memphis Grizzlies
4977,Tony Massenburg,1800000.00,2002,2003,MEM,Memphis Grizzlies
4978,Tony Massenburg,741098.00,2002,2003,UTA,Utah Jazz
5385,Tony Massenburg,1070000.00,2003,2004,SAC,Sacramento Kings
10114,Tony Mitchell,816482.00,2014,2015,PHO,Phoenix Suns
4541,Tony Parker,744480.00,2001,2002,SAS,San Antonio Spurs
4979,Tony Parker,800400.00,2002,2003,SAS,San Antonio Spurs
5386,Tony Parker,856200.00,2003,2004,SAS,San Antonio Spurs
6629,Tony Parker,9450000.00,2006,2007,SAS,San Antonio Spurs
7040,Tony Parker,10500000.00,2007,2008,SAS,San Antonio Spurs
7461,Tony Parker,11550000.00,2008,2009,SAS,San Antonio Spurs
7918,Tony Parker,12600000.00,2009,2010,SAS,San Antonio Spurs
8325,Tony Parker,13500000.00,2010,2011,SAS,San Antonio Spurs
8771,Tony Parker,12500000.00,2011,2012,SAS,San Antonio Spurs
9199,Tony Parker,12500000.00,2012,2013,SAS,San Antonio Spurs
9597,Tony Parker,12500000.00,2013,2014,SAS,San Antonio Spurs
10115,Tony Parker,12500000.00,2014,2015,SAS,San Antonio Spurs
10677,Tony Parker,13437500.00,2015,2016,SAS,San Antonio Spurs
11283,Tony Parker,14445313.00,2016,2017,SAS,San Antonio Spurs
11797,Tony Parker,15453126.00,2017,2018,SAS,San Antonio Spurs
333,Tony Smith,120000.00,1990,1991,LAL,Los Angeles Lakers
704,Tony Smith,400000.00,1991,1992,LAL,Los Angeles Lakers
1080,Tony Smith,450000.00,1992,1993,LAL,Los Angeles Lakers
1478,Tony Smith,800000.00,1993,1994,LAL,Los Angeles Lakers
1809,Tony Smith,1050000.00,1994,1995,LAL,Los Angeles Lakers
2186,Tony Smith,500000.00,1995,1996,PHO,Phoenix Suns
9598,Tony Snell,1409040.00,2013,2014,CHI,Chicago Bulls
10678,Tony Snell,1535880.00,2015,2016,CHI,Chicago Bulls
11284,Tony Snell,2368327.00,2016,2017,MIL,Milwaukee Bucks
11798,Tony Snell,9821429.00,2017,2018,MIL,Milwaukee Bucks
9200,Tony Wroten,1110120.00,2012,2013,MEM,Memphis Grizzlies
9599,Tony Wroten,1160040.00,2013,2014,MEM,Memphis Grizzlies
10116,Tony Wroten,1210080.00,2014,2015,PHI,Philadelphia 76ers
10679,Tony Wroten,2179354.00,2015,2016,PHI,Philadelphia 76ers
10680,Tony Wroten,167406.00,2015,2016,NYK,New York Knicks
11285,Tony Wroten,25000.00,2016,2017,MEM,Memphis Grizzlies
9201,Tornike Shengelia,473604.00,2012,2013,NJN,Brooklyn Nets
9600,Tornike Shengelia,788872.00,2013,2014,NJN,Brooklyn Nets
4090,Torraye Braggs,316969.00,2000,2001,DET,Detroit Pistons
5387,Torraye Braggs,53697.00,2003,2004,HOU,Houston Rockets
10117,Toure\' Murry,250000.00,2014,2015,UTA,Utah Jazz
10118,Toure\' Murry,96056.00,2014,2015,WAS,Washington Wizards
2955,Tracy McGrady,1359360.00,1997,1998,TOR,Toronto Raptors 
3676,Tracy McGrady,1767120.00,1999,2000,TOR,Toronto Raptors 
4091,Tracy McGrady,9660000.00,2000,2001,ORL,Orlando Magic
4542,Tracy McGrady,10865250.00,2001,2002,ORL,Orlando Magic
4980,Tracy McGrady,12072500.00,2002,2003,ORL,Orlando Magic
5388,Tracy McGrady,13279750.00,2003,2004,ORL,Orlando Magic
5803,Tracy McGrady,14487000.00,2004,2005,HOU,Houston Rockets
6251,Tracy McGrady,15694250.00,2005,2006,HOU,Houston Rockets
6630,Tracy McGrady,16901500.00,2006,2007,HOU,Houston Rockets
7462,Tracy McGrady,20370437.00,2008,2009,HOU,Houston Rockets
7919,Tracy McGrady,23239562.00,2009,2010,NYK,New York Knicks
8772,Tracy McGrady,1352181.00,2011,2012,ATL,Atlanta Hawks
1081,Tracy Moore,250000.00,1992,1993,DAL,Dallas Mavericks
1479,Tracy Moore,40000.00,1993,1994,DET,Detroit Pistons
2570,Tracy Moore,247500.00,1996,1997,HOU,Houston Rockets
1082,Tracy Murray,725000.00,1992,1993,POR,Portland Trail Blazers
1480,Tracy Murray,943000.00,1993,1994,POR,Portland Trail Blazers
1810,Tracy Murray,1160000.00,1994,1995,POR,Portland Trail Blazers
2187,Tracy Murray,250000.00,1995,1996,TOR,Toronto Raptors 
2571,Tracy Murray,1700000.00,1996,1997,WAS,Washington Wizards
2956,Tracy Murray,2040000.00,1997,1998,WAS,Washington Wizards
3331,Tracy Murray,2380000.00,1998,1999,WAS,Washington Wizards
3677,Tracy Murray,2720000.00,1999,2000,WAS,Washington Wizards
4092,Tracy Murray,3060000.00,2000,2001,DEN,Denver Nuggets
4543,Tracy Murray,3400000.00,2001,2002,TOR,Toronto Raptors 
4981,Tracy Murray,3740000.00,2002,2003,LAL,Los Angeles Lakers
5389,Tracy Murray,143537.00,2003,2004,POR,Portland Trail Blazers
3678,Trajan Langdon,1394280.00,1999,2000,CLE,Cleveland Caveliers
4093,Trajan Langdon,1500120.00,2000,2001,CLE,Cleveland Caveliers
4544,Trajan Langdon,1604880.00,2001,2002,CLE,Cleveland Caveliers
2188,Travis Best,580000.00,1995,1996,IND,Indiana Pacers
2572,Travis Best,666000.00,1996,1997,IND,Indiana Pacers
4094,Travis Best,3500000.00,2000,2001,IND,Indiana Pacers
4545,Travis Best,3375000.00,2001,2002,IND,Indiana Pacers
4982,Travis Best,1400000.00,2002,2003,MIA,Miami Heat
5804,Travis Best,1000000.00,2004,2005,NJN,Brooklyn Nets
6252,Travis Diener,398762.00,2005,2006,ORL,Orlando Magic
6631,Travis Diener,664209.00,2006,2007,ORL,Orlando Magic
7041,Travis Diener,1500000.00,2007,2008,IND,Indiana Pacers
7463,Travis Diener,1620000.00,2008,2009,IND,Indiana Pacers
7920,Travis Diener,1740000.00,2009,2010,IND,Indiana Pacers
5390,Travis Hansen,366931.00,2003,2004,ATL,Atlanta Hawks
2573,Travis Knight,220000.00,1996,1997,LAL,Los Angeles Lakers
2957,Travis Knight,2000000.00,1997,1998,BOS,Boston Celtic
3332,Travis Knight,2400000.00,1998,1999,LAL,Los Angeles Lakers
3679,Travis Knight,2800000.00,1999,2000,LAL,Los Angeles Lakers
4546,Travis Knight,3600000.00,2001,2002,NYK,New York Knicks
4983,Travis Knight,4000000.00,2002,2003,NYK,New York Knicks
5391,Travis Knight,4402500.00,2003,2004,NYK,New York Knicks
8773,Travis Leslie,473604.00,2011,2012,LAC,Los Angeles Clippers
9202,Travis Leslie,250000.00,2012,2013,LAC,Los Angeles Clippers
334,Travis Mays,800000.00,1990,1991,SAC,Sacramento Kings
705,Travis Mays,1000000.00,1991,1992,ATL,Atlanta Hawks
1083,Travis Mays,1200000.00,1992,1993,ATL,Atlanta Hawks
5392,Travis Outlaw,941040.00,2003,2004,POR,Portland Trail Blazers
5805,Travis Outlaw,1011600.00,2004,2005,POR,Portland Trail Blazers
6253,Travis Outlaw,1082160.00,2005,2006,POR,Portland Trail Blazers
6632,Travis Outlaw,1836426.00,2006,2007,POR,Portland Trail Blazers
7042,Travis Outlaw,4000000.00,2007,2008,POR,Portland Trail Blazers
7464,Travis Outlaw,4000000.00,2008,2009,POR,Portland Trail Blazers
7921,Travis Outlaw,4000000.00,2009,2010,LAC,Los Angeles Clippers
8326,Travis Outlaw,7000000.00,2010,2011,NJN,Brooklyn Nets
8774,Travis Outlaw,4000000.00,2011,2012,NJN,Brooklyn Nets
8775,Travis Outlaw,3000000.00,2011,2012,SAC,Sacramento Kings
9203,Travis Outlaw,3000000.00,2012,2013,SAC,Sacramento Kings
9204,Travis Outlaw,1000000.00,2012,2013,NJN,Brooklyn Nets
9601,Travis Outlaw,3000000.00,2013,2014,SAC,Sacramento Kings
10119,Travis Outlaw,4000000.00,2014,2015,NJN,Brooklyn Nets
10120,Travis Outlaw,3000000.00,2014,2015,PHI,Philadelphia 76ers
10681,Travis Trice,50000.00,2015,2016,NYK,New York Knicks
10121,Travis Wear,507336.00,2014,2015,NYK,New York Knicks
2958,Travis Williams,242000.00,1997,1998,CHA,Charlotte Hornets
335,Tree Rollins,800000.00,1990,1991,DET,Detroit Pistons
706,Tree Rollins,375000.00,1991,1992,HOU,Houston Rockets
2959,Tree Rollins,1470000.00,1997,1998,ORL,Orlando Magic
4984,Tremaine Fowlkes,512435.00,2002,2003,LAC,Los Angeles Clippers
5393,Tremaine Fowlkes,638679.00,2003,2004,DET,Detroit Pistons
5806,Tremaine Fowlkes,79029.00,2004,2005,IND,Indiana Pacers
336,Trent Tucker,835000.00,1990,1991,NYK,New York Knicks
707,Trent Tucker,813000.00,1991,1992,PHO,Phoenix Suns
1084,Trent Tucker,350000.00,1992,1993,CHI,Chicago Bulls
4547,Trenton Hassell,332817.00,2001,2002,CHI,Chicago Bulls
4985,Trenton Hassell,512435.00,2002,2003,CHI,Chicago Bulls
5394,Trenton Hassell,638679.00,2003,2004,MIN,Minnesota Timberwolves
5807,Trenton Hassell,4350000.00,2004,2005,MIN,Minnesota Timberwolves
6254,Trenton Hassell,4350000.00,2005,2006,MIN,Minnesota Timberwolves
6633,Trenton Hassell,4350000.00,2006,2007,MIN,Minnesota Timberwolves
7043,Trenton Hassell,4350000.00,2007,2008,NJN,Brooklyn Nets
7465,Trenton Hassell,4350000.00,2008,2009,NJN,Brooklyn Nets
7922,Trenton Hassell,4350000.00,2009,2010,NJN,Brooklyn Nets
10682,Treveon Graham,75000.00,2015,2016,UTA,Utah Jazz
11286,Treveon Graham,543471.00,2016,2017,CHA,Charlotte Hornets
11799,Treveon Graham,1312611.00,2017,2018,CHA,Charlotte Hornets
5808,Trevor Ariza,385277.00,2004,2005,NYK,New York Knicks
6255,Trevor Ariza,682051.00,2005,2006,NYK,New York Knicks
6634,Trevor Ariza,3100000.00,2006,2007,ORL,Orlando Magic
7044,Trevor Ariza,3100000.00,2007,2008,LAL,Los Angeles Lakers
7466,Trevor Ariza,3100000.00,2008,2009,LAL,Los Angeles Lakers
7923,Trevor Ariza,5854000.00,2009,2010,HOU,Houston Rockets
8327,Trevor Ariza,6322320.00,2010,2011,NOH,New Orleans Pelicans
8776,Trevor Ariza,6790640.00,2011,2012,NOH,New Orleans Pelicans
9205,Trevor Ariza,7258960.00,2012,2013,WAS,Washington Wizards
9602,Trevor Ariza,7727280.00,2013,2014,WAS,Washington Wizards
10122,Trevor Ariza,8579089.00,2014,2015,HOU,Houston Rockets
10683,Trevor Ariza,8193030.00,2015,2016,HOU,Houston Rockets
11287,Trevor Ariza,7806971.00,2016,2017,HOU,Houston Rockets
11800,Trevor Ariza,7420912.00,2017,2018,HOU,Houston Rockets
8328,Trevor Booker,1204560.00,2010,2011,WAS,Washington Wizards
8777,Trevor Booker,1294920.00,2011,2012,WAS,Washington Wizards
9206,Trevor Booker,1385280.00,2012,2013,WAS,Washington Wizards
9603,Trevor Booker,2350820.00,2013,2014,WAS,Washington Wizards
10123,Trevor Booker,5000000.00,2014,2015,UTA,Utah Jazz
10684,Trevor Booker,4775000.00,2015,2016,UTA,Utah Jazz
11288,Trevor Booker,9250000.00,2016,2017,NJN,Brooklyn Nets
11801,Trevor Booker,9125000.00,2017,2018,NJN,Brooklyn Nets
1811,Trevor Ruffin,143860.00,1994,1995,PHO,Phoenix Suns
1812,Trevor Ruffin,100000.00,1994,1995,LAL,Los Angeles Lakers
1481,Trevor Wilson,150000.00,1993,1994,LAL,Los Angeles Lakers
1813,Trevor Wilson,500000.00,1994,1995,SAC,Sacramento Kings
3333,Trevor Winter,287500.00,1998,1999,MIN,Minnesota Timberwolves
3680,Trevor Winter,4529.00,1999,2000,MIN,Minnesota Timberwolves
9604,Trey Burke,2438760.00,2013,2014,UTA,Utah Jazz
10124,Trey Burke,2548560.00,2014,2015,UTA,Utah Jazz
10685,Trey Burke,2658240.00,2015,2016,UTA,Utah Jazz
11289,Trey Burke,3386598.00,2016,2017,WAS,Washington Wizards
7924,Trey Gilder,26917.00,2009,2010,MEM,Memphis Grizzlies
7467,Trey Johnson,187258.00,2008,2009,CLE,Cleveland Caveliers
8329,Trey Johnson,89670.00,2010,2011,TOR,Toronto Raptors 
10686,Trey Lyles,2239800.00,2015,2016,UTA,Utah Jazz
11290,Trey Lyles,2340600.00,2016,2017,UTA,Utah Jazz
11802,Trey Lyles,2441400.00,2017,2018,DEN,Denver Nuggets
8778,Trey Thompkins,473604.00,2011,2012,LAC,Los Angeles Clippers
9207,Trey Thompkins,762195.00,2012,2013,LAC,Los Angeles Clippers
8779,Tristan Thompson,3726600.00,2011,2012,CLE,Cleveland Caveliers
9208,Tristan Thompson,4006080.00,2012,2013,CLE,Cleveland Caveliers
9605,Tristan Thompson,4062000.00,2013,2014,CLE,Cleveland Caveliers
10125,Tristan Thompson,5138430.00,2014,2015,CLE,Cleveland Caveliers
10687,Tristan Thompson,14260870.00,2015,2016,CLE,Cleveland Caveliers
11291,Tristan Thompson,15330435.00,2016,2017,CLE,Cleveland Caveliers
11803,Tristan Thompson,16400000.00,2017,2018,CLE,Cleveland Caveliers
5395,Troy Bell,1285440.00,2003,2004,MEM,Memphis Grizzlies
5809,Troy Bell,1381920.00,2004,2005,MEM,Memphis Grizzlies
6256,Troy Bell,1478280.00,2005,2006,MEM,Memphis Grizzlies
10688,Troy Daniels,947276.00,2015,2016,CHA,Charlotte Hornets
11292,Troy Daniels,3332940.00,2016,2017,MEM,Memphis Grizzlies
11804,Troy Daniels,3408520.00,2017,2018,PHO,Phoenix Suns
2960,Troy Hudson,242000.00,1997,1998,UTA,Utah Jazz
3334,Troy Hudson,287500.00,1998,1999,LAC,Los Angeles Clippers
3681,Troy Hudson,460000.00,1999,2000,LAC,Los Angeles Clippers
4095,Troy Hudson,523500.00,2000,2001,ORL,Orlando Magic
4548,Troy Hudson,590850.00,2001,2002,ORL,Orlando Magic
4986,Troy Hudson,2000000.00,2002,2003,MIN,Minnesota Timberwolves
5396,Troy Hudson,2100000.00,2003,2004,MIN,Minnesota Timberwolves
5810,Troy Hudson,4903000.00,2004,2005,MIN,Minnesota Timberwolves
6257,Troy Hudson,5253000.00,2005,2006,MIN,Minnesota Timberwolves
6635,Troy Hudson,5603000.00,2006,2007,MIN,Minnesota Timberwolves
7045,Troy Hudson,5953000.00,2007,2008,MIN,Minnesota Timberwolves
7046,Troy Hudson,1219590.00,2007,2008,GSW,Golden State Warriors
4549,Troy Murphy,1310400.00,2001,2002,GSW,Golden State Warriors
4987,Troy Murphy,1408680.00,2002,2003,GSW,Golden State Warriors
5397,Troy Murphy,1506960.00,2003,2004,GSW,Golden State Warriors
5811,Troy Murphy,2231808.00,2004,2005,GSW,Golden State Warriors
6258,Troy Murphy,7365079.00,2005,2006,GSW,Golden State Warriors
7047,Troy Murphy,9206349.00,2007,2008,IND,Indiana Pacers
7468,Troy Murphy,10126984.00,2008,2009,IND,Indiana Pacers
7925,Troy Murphy,11047619.00,2009,2010,IND,Indiana Pacers
8330,Troy Murphy,11968253.00,2010,2011,GSW,Golden State Warriors
8780,Troy Murphy,1352181.00,2011,2012,LAL,Los Angeles Lakers
9209,Troy Murphy,214758.00,2012,2013,DAL,Dallas Mavericks
11293,Troy Williams,543471.00,2016,2017,MEM,Memphis Grizzlies
11294,Troy Williams,181969.00,2016,2017,HOU,Houston Rockets
11805,Troy Williams,1471382.00,2017,2018,HOU,Houston Rockets
7926,Ty Lawson,1438690.00,2009,2010,DEN,Denver Nuggets
8331,Ty Lawson,1546560.00,2010,2011,DEN,Denver Nuggets
8781,Ty Lawson,1654440.00,2011,2012,DEN,Denver Nuggets
9210,Ty Lawson,2544529.00,2012,2013,DEN,Denver Nuggets
9606,Ty Lawson,10786517.00,2013,2014,DEN,Denver Nuggets
10126,Ty Lawson,11595506.00,2014,2015,DEN,Denver Nuggets
10689,Ty Lawson,12404495.00,2015,2016,HOU,Houston Rockets
10690,Ty Lawson,265058.00,2015,2016,IND,Indiana Pacers
11295,Ty Lawson,1315448.00,2016,2017,SAC,Sacramento Kings
11806,Tyler Cavanaugh,50000.00,2017,2018,ATL,Atlanta Hawks
11807,Tyler Dorsey,815615.00,2017,2018,ATL,Atlanta Hawks
10127,Tyler Ennis,1590720.00,2014,2015,MIL,Milwaukee Bucks
10691,Tyler Ennis,1662360.00,2015,2016,MIL,Milwaukee Bucks
11296,Tyler Ennis,1733880.00,2016,2017,LAL,Los Angeles Lakers
11808,Tyler Ennis,1524305.00,2017,2018,LAL,Los Angeles Lakers
7927,Tyler Hansbrough,1859160.00,2009,2010,IND,Indiana Pacers
8332,Tyler Hansbrough,1998600.00,2010,2011,IND,Indiana Pacers
8782,Tyler Hansbrough,2138040.00,2011,2012,IND,Indiana Pacers
9211,Tyler Hansbrough,3055259.00,2012,2013,IND,Indiana Pacers
9607,Tyler Hansbrough,3183000.00,2013,2014,TOR,Toronto Raptors 
10128,Tyler Hansbrough,3326235.00,2014,2015,TOR,Toronto Raptors 
10692,Tyler Hansbrough,1185784.00,2015,2016,CHA,Charlotte Hornets
8783,Tyler Honeycutt,775000.00,2011,2012,SAC,Sacramento Kings
9608,Tyler Honeycutt,100000.00,2013,2014,HOU,Houston Rockets
10129,Tyler Johnson,507336.00,2014,2015,MIA,Miami Heat
10693,Tyler Johnson,845059.00,2015,2016,MIA,Miami Heat
11297,Tyler Johnson,5628000.00,2016,2017,MIA,Miami Heat
11809,Tyler Johnson,5881260.00,2017,2018,MIA,Miami Heat
11810,Tyler Lydon,1579440.00,2017,2018,DEN,Denver Nuggets
11298,Tyler Ulis,918369.00,2016,2017,PHO,Phoenix Suns
11811,Tyler Ulis,1312611.00,2017,2018,PHO,Phoenix Suns
9212,Tyler Zeller,1563120.00,2012,2013,CLE,Cleveland Caveliers
9609,Tyler Zeller,1633440.00,2013,2014,CLE,Cleveland Caveliers
10130,Tyler Zeller,1703760.00,2014,2015,BOS,Boston Celtic
10694,Tyler Zeller,2616975.00,2015,2016,BOS,Boston Celtic
11299,Tyler Zeller,8000000.00,2016,2017,BOS,Boston Celtic
11812,Tyler Zeller,1709538.00,2017,2018,NJN,Brooklyn Nets
7928,Tyreke Evans,3610080.00,2009,2010,SAC,Sacramento Kings
8333,Tyreke Evans,3880920.00,2010,2011,SAC,Sacramento Kings
8784,Tyreke Evans,4151640.00,2011,2012,SAC,Sacramento Kings
9213,Tyreke Evans,5251825.00,2012,2013,SAC,Sacramento Kings
9610,Tyreke Evans,10300000.00,2013,2014,NOH,New Orleans Pelicans
10131,Tyreke Evans,10763500.00,2014,2015,NOH,New Orleans Pelicans
10695,Tyreke Evans,11227000.00,2015,2016,NOH,New Orleans Pelicans
11300,Tyreke Evans,10661286.00,2016,2017,SAC,Sacramento Kings
11813,Tyreke Evans,3290000.00,2017,2018,MEM,Memphis Grizzlies
337,Tyrone Corbin,830000.00,1990,1991,MIN,Minnesota Timberwolves
708,Tyrone Corbin,922000.00,1991,1992,UTA,Utah Jazz
1085,Tyrone Corbin,1100000.00,1992,1993,UTA,Utah Jazz
1482,Tyrone Corbin,1400000.00,1993,1994,UTA,Utah Jazz
1814,Tyrone Corbin,1600000.00,1994,1995,ATL,Atlanta Hawks
2189,Tyrone Corbin,1700000.00,1995,1996,SAC,Sacramento Kings
2574,Tyrone Corbin,247500.00,1996,1997,ATL,Atlanta Hawks
2961,Tyrone Corbin,326700.00,1997,1998,ATL,Atlanta Hawks
3335,Tyrone Corbin,2400000.00,1998,1999,ATL,Atlanta Hawks
3682,Tyrone Corbin,510000.00,1999,2000,SAC,Sacramento Kings
4096,Tyrone Corbin,1000000.00,2000,2001,TOR,Toronto Raptors 
338,Tyrone Hill,1000000.00,1990,1991,GSW,Golden State Warriors
709,Tyrone Hill,1200000.00,1991,1992,GSW,Golden State Warriors
1086,Tyrone Hill,1400000.00,1992,1993,GSW,Golden State Warriors
1483,Tyrone Hill,1075000.00,1993,1994,CLE,Cleveland Caveliers
1815,Tyrone Hill,2820000.00,1994,1995,CLE,Cleveland Caveliers
2190,Tyrone Hill,3425000.00,1995,1996,CLE,Cleveland Caveliers
2575,Tyrone Hill,3480000.00,1996,1997,CLE,Cleveland Caveliers
2962,Tyrone Hill,4110000.00,1997,1998,MIL,Milwaukee Bucks
3336,Tyrone Hill,5352000.00,1998,1999,PHI,Philadelphia 76ers
3683,Tyrone Hill,6422400.00,1999,2000,PHI,Philadelphia 76ers
4550,Tyrone Hill,6600000.00,2001,2002,CLE,Cleveland Caveliers
4988,Tyrone Hill,6600000.00,2002,2003,CLE,Cleveland Caveliers
5398,Tyrone Hill,221829.00,2003,2004,MIA,Miami Heat
3337,Tyrone Nesby,287500.00,1998,1999,LAC,Los Angeles Clippers
3684,Tyrone Nesby,2716667.00,1999,2000,LAC,Los Angeles Clippers
4097,Tyrone Nesby,2990000.00,2000,2001,WAS,Washington Wizards
4551,Tyrone Nesby,3260000.00,2001,2002,WAS,Washington Wizards
3338,Tyronn Lue,287500.00,1998,1999,LAL,Los Angeles Lakers
3685,Tyronn Lue,809280.00,1999,2000,LAL,Los Angeles Lakers
4098,Tyronn Lue,865800.00,2000,2001,LAL,Los Angeles Lakers
4552,Tyronn Lue,1700000.00,2001,2002,WAS,Washington Wizards
4989,Tyronn Lue,1870000.00,2002,2003,WAS,Washington Wizards
5399,Tyronn Lue,1500000.00,2003,2004,ORL,Orlando Magic
5812,Tyronn Lue,1600000.00,2004,2005,HOU,Houston Rockets
6259,Tyronn Lue,3500000.00,2005,2006,ATL,Atlanta Hawks
6636,Tyronn Lue,3500000.00,2006,2007,ATL,Atlanta Hawks
7469,Tyronn Lue,2250000.00,2008,2009,ORL,Orlando Magic
6637,Tyrus Thomas,3260760.00,2006,2007,CHI,Chicago Bulls
7048,Tyrus Thomas,3505320.00,2007,2008,CHI,Chicago Bulls
7470,Tyrus Thomas,3749880.00,2008,2009,CHI,Chicago Bulls
10132,Tyrus Thomas,72234.00,2014,2015,MEM,Memphis Grizzlies
9214,Tyshawn Taylor,473604.00,2012,2013,NJN,Brooklyn Nets
9611,Tyshawn Taylor,788872.00,2013,2014,NJN,Brooklyn Nets
4553,Tyson Chandler,3308160.00,2001,2002,CHI,Chicago Bulls
4990,Tyson Chandler,3556200.00,2002,2003,CHI,Chicago Bulls
5400,Tyson Chandler,3804360.00,2003,2004,CHI,Chicago Bulls
6260,Tyson Chandler,9000000.00,2005,2006,CHI,Chicago Bulls
6638,Tyson Chandler,9150000.00,2006,2007,NOH,New Orleans Pelicans
7049,Tyson Chandler,10250000.00,2007,2008,NOH,New Orleans Pelicans
7471,Tyson Chandler,11350000.00,2008,2009,NOH,New Orleans Pelicans
8334,Tyson Chandler,12600000.00,2010,2011,DAL,Dallas Mavericks
8785,Tyson Chandler,13107837.00,2011,2012,NYK,New York Knicks
9215,Tyson Chandler,13604188.00,2012,2013,NYK,New York Knicks
9612,Tyson Chandler,14100538.00,2013,2014,NYK,New York Knicks
10133,Tyson Chandler,14598888.00,2014,2015,DAL,Dallas Mavericks
10696,Tyson Chandler,13000000.00,2015,2016,PHO,Phoenix Suns
11301,Tyson Chandler,12415000.00,2016,2017,PHO,Phoenix Suns
11814,Tyson Chandler,13000000.00,2017,2018,PHO,Phoenix Suns
2191,Tyus Edney,210000.00,1995,1996,SAC,Sacramento Kings
2576,Tyus Edney,247500.00,1996,1997,SAC,Sacramento Kings
2963,Tyus Edney,400000.00,1997,1998,BOS,Boston Celtic
4099,Tyus Edney,523500.00,2000,2001,IND,Indiana Pacers
10697,Tyus Jones,1282080.00,2015,2016,MIN,Minnesota Timberwolves
11302,Tyus Jones,1339680.00,2016,2017,MIN,Minnesota Timberwolves
11815,Tyus Jones,1471382.00,2017,2018,MIN,Minnesota Timberwolves
5401,Udonis Haslem,366931.00,2003,2004,MIA,Miami Heat
5813,Udonis Haslem,620046.00,2004,2005,MIA,Miami Heat
6261,Udonis Haslem,5000000.00,2005,2006,MIA,Miami Heat
7050,Udonis Haslem,6050000.00,2007,2008,MIA,Miami Heat
7929,Udonis Haslem,7100000.00,2009,2010,MIA,Miami Heat
8786,Udonis Haslem,3780000.00,2011,2012,MIA,Miami Heat
9216,Udonis Haslem,4060000.00,2012,2013,MIA,Miami Heat
9613,Udonis Haslem,4340000.00,2013,2014,MIA,Miami Heat
10134,Udonis Haslem,2732000.00,2014,2015,MIA,Miami Heat
10698,Udonis Haslem,2854940.00,2015,2016,MIA,Miami Heat
11303,Udonis Haslem,4000000.00,2016,2017,MIA,Miami Heat
11816,Udonis Haslem,2328652.00,2017,2018,MIA,Miami Heat
6639,Uros Slokar,412718.00,2006,2007,TOR,Toronto Raptors 
11817,V.J. Beachem,50000.00,2017,2018,LAL,Los Angeles Lakers
11818,Vander Blue,50000.00,2017,2018,LAL,Los Angeles Lakers
6640,Vassilis Spanoulis,1800000.00,2006,2007,HOU,Houston Rockets
7051,Vassilis Spanoulis,1944000.00,2007,2008,SAS,San Antonio Spurs
339,Vern Fleming,667000.00,1990,1991,IND,Indiana Pacers
710,Vern Fleming,760000.00,1991,1992,IND,Indiana Pacers
1087,Vern Fleming,1360000.00,1992,1993,IND,Indiana Pacers
1484,Vern Fleming,1560000.00,1993,1994,IND,Indiana Pacers
2192,Vern Fleming,700000.00,1995,1996,NJN,Brooklyn Nets
8787,Vernon Macklin,473604.00,2011,2012,DET,Detroit Pistons
340,Vernon Maxwell,250000.00,1990,1991,HOU,Houston Rockets
711,Vernon Maxwell,325000.00,1991,1992,HOU,Houston Rockets
1485,Vernon Maxwell,1424000.00,1993,1994,HOU,Houston Rockets
1816,Vernon Maxwell,1833000.00,1994,1995,HOU,Houston Rockets
2193,Vernon Maxwell,1000000.00,1995,1996,PHI,Philadelphia 76ers
2577,Vernon Maxwell,1000000.00,1996,1997,SAS,San Antonio Spurs
3339,Vernon Maxwell,1000000.00,1998,1999,SAC,Sacramento Kings
3686,Vernon Maxwell,1430000.00,1999,2000,OKC,Oklahoma City Thunder
4554,Vernon Maxwell,473000.00,2001,2002,NYK,New York Knicks
9614,Viacheslav Kravtsov,1500000.00,2013,2014,MIL,Milwaukee Bucks
712,Victor Alexander,750000.00,1991,1992,GSW,Golden State Warriors
1088,Victor Alexander,942000.00,1992,1993,GSW,Golden State Warriors
1486,Victor Alexander,1160000.00,1993,1994,GSW,Golden State Warriors
1817,Victor Alexander,1377500.00,1994,1995,GSW,Golden State Warriors
2194,Victor Alexander,1595000.00,1995,1996,TOR,Toronto Raptors 
4555,Victor Alexander,653350.00,2001,2002,DET,Detroit Pistons
9217,Victor Claver,1300000.00,2012,2013,POR,Portland Trail Blazers
9615,Victor Claver,1330000.00,2013,2014,POR,Portland Trail Blazers
10135,Victor Claver,1370000.00,2014,2015,DEN,Denver Nuggets
9616,Victor Oladipo,4763760.00,2013,2014,ORL,Orlando Magic
10136,Victor Oladipo,4978200.00,2014,2015,ORL,Orlando Magic
10699,Victor Oladipo,5192520.00,2015,2016,ORL,Orlando Magic
11304,Victor Oladipo,6552960.00,2016,2017,OKC,Oklahoma City Thunder
11819,Victor Oladipo,21000000.00,2017,2018,IND,Indiana Pacers
5814,Viktor Khryapa,1019400.00,2004,2005,POR,Portland Trail Blazers
6262,Viktor Khryapa,1095960.00,2005,2006,POR,Portland Trail Blazers
6641,Viktor Khryapa,1172400.00,2006,2007,CHI,Chicago Bulls
7052,Viktor Khryapa,1928598.00,2007,2008,CHI,Chicago Bulls
1487,Vin Baker,866000.00,1993,1994,MIL,Milwaukee Bucks
1818,Vin Baker,1065300.00,1994,1995,MIL,Milwaukee Bucks
2195,Vin Baker,3765000.00,1995,1996,MIL,Milwaukee Bucks
2578,Vin Baker,3765000.00,1996,1997,MIL,Milwaukee Bucks
2964,Vin Baker,4064373.00,1997,1998,OKC,Oklahoma City Thunder
3340,Vin Baker,4264000.00,1998,1999,OKC,Oklahoma City Thunder
3687,Vin Baker,9000000.00,1999,2000,OKC,Oklahoma City Thunder
4100,Vin Baker,10130000.00,2000,2001,OKC,Oklahoma City Thunder
4556,Vin Baker,11250000.00,2001,2002,OKC,Oklahoma City Thunder
4991,Vin Baker,12375000.00,2002,2003,BOS,Boston Celtic
5402,Vin Baker,13500000.00,2003,2004,BOS,Boston Celtic
5815,Vin Baker,5333333.00,2004,2005,BOS,Boston Celtic
5816,Vin Baker,3500000.00,2004,2005,NYK,New York Knicks
6263,Vin Baker,5333333.00,2005,2006,BOS,Boston Celtic
6264,Vin Baker,3850000.00,2005,2006,HOU,Houston Rockets
6642,Vin Baker,86221.00,2006,2007,MIN,Minnesota Timberwolves
3688,Vince Carter,2267280.00,1999,2000,TOR,Toronto Raptors 
4101,Vince Carter,2425440.00,2000,2001,TOR,Toronto Raptors 
4557,Vince Carter,3073032.00,2001,2002,TOR,Toronto Raptors 
4992,Vince Carter,10067750.00,2002,2003,TOR,Toronto Raptors 
5403,Vince Carter,11326219.00,2003,2004,TOR,Toronto Raptors 
5817,Vince Carter,12584688.00,2004,2005,NJN,Brooklyn Nets
6265,Vince Carter,13843156.00,2005,2006,NJN,Brooklyn Nets
6643,Vince Carter,15101625.00,2006,2007,NJN,Brooklyn Nets
7053,Vince Carter,13320000.00,2007,2008,NJN,Brooklyn Nets
7472,Vince Carter,14724125.00,2008,2009,NJN,Brooklyn Nets
7930,Vince Carter,16300000.00,2009,2010,ORL,Orlando Magic
8788,Vince Carter,18300000.00,2011,2012,PHO,Phoenix Suns
8789,Vince Carter,3000000.00,2011,2012,DAL,Dallas Mavericks
9218,Vince Carter,3090000.00,2012,2013,DAL,Dallas Mavericks
9617,Vince Carter,3180000.00,2013,2014,DAL,Dallas Mavericks
10137,Vince Carter,3911981.00,2014,2015,MEM,Memphis Grizzlies
10700,Vince Carter,4088091.00,2015,2016,MEM,Memphis Grizzlies
11305,Vince Carter,4264057.00,2016,2017,MEM,Memphis Grizzlies
11820,Vince Carter,8000000.00,2017,2018,SAC,Sacramento Kings
10701,Vince Hunter,35000.00,2015,2016,SAC,Sacramento Kings
713,Vincent Askew,135000.00,1991,1992,GSW,Golden State Warriors
1089,Vincent Askew,180000.00,1992,1993,OKC,Oklahoma City Thunder
1819,Vincent Askew,1460000.00,1994,1995,OKC,Oklahoma City Thunder
2196,Vincent Askew,1810000.00,1995,1996,OKC,Oklahoma City Thunder
2579,Vincent Askew,2000000.00,1996,1997,IND,Indiana Pacers
2965,Vincent Askew,272250.00,1997,1998,POR,Portland Trail Blazers
4993,Vincent Yarbrough,349458.00,2002,2003,DEN,Denver Nuggets
2197,Vincenzo Esposito,500000.00,1995,1996,TOR,Toronto Raptors 
341,Vinnie Johnson,1400000.00,1990,1991,DET,Detroit Pistons
714,Vinnie Johnson,130000.00,1991,1992,SAS,San Antonio Spurs
1090,Vinnie Johnson,210000.00,1992,1993,SAS,San Antonio Spurs
1091,Vinny Del Negro,920000.00,1992,1993,SAS,San Antonio Spurs
1488,Vinny Del Negro,1195365.00,1993,1994,SAS,San Antonio Spurs
1820,Vinny Del Negro,1471000.00,1994,1995,SAS,San Antonio Spurs
2198,Vinny Del Negro,1747000.00,1995,1996,SAS,San Antonio Spurs
2580,Vinny Del Negro,2023000.00,1996,1997,SAS,San Antonio Spurs
2966,Vinny Del Negro,2298777.00,1997,1998,SAS,San Antonio Spurs
3341,Vinny Del Negro,1750000.00,1998,1999,MIL,Milwaukee Bucks
3689,Vinny Del Negro,1925000.00,1999,2000,MIL,Milwaukee Bucks
4102,Vinny Del Negro,2100000.00,2000,2001,GSW,Golden State Warriors
4558,Vinny Del Negro,2275000.00,2001,2002,LAC,Los Angeles Clippers
2581,Vitaly Potapenko,1068000.00,1996,1997,CLE,Cleveland Caveliers
2967,Vitaly Potapenko,1228560.00,1997,1998,CLE,Cleveland Caveliers
3342,Vitaly Potapenko,1339000.00,1998,1999,BOS,Boston Celtic
3690,Vitaly Potapenko,3810000.00,1999,2000,BOS,Boston Celtic
4103,Vitaly Potapenko,4290000.00,2000,2001,BOS,Boston Celtic
4559,Vitaly Potapenko,4762500.00,2001,2002,BOS,Boston Celtic
4994,Vitaly Potapenko,5238750.00,2002,2003,OKC,Oklahoma City Thunder
5404,Vitaly Potapenko,5715000.00,2003,2004,OKC,Oklahoma City Thunder
5818,Vitaly Potapenko,6191250.00,2004,2005,OKC,Oklahoma City Thunder
6266,Vitaly Potapenko,3320000.00,2005,2006,OKC,Oklahoma City Thunder
6644,Vitaly Potapenko,3674584.00,2006,2007,SAC,Sacramento Kings
10138,Vitor Faverani,2090000.00,2014,2015,BOS,Boston Celtic
342,Vlade Divac,770000.00,1990,1991,LAL,Los Angeles Lakers
715,Vlade Divac,942000.00,1991,1992,LAL,Los Angeles Lakers
1092,Vlade Divac,3633000.00,1992,1993,LAL,Los Angeles Lakers
1489,Vlade Divac,4133000.00,1993,1994,LAL,Los Angeles Lakers
1821,Vlade Divac,3333300.00,1994,1995,LAL,Los Angeles Lakers
2199,Vlade Divac,3333000.00,1995,1996,LAL,Los Angeles Lakers
2968,Vlade Divac,4833333.00,1997,1998,CHA,Charlotte Hornets
3343,Vlade Divac,8300000.00,1998,1999,SAC,Sacramento Kings
3691,Vlade Divac,8837774.00,1999,2000,SAC,Sacramento Kings
4104,Vlade Divac,9640000.00,2000,2001,SAC,Sacramento Kings
4560,Vlade Divac,10444642.00,2001,2002,SAC,Sacramento Kings
4995,Vlade Divac,11248076.00,2002,2003,SAC,Sacramento Kings
5405,Vlade Divac,12051510.00,2003,2004,SAC,Sacramento Kings
5819,Vlade Divac,4903000.00,2004,2005,LAL,Los Angeles Lakers
6267,Vlade Divac,2000000.00,2005,2006,LAL,Los Angeles Lakers
4561,Vladimir Radmanovic,1452000.00,2001,2002,OKC,Oklahoma City Thunder
4996,Vladimir Radmanovic,1560840.00,2002,2003,OKC,Oklahoma City Thunder
5406,Vladimir Radmanovic,1669800.00,2003,2004,OKC,Oklahoma City Thunder
5820,Vladimir Radmanovic,2300984.00,2004,2005,OKC,Oklahoma City Thunder
6268,Vladimir Radmanovic,3166155.00,2005,2006,OKC,Oklahoma City Thunder
6645,Vladimir Radmanovic,5215000.00,2006,2007,LAL,Los Angeles Lakers
7054,Vladimir Radmanovic,5632200.00,2007,2008,LAL,Los Angeles Lakers
7931,Vladimir Radmanovic,6466600.00,2009,2010,GSW,Golden State Warriors
8335,Vladimir Radmanovic,6883800.00,2010,2011,GSW,Golden State Warriors
8790,Vladimir Radmanovic,1352181.00,2011,2012,ATL,Atlanta Hawks
9219,Vladimir Radmanovic,1352181.00,2012,2013,CHI,Chicago Bulls
3344,Vladimir Stepania,543000.00,1998,1999,OKC,Oklahoma City Thunder
3692,Vladimir Stepania,700320.00,1999,2000,OKC,Oklahoma City Thunder
4105,Vladimir Stepania,749160.00,2000,2001,TOR,Toronto Raptors 
4562,Vladimir Stepania,565850.00,2001,2002,MIA,Miami Heat
4997,Vladimir Stepania,1350000.00,2002,2003,MIA,Miami Heat
5407,Vladimir Stepania,751179.00,2003,2004,POR,Portland Trail Blazers
5821,Vladimir Stepania,1100000.00,2004,2005,POR,Portland Trail Blazers
6269,Von Wafer,398762.00,2005,2006,LAL,Los Angeles Lakers
6646,Von Wafer,24300.00,2006,2007,LAC,Los Angeles Clippers
7055,Von Wafer,770610.00,2007,2008,POR,Portland Trail Blazers
7473,Von Wafer,826269.00,2008,2009,HOU,Houston Rockets
8336,Von Wafer,915852.00,2010,2011,BOS,Boston Celtic
3693,Vonteego Cummings,704400.00,1999,2000,GSW,Golden State Warriors
4106,Vonteego Cummings,757200.00,2000,2001,GSW,Golden State Warriors
4563,Vonteego Cummings,810000.00,2001,2002,PHI,Philadelphia 76ers
2582,Voshon Lenard,247500.00,1996,1997,MIA,Miami Heat
3345,Voshon Lenard,2837000.00,1998,1999,MIA,Miami Heat
4107,Voshon Lenard,3780000.00,2000,2001,DEN,Denver Nuggets
4564,Voshon Lenard,4252435.00,2001,2002,DEN,Denver Nuggets
4998,Voshon Lenard,824935.00,2002,2003,TOR,Toronto Raptors 
5408,Voshon Lenard,1200000.00,2003,2004,DEN,Denver Nuggets
6270,Voshon Lenard,3520000.00,2005,2006,DEN,Denver Nuggets
11306,Wade Baldwin,1793760.00,2016,2017,MEM,Memphis Grizzlies
11821,Wade Baldwin,1874400.00,2017,2018,MEM,Memphis Grizzlies
8791,Walker Russell,374289.00,2011,2012,DET,Detroit Pistons
3694,Wally Szczerbiak,2011440.00,1999,2000,MIN,Minnesota Timberwolves
4108,Wally Szczerbiak,2162280.00,2000,2001,MIN,Minnesota Timberwolves
4565,Wally Szczerbiak,2313240.00,2001,2002,MIN,Minnesota Timberwolves
4999,Wally Szczerbiak,2933187.00,2002,2003,MIN,Minnesota Timberwolves
5409,Wally Szczerbiak,8000000.00,2003,2004,MIN,Minnesota Timberwolves
5822,Wally Szczerbiak,9000000.00,2004,2005,MIN,Minnesota Timberwolves
6271,Wally Szczerbiak,10000000.00,2005,2006,MIN,Minnesota Timberwolves
7056,Wally Szczerbiak,12775000.00,2007,2008,CLE,Cleveland Caveliers
7474,Wally Szczerbiak,13775000.00,2008,2009,CLE,Cleveland Caveliers
1093,Walt Williams,1275000.00,1992,1993,SAC,Sacramento Kings
1490,Walt Williams,1658000.00,1993,1994,SAC,Sacramento Kings
1822,Walt Williams,2040000.00,1994,1995,SAC,Sacramento Kings
2200,Walt Williams,2423000.00,1995,1996,SAC,Sacramento Kings
2583,Walt Williams,247500.00,1996,1997,TOR,Toronto Raptors 
2969,Walt Williams,3750000.00,1997,1998,TOR,Toronto Raptors 
3695,Walt Williams,3750000.00,1999,2000,HOU,Houston Rockets
4109,Walt Williams,4250000.00,2000,2001,HOU,Houston Rockets
4566,Walt Williams,5000000.00,2001,2002,HOU,Houston Rockets
5000,Walt Williams,1030000.00,2002,2003,DAL,Dallas Mavericks
1094,Walter Bond,150000.00,1992,1993,DAL,Dallas Mavericks
1491,Walter Bond,150000.00,1993,1994,UTA,Utah Jazz
1823,Walter Bond,117000.00,1994,1995,DET,Detroit Pistons
1824,Walter Bond,57900.00,1994,1995,UTA,Utah Jazz
343,Walter Davis,900000.00,1990,1991,POR,Portland Trail Blazers
716,Walter Davis,1000000.00,1991,1992,POR,Portland Trail Blazers
717,Walter Davis,215000.00,1991,1992,DEN,Denver Nuggets
7057,Walter Herrmann,1944000.00,2007,2008,DET,Detroit Pistons
7475,Walter Herrmann,2000000.00,2008,2009,DET,Detroit Pistons
2584,Walter McCarty,750000.00,1996,1997,NYK,New York Knicks
2970,Walter McCarty,862560.00,1997,1998,BOS,Boston Celtic
3346,Walter McCarty,975000.00,1998,1999,BOS,Boston Celtic
3696,Walter McCarty,2500000.00,1999,2000,BOS,Boston Celtic
4110,Walter McCarty,2670000.00,2000,2001,BOS,Boston Celtic
4567,Walter McCarty,3125000.00,2001,2002,BOS,Boston Celtic
5001,Walter McCarty,762435.00,2002,2003,BOS,Boston Celtic
5410,Walter McCarty,1200000.00,2003,2004,BOS,Boston Celtic
5823,Walter McCarty,1337500.00,2004,2005,BOS,Boston Celtic
6272,Walter McCarty,1035000.00,2005,2006,LAC,Los Angeles Clippers
344,Walter Palmer,225000.00,1990,1991,UTA,Utah Jazz
718,Walter Palmer,275000.00,1991,1992,UTA,Utah Jazz
1095,Walter Palmer,140000.00,1992,1993,DAL,Dallas Mavericks
7476,Walter Sharpe,442114.00,2008,2009,DET,Detroit Pistons
10702,Walter Tavares,1000000.00,2015,2016,ATL,Atlanta Hawks
4568,Wang Zhizhi,465850.00,2001,2002,DAL,Dallas Mavericks
5002,Wang Zhizhi,1900000.00,2002,2003,LAC,Los Angeles Clippers
5411,Wang Zhizhi,530943.00,2003,2004,MIA,Miami Heat
5824,Wang Zhizhi,745046.00,2004,2005,MIA,Miami Heat
345,Wayman Tisdale,2330000.00,1990,1991,SAC,Sacramento Kings
719,Wayman Tisdale,2333000.00,1991,1992,SAC,Sacramento Kings
1096,Wayman Tisdale,2333000.00,1992,1993,SAC,Sacramento Kings
1492,Wayman Tisdale,2333000.00,1993,1994,SAC,Sacramento Kings
1825,Wayman Tisdale,850000.00,1994,1995,PHO,Phoenix Suns
2201,Wayman Tisdale,3475000.00,1995,1996,PHO,Phoenix Suns
2585,Wayman Tisdale,3475000.00,1996,1997,PHO,Phoenix Suns
346,Wayne Cooper,1100000.00,1990,1991,POR,Portland Trail Blazers
720,Wayne Cooper,1200000.00,1991,1992,POR,Portland Trail Blazers
7932,Wayne Ellington,1003560.00,2009,2010,MIN,Minnesota Timberwolves
8337,Wayne Ellington,1078800.00,2010,2011,MIN,Minnesota Timberwolves
8792,Wayne Ellington,1154040.00,2011,2012,MIN,Minnesota Timberwolves
9220,Wayne Ellington,2083042.00,2012,2013,CLE,Cleveland Caveliers
9618,Wayne Ellington,2652000.00,2013,2014,DAL,Dallas Mavericks
10139,Wayne Ellington,1063384.00,2014,2015,LAL,Los Angeles Lakers
10140,Wayne Ellington,923780.00,2014,2015,SAC,Sacramento Kings
10703,Wayne Ellington,1500000.00,2015,2016,NJN,Brooklyn Nets
10704,Wayne Ellington,923670.00,2015,2016,SAC,Sacramento Kings
11307,Wayne Ellington,6000000.00,2016,2017,MIA,Miami Heat
11308,Wayne Ellington,923670.00,2016,2017,SAC,Sacramento Kings
11822,Wayne Ellington,6270000.00,2017,2018,MIA,Miami Heat
11309,Wayne Selden,83119.00,2016,2017,MEM,Memphis Grizzlies
11310,Wayne Selden,31969.00,2016,2017,NOH,New Orleans Pelicans
11823,Wayne Selden,1312611.00,2017,2018,MEM,Memphis Grizzlies
6273,Wayne Simien,867720.00,2005,2006,MIA,Miami Heat
3697,Wayne Turner,30000.00,1999,2000,BOS,Boston Celtic
11824,Wesley Iwundu,1050000.00,2017,2018,ORL,Orlando Magic
8338,Wesley Johnson,3726600.00,2010,2011,MIN,Minnesota Timberwolves
8793,Wesley Johnson,4006080.00,2011,2012,MIN,Minnesota Timberwolves
9221,Wesley Johnson,4285560.00,2012,2013,PHO,Phoenix Suns
9619,Wesley Johnson,916099.00,2013,2014,LAL,Los Angeles Lakers
10141,Wesley Johnson,981084.00,2014,2015,LAL,Los Angeles Lakers
10705,Wesley Johnson,1100600.00,2015,2016,LAC,Los Angeles Clippers
11311,Wesley Johnson,5628000.00,2016,2017,LAC,Los Angeles Clippers
11825,Wesley Johnson,5881260.00,2017,2018,LAC,Los Angeles Clippers
7933,Wesley Matthews,457588.00,2009,2010,UTA,Utah Jazz
8339,Wesley Matthews,5765000.00,2010,2011,POR,Portland Trail Blazers
8794,Wesley Matthews,6135160.00,2011,2012,POR,Portland Trail Blazers
9222,Wesley Matthews,6505320.00,2012,2013,POR,Portland Trail Blazers
9620,Wesley Matthews,6875480.00,2013,2014,POR,Portland Trail Blazers
10142,Wesley Matthews,7245640.00,2014,2015,POR,Portland Trail Blazers
10706,Wesley Matthews,16400000.00,2015,2016,DAL,Dallas Mavericks
11312,Wesley Matthews,17100000.00,2016,2017,DAL,Dallas Mavericks
11826,Wesley Matthews,17884176.00,2017,2018,DAL,Dallas Mavericks
1826,Wesley Person,650000.00,1994,1995,PHO,Phoenix Suns
2202,Wesley Person,845000.00,1995,1996,PHO,Phoenix Suns
2586,Wesley Person,1040000.00,1996,1997,PHO,Phoenix Suns
2971,Wesley Person,3500000.00,1997,1998,CLE,Cleveland Caveliers
3347,Wesley Person,4200000.00,1998,1999,CLE,Cleveland Caveliers
3698,Wesley Person,4900000.00,1999,2000,CLE,Cleveland Caveliers
4111,Wesley Person,5600000.00,2000,2001,CLE,Cleveland Caveliers
4569,Wesley Person,6300000.00,2001,2002,CLE,Cleveland Caveliers
5003,Wesley Person,7000000.00,2002,2003,MEM,Memphis Grizzlies
5412,Wesley Person,7700000.00,2003,2004,POR,Portland Trail Blazers
5825,Wesley Person,1600000.00,2004,2005,MIA,Miami Heat
6274,Wesley Person,1760000.00,2005,2006,MIA,Miami Heat
10707,Wesley Saunders,75000.00,2015,2016,NYK,New York Knicks
9223,Will Barton,550000.00,2012,2013,POR,Portland Trail Blazers
9621,Will Barton,788872.00,2013,2014,POR,Portland Trail Blazers
10143,Will Barton,915243.00,2014,2015,DEN,Denver Nuggets
10708,Will Barton,3333333.00,2015,2016,DEN,Denver Nuggets
11313,Will Barton,3533333.00,2016,2017,DEN,Denver Nuggets
11827,Will Barton,3533333.00,2017,2018,DEN,Denver Nuggets
6647,Will Blalock,412718.00,2006,2007,DET,Detroit Pistons
7477,Will Bynum,711517.00,2008,2009,DET,Detroit Pistons
7934,Will Bynum,825497.00,2009,2010,DET,Detroit Pistons
8795,Will Bynum,3250000.00,2011,2012,DET,Detroit Pistons
9622,Will Bynum,2790343.00,2013,2014,DET,Detroit Pistons
10144,Will Bynum,2915908.00,2014,2015,BOS,Boston Celtic
10145,Will Bynum,144468.00,2014,2015,WAS,Washington Wizards
10146,Will Cherry,25000.00,2014,2015,TOR,Toronto Raptors 
6648,Will Conroy,20279.00,2006,2007,MEM,Memphis Grizzlies
6649,Will Conroy,15099.00,2006,2007,LAC,Los Angeles Clippers
7935,Will Conroy,48559.00,2009,2010,HOU,Houston Rockets
9224,Will Conroy,85439.00,2012,2013,MIN,Minnesota Timberwolves
347,Will Perdue,450000.00,1990,1991,CHI,Chicago Bulls
721,Will Perdue,500000.00,1991,1992,CHI,Chicago Bulls
1097,Will Perdue,625000.00,1992,1993,CHI,Chicago Bulls
1493,Will Perdue,1200000.00,1993,1994,CHI,Chicago Bulls
2203,Will Perdue,1340000.00,1995,1996,SAS,San Antonio Spurs
2587,Will Perdue,1544000.00,1996,1997,SAS,San Antonio Spurs
2972,Will Perdue,1987500.00,1997,1998,SAS,San Antonio Spurs
4112,Will Perdue,2250000.00,2000,2001,POR,Portland Trail Blazers
4570,Will Perdue,1320000.00,2001,2002,LAC,Los Angeles Clippers
4571,Will Solomon,332817.00,2001,2002,MEM,Memphis Grizzlies
7478,Will Solomon,711517.00,2008,2009,SAC,Sacramento Kings
3699,William Avery,1196520.00,1999,2000,MIN,Minnesota Timberwolves
4113,William Avery,1286160.00,2000,2001,MIN,Minnesota Timberwolves
4572,William Avery,1375920.00,2001,2002,MIN,Minnesota Timberwolves
348,William Bedford,850000.00,1990,1991,DET,Detroit Pistons
1098,William Bedford,925000.00,1992,1993,WAS,Washington Wizards
2973,William Cunningham,50000.00,1997,1998,PHO,Phoenix Suns
3348,William Cunningham,350000.00,1998,1999,NJN,Brooklyn Nets
4114,William Cunningham,498500.00,2000,2001,MEM,Memphis Grizzlies
349,Willie Anderson,725000.00,1990,1991,SAS,San Antonio Spurs
722,Willie Anderson,775000.00,1991,1992,SAS,San Antonio Spurs
1099,Willie Anderson,2075000.00,1992,1993,SAS,San Antonio Spurs
1494,Willie Anderson,2075000.00,1993,1994,SAS,San Antonio Spurs
1827,Willie Anderson,2075000.00,1994,1995,SAS,San Antonio Spurs
2204,Willie Anderson,2075000.00,1995,1996,TOR,Toronto Raptors 
350,Willie Burton,2000000.00,1990,1991,MIA,Miami Heat
723,Willie Burton,1402000.00,1991,1992,MIA,Miami Heat
1100,Willie Burton,802000.00,1992,1993,MIA,Miami Heat
1495,Willie Burton,1002000.00,1993,1994,MIA,Miami Heat
1828,Willie Burton,1052000.00,1994,1995,MIA,Miami Heat
1829,Willie Burton,150000.00,1994,1995,PHI,Philadelphia 76ers
2588,Willie Burton,247500.00,1996,1997,ATL,Atlanta Hawks
10709,Willie Cauley-Stein,3398280.00,2015,2016,SAC,Sacramento Kings
11314,Willie Cauley-Stein,3551160.00,2016,2017,SAC,Sacramento Kings
11828,Willie Cauley-Stein,3704160.00,2017,2018,SAC,Sacramento Kings
5826,Willie Green,620046.00,2004,2005,PHI,Philadelphia 76ers
6650,Willie Green,2800000.00,2006,2007,PHI,Philadelphia 76ers
7479,Willie Green,3388000.00,2008,2009,PHI,Philadelphia 76ers
7936,Willie Green,3682000.00,2009,2010,PHI,Philadelphia 76ers
8340,Willie Green,3976000.00,2010,2011,NOH,New Orleans Pelicans
8796,Willie Green,1223166.00,2011,2012,ATL,Atlanta Hawks
9225,Willie Green,1475106.00,2012,2013,LAC,Los Angeles Clippers
9623,Willie Green,1399507.00,2013,2014,LAC,Los Angeles Clippers
10147,Willie Green,1448490.00,2014,2015,ORL,Orlando Magic
10710,Willie Reed,947276.00,2015,2016,NJN,Brooklyn Nets
11315,Willie Reed,1015696.00,2016,2017,MIA,Miami Heat
11829,Willie Reed,1577230.00,2017,2018,LAC,Los Angeles Clippers
8341,Willie Warren,500000.00,2010,2011,LAC,Los Angeles Clippers
11316,Willy Hernangomez,1375000.00,2016,2017,NYK,New York Knicks
11830,Willy Hernangomez,1435750.00,2017,2018,NYK,New York Knicks
7058,Wilson Chandler,1091640.00,2007,2008,NYK,New York Knicks
7480,Wilson Chandler,1173480.00,2008,2009,NYK,New York Knicks
7937,Wilson Chandler,1255440.00,2009,2010,NYK,New York Knicks
8342,Wilson Chandler,2130482.00,2010,2011,DEN,Denver Nuggets
9226,Wilson Chandler,5930414.00,2012,2013,DEN,Denver Nuggets
9624,Wilson Chandler,6344164.00,2013,2014,DEN,Denver Nuggets
10148,Wilson Chandler,6757913.00,2014,2015,DEN,Denver Nuggets
10711,Wilson Chandler,10500000.00,2015,2016,DEN,Denver Nuggets
11317,Wilson Chandler,11200000.00,2016,2017,DEN,Denver Nuggets
11831,Wilson Chandler,12016854.00,2017,2018,DEN,Denver Nuggets
351,Winston Bennett,525000.00,1990,1991,CLE,Cleveland Caveliers
724,Winston Bennett,525000.00,1991,1992,CLE,Cleveland Caveliers
352,Winston Garland,450000.00,1990,1991,LAC,Los Angeles Clippers
725,Winston Garland,450000.00,1991,1992,DEN,Denver Nuggets
1101,Winston Garland,625000.00,1992,1993,DEN,Denver Nuggets
8343,Xavier Henry,2020200.00,2010,2011,MEM,Memphis Grizzlies
8797,Xavier Henry,2171640.00,2011,2012,NOH,New Orleans Pelicans
9227,Xavier Henry,2323200.00,2012,2013,NOH,New Orleans Pelicans
10149,Xavier Henry,1082000.00,2014,2015,LAL,Los Angeles Lakers
353,Xavier McDaniel,1400000.00,1990,1991,PHO,Phoenix Suns
726,Xavier McDaniel,1625000.00,1991,1992,NYK,New York Knicks
1102,Xavier McDaniel,1869000.00,1992,1993,BOS,Boston Celtic
1496,Xavier McDaniel,2145000.00,1993,1994,BOS,Boston Celtic
1830,Xavier McDaniel,2640000.00,1994,1995,BOS,Boston Celtic
2589,Xavier McDaniel,254000.00,1996,1997,NJN,Brooklyn Nets
10712,Xavier Munford,89588.00,2015,2016,MEM,Memphis Grizzlies
7059,Yakhouba Diawara,687456.00,2007,2008,DEN,Denver Nuggets
7938,Yakhouba Diawara,945000.00,2009,2010,MIA,Miami Heat
11318,Yanick Moreira,50000.00,2016,2017,TOR,Toronto Raptors 
5413,Yao Ming,4147560.00,2003,2004,HOU,Houston Rockets
5827,Yao Ming,4436880.00,2004,2005,HOU,Houston Rockets
6275,Yao Ming,5594906.00,2005,2006,HOU,Houston Rockets
6651,Yao Ming,12455000.00,2006,2007,HOU,Houston Rockets
7481,Yao Ming,15070550.00,2008,2009,HOU,Houston Rockets
7939,Yao Ming,16378325.00,2009,2010,HOU,Houston Rockets
8344,Yao Ming,17686100.00,2010,2011,HOU,Houston Rockets
6276,Yaroslav Korolev,1704480.00,2005,2006,LAC,Los Angeles Clippers
6652,Yaroslav Korolev,1832280.00,2006,2007,LAC,Los Angeles Clippers
7060,Yi Jianlian,2777760.00,2007,2008,MIL,Milwaukee Bucks
7482,Yi Jianlian,2986080.00,2008,2009,NJN,Brooklyn Nets
7940,Yi Jianlian,3194400.00,2009,2010,NJN,Brooklyn Nets
8345,Yi Jianlian,4050499.00,2010,2011,WAS,Washington Wizards
8798,Yi Jianlian,827197.00,2011,2012,DAL,Dallas Mavericks
11319,Yi Jianlian,250000.00,2016,2017,LAL,Los Angeles Lakers
2205,Yinka Dare,1184000.00,1995,1996,NJN,Brooklyn Nets
2590,Yinka Dare,1448000.00,1996,1997,NJN,Brooklyn Nets
2974,Yinka Dare,1552500.00,1997,1998,NJN,Brooklyn Nets
3349,Yinka Dare,1657000.00,1998,1999,ORL,Orlando Magic
11320,Yogi Ferrell,239767.00,2016,2017,DAL,Dallas Mavericks
11321,Yogi Ferrell,202300.00,2016,2017,NJN,Brooklyn Nets
11832,Yogi Ferrell,1312611.00,2017,2018,DAL,Dallas Mavericks
5828,Yuta Tabuse,108066.00,2004,2005,PHO,Phoenix Suns
11322,Zach Auguste,60000.00,2016,2017,LAL,Los Angeles Lakers
11833,Zach Collins,3057240.00,2017,2018,POR,Portland Trail Blazers
10150,Zach LaVine,2055840.00,2014,2015,MIN,Minnesota Timberwolves
10713,Zach LaVine,2148360.00,2015,2016,MIN,Minnesota Timberwolves
11323,Zach LaVine,2240880.00,2016,2017,MIN,Minnesota Timberwolves
11834,Zach LaVine,3202217.00,2017,2018,CHI,Chicago Bulls
4573,Zach Randolph,1019280.00,2001,2002,POR,Portland Trail Blazers
5004,Zach Randolph,1095720.00,2002,2003,POR,Portland Trail Blazers
5414,Zach Randolph,1172160.00,2003,2004,POR,Portland Trail Blazers
5829,Zach Randolph,1504272.00,2004,2005,POR,Portland Trail Blazers
6277,Zach Randolph,10666667.00,2005,2006,POR,Portland Trail Blazers
6653,Zach Randolph,12000000.00,2006,2007,POR,Portland Trail Blazers
7061,Zach Randolph,13333333.00,2007,2008,NYK,New York Knicks
7483,Zach Randolph,14666667.00,2008,2009,LAC,Los Angeles Clippers
7941,Zach Randolph,16000000.00,2009,2010,MEM,Memphis Grizzlies
8346,Zach Randolph,17666666.00,2010,2011,MEM,Memphis Grizzlies
8799,Zach Randolph,15200000.00,2011,2012,MEM,Memphis Grizzlies
9228,Zach Randolph,16500000.00,2012,2013,MEM,Memphis Grizzlies
9625,Zach Randolph,17800000.00,2013,2014,MEM,Memphis Grizzlies
10151,Zach Randolph,16500000.00,2014,2015,MEM,Memphis Grizzlies
10714,Zach Randolph,9638555.00,2015,2016,MEM,Memphis Grizzlies
11324,Zach Randolph,10361445.00,2016,2017,MEM,Memphis Grizzlies
11835,Zach Randolph,12307692.00,2017,2018,SAC,Sacramento Kings
1831,Zan Tabak,500000.00,1994,1995,HOU,Houston Rockets
2206,Zan Tabak,650000.00,1995,1996,TOR,Toronto Raptors 
2591,Zan Tabak,800000.00,1996,1997,TOR,Toronto Raptors 
2975,Zan Tabak,950000.00,1997,1998,TOR,Toronto Raptors 
4115,Zan Tabak,1200000.00,2000,2001,IND,Indiana Pacers
5415,Zarko Cabarkapa,1221240.00,2003,2004,PHO,Phoenix Suns
5830,Zarko Cabarkapa,1312800.00,2004,2005,PHO,Phoenix Suns
6278,Zarko Cabarkapa,1404360.00,2005,2006,GSW,Golden State Warriors
6654,Zarko Cabarkapa,2157097.00,2006,2007,GSW,Golden State Warriors
5416,Zaza Pachulia,366931.00,2003,2004,ORL,Orlando Magic
5831,Zaza Pachulia,620046.00,2004,2005,MIL,Milwaukee Bucks
6279,Zaza Pachulia,4000000.00,2005,2006,ATL,Atlanta Hawks
6655,Zaza Pachulia,4000000.00,2006,2007,ATL,Atlanta Hawks
7062,Zaza Pachulia,4000000.00,2007,2008,ATL,Atlanta Hawks
7484,Zaza Pachulia,4000000.00,2008,2009,ATL,Atlanta Hawks
7942,Zaza Pachulia,4750000.00,2009,2010,ATL,Atlanta Hawks
8347,Zaza Pachulia,4251250.00,2010,2011,ATL,Atlanta Hawks
8800,Zaza Pachulia,4750000.00,2011,2012,ATL,Atlanta Hawks
9229,Zaza Pachulia,5248750.00,2012,2013,ATL,Atlanta Hawks
9626,Zaza Pachulia,5200000.00,2013,2014,MIL,Milwaukee Bucks
10152,Zaza Pachulia,5200000.00,2014,2015,MIL,Milwaukee Bucks
10715,Zaza Pachulia,5200000.00,2015,2016,DAL,Dallas Mavericks
11325,Zaza Pachulia,2898000.00,2016,2017,GSW,Golden State Warriors
11836,Zaza Pachulia,3477600.00,2017,2018,GSW,Golden State Warriors
4574,Zeljko Rebraca,3500000.00,2001,2002,DET,Detroit Pistons
5005,Zeljko Rebraca,3850000.00,2002,2003,DET,Detroit Pistons
5417,Zeljko Rebraca,4200000.00,2003,2004,DET,Detroit Pistons
5832,Zeljko Rebraca,2500000.00,2004,2005,LAC,Los Angeles Clippers
6280,Zeljko Rebraca,3000000.00,2005,2006,LAC,Los Angeles Clippers
6656,Zeljko Rebraca,3240000.00,2006,2007,LAC,Los Angeles Clippers
4116,Zendon Hamilton,316969.00,2000,2001,LAC,Los Angeles Clippers
4575,Zendon Hamilton,465850.00,2001,2002,DEN,Denver Nuggets
5833,Zendon Hamilton,807546.00,2004,2005,MIL,Milwaukee Bucks
6281,Zendon Hamilton,329138.00,2005,2006,CLE,Cleveland Caveliers
11837,Zhou Qi,815615.00,2017,2018,HOU,Houston Rockets
10153,Zoran Dragic,1962103.00,2014,2015,MIA,Miami Heat
10716,Zoran Dragic,2050397.00,2015,2016,BOS,Boston Celtic
5418,Zoran Planinic,980280.00,2003,2004,NJN,Brooklyn Nets
5834,Zoran Planinic,1053720.00,2004,2005,NJN,Brooklyn Nets
6282,Zoran Planinic,1127280.00,2005,2006,NJN,Brooklyn Nets
6657,Zoran Planinic,150000.00,2006,2007,NJN,Brooklyn Nets
2592,Zydrunas Ilgauskas,720000.00,1996,1997,CLE,Cleveland Caveliers
2976,Zydrunas Ilgauskas,828000.00,1997,1998,CLE,Cleveland Caveliers
3700,Zydrunas Ilgauskas,9000000.00,1999,2000,CLE,Cleveland Caveliers
4117,Zydrunas Ilgauskas,10130000.00,2000,2001,CLE,Cleveland Caveliers
4576,Zydrunas Ilgauskas,11250000.00,2001,2002,CLE,Cleveland Caveliers
5006,Zydrunas Ilgauskas,12375000.00,2002,2003,CLE,Cleveland Caveliers
5419,Zydrunas Ilgauskas,13500000.00,2003,2004,CLE,Cleveland Caveliers
5835,Zydrunas Ilgauskas,14625000.00,2004,2005,CLE,Cleveland Caveliers
6283,Zydrunas Ilgauskas,8740000.00,2005,2006,CLE,Cleveland Caveliers
6658,Zydrunas Ilgauskas,9442697.00,2006,2007,CLE,Cleveland Caveliers
7063,Zydrunas Ilgauskas,10142156.00,2007,2008,CLE,Cleveland Caveliers
7485,Zydrunas Ilgauskas,10841615.00,2008,2009,CLE,Cleveland Caveliers
7943,Zydrunas Ilgauskas,11541074.00,2009,2010,WAS,Washington Wizards
